---METADATA---
HTTP_STATUS:200
TIME_TOTAL:3.283850
TIME_CONNECT:0.282958
SIZE_DOWNLOAD:1293
TIMESTAMP:2025-06-27 11:39:12 UTC
TRIGGER:schedule
