---METADATA---
HTTP_STATUS:200
TIME_TOTAL:3.356746
TIME_CONNECT:0.274547
SIZE_DOWNLOAD:1293
TIMESTAMP:2025-06-27 09:40:56 UTC
TRIGGER:schedule
