---METADATA---
HTTP_STATUS:200
TIME_TOTAL:3.270550
TIME_CONNECT:0.241251
SIZE_DOWNLOAD:1306
TIMESTAMP:2025-06-27 17:49:07 UTC
TRIGGER:schedule
