---METADATA---
HTTP_STATUS:200
TIME_TOTAL:3.482187
TIME_CONNECT:0.214200
SIZE_DOWNLOAD:1293
TIMESTAMP:2025-06-27 09:26:18 UTC
TRIGGER:schedule
