---METADATA---
HTTP_STATUS:200
TIME_TOTAL:3.426262
TIME_CONNECT:0.231524
SIZE_DOWNLOAD:1294
TIMESTAMP:2025-06-27 03:48:08 UTC
TRIGGER:schedule
