---METADATA---
HTTP_STATUS:200
TIME_TOTAL:3.514523
TIME_CONNECT:0.247579
SIZE_DOWNLOAD:1294
TIMESTAMP:2025-06-27 03:33:50 UTC
TRIGGER:schedule
