---METADATA---
HTTP_STATUS:200
TIME_TOTAL:1.148374
TIME_CONNECT:0.289848
SIZE_DOWNLOAD:1306
TIMESTAMP:2025-06-27 20:33:42 UTC
TRIGGER:schedule
