---METADATA---
HTTP_STATUS:200
TIME_TOTAL:3.178720
TIME_CONNECT:0.243764
SIZE_DOWNLOAD:1306
TIMESTAMP:2025-06-27 22:46:31 UTC
TRIGGER:schedule
