---METADATA---
HTTP_STATUS:200
TIME_TOTAL:3.429638
TIME_CONNECT:0.270763
SIZE_DOWNLOAD:1306
TIMESTAMP:2025-06-27 14:56:58 UTC
TRIGGER:schedule
