---METADATA---
HTTP_STATUS:200
TIME_TOTAL:3.449533
TIME_CONNECT:0.326290
SIZE_DOWNLOAD:1292
TIMESTAMP:2025-06-27 04:04:49 UTC
TRIGGER:schedule
