---METADATA---
HTTP_STATUS:200
TIME_TOTAL:3.462992
TIME_CONNECT:0.281647
SIZE_DOWNLOAD:1306
TIMESTAMP:2025-06-27 17:20:09 UTC
TRIGGER:schedule
