---METADATA---
HTTP_STATUS:200
TIME_TOTAL:3.620106
TIME_CONNECT:0.247894
SIZE_DOWNLOAD:1306
TIMESTAMP:2025-06-27 18:54:55 UTC
TRIGGER:schedule
