---METADATA---
HTTP_STATUS:200
TIME_TOTAL:3.796131
TIME_CONNECT:0.360895
SIZE_DOWNLOAD:1292
TIMESTAMP:2025-06-27 04:40:38 UTC
TRIGGER:schedule
