---METADATA---
HTTP_STATUS:200
TIME_TOTAL:3.185394
TIME_CONNECT:0.286732
SIZE_DOWNLOAD:1306
TIMESTAMP:2025-06-27 16:17:47 UTC
TRIGGER:schedule
