---METADATA---
HTTP_STATUS:200
TIME_TOTAL:1.061323
TIME_CONNECT:0.291302
SIZE_DOWNLOAD:1306
TIMESTAMP:2025-06-27 05:53:21 UTC
TRIGGER:schedule
