---METADATA---
HTTP_STATUS:200
TIME_TOTAL:3.229368
TIME_CONNECT:0.221492
SIZE_DOWNLOAD:1306
TIMESTAMP:2025-06-27 13:51:40 UTC
TRIGGER:schedule
