---METADATA---
HTTP_STATUS:200
TIME_TOTAL:3.599474
TIME_CONNECT:0.288265
SIZE_DOWNLOAD:1306
TIMESTAMP:2025-06-27 15:14:38 UTC
TRIGGER:schedule
