---METADATA---
HTTP_STATUS:200
TIME_TOTAL:3.303196
TIME_CONNECT:0.271992
SIZE_DOWNLOAD:1130
TIMESTAMP:2025-06-27 05:15:23 UTC
TRIGGER:schedule
