---METADATA---
HTTP_STATUS:200
TIME_TOTAL:3.529265
TIME_CONNECT:0.275706
SIZE_DOWNLOAD:1306
TIMESTAMP:2025-06-27 19:35:46 UTC
TRIGGER:schedule
