---METADATA---
HTTP_STATUS:200
TIME_TOTAL:3.375077
TIME_CONNECT:0.278038
SIZE_DOWNLOAD:1306
TIMESTAMP:2025-06-27 16:56:07 UTC
TRIGGER:schedule
