---METADATA---
HTTP_STATUS:200
TIME_TOTAL:3.477881
TIME_CONNECT:0.246783
SIZE_DOWNLOAD:1292
TIMESTAMP:2025-06-27 05:51:06 UTC
TRIGGER:schedule
