---METADATA---
HTTP_STATUS:200
TIME_TOTAL:3.418766
TIME_CONNECT:0.305053
SIZE_DOWNLOAD:1306
TIMESTAMP:2025-06-27 15:50:07 UTC
TRIGGER:schedule
