---METADATA---
HTTP_STATUS:200
TIME_TOTAL:3.335642
TIME_CONNECT:0.297278
SIZE_DOWNLOAD:1306
TIMESTAMP:2025-06-27 21:40:41 UTC
TRIGGER:schedule
