---METADATA---
HTTP_STATUS:200
TIME_TOTAL:3.281219
TIME_CONNECT:0.251934
SIZE_DOWNLOAD:1306
TIMESTAMP:2025-06-27 23:31:19 UTC
TRIGGER:schedule
