---METADATA---
HTTP_STATUS:200
TIME_TOTAL:3.368289
TIME_CONNECT:0.269408
SIZE_DOWNLOAD:1306
TIMESTAMP:2025-06-27 19:59:18 UTC
TRIGGER:schedule
