---METADATA---
HTTP_STATUS:200
TIME_TOTAL:3.195984
TIME_CONNECT:0.279118
SIZE_DOWNLOAD:1306
TIMESTAMP:2025-06-27 21:56:47 UTC
TRIGGER:schedule
