---METADATA---
HTTP_STATUS:200
TIME_TOTAL:3.586281
TIME_CONNECT:0.241807
SIZE_DOWNLOAD:1293
TIMESTAMP:2025-06-27 11:09:19 UTC
TRIGGER:schedule
