---METADATA---
HTTP_STATUS:200
TIME_TOTAL:3.346125
TIME_CONNECT:0.336572
SIZE_DOWNLOAD:1306
TIMESTAMP:2025-06-27 23:43:16 UTC
TRIGGER:schedule
