---METADATA---
HTTP_STATUS:200
TIME_TOTAL:3.291182
TIME_CONNECT:0.272605
SIZE_DOWNLOAD:1306
TIMESTAMP:2025-06-27 20:44:50 UTC
TRIGGER:schedule
