---METADATA---
HTTP_STATUS:200
TIME_TOTAL:1.168698
TIME_CONNECT:0.273937
SIZE_DOWNLOAD:1306
TIMESTAMP:2025-06-27 21:48:49 UTC
TRIGGER:schedule
