---METADATA---
HTTP_STATUS:200
TIME_TOTAL:3.372337
TIME_CONNECT:0.258337
SIZE_DOWNLOAD:1306
TIMESTAMP:2025-06-27 16:44:42 UTC
TRIGGER:schedule
