---METADATA---
HTTP_STATUS:200
TIME_TOTAL:3.446272
TIME_CONNECT:0.269190
SIZE_DOWNLOAD:1294
TIMESTAMP:2025-06-27 06:21:20 UTC
TRIGGER:schedule
