---METADATA---
HTTP_STATUS:200
TIME_TOTAL:3.555949
TIME_CONNECT:0.312182
SIZE_DOWNLOAD:1306
TIMESTAMP:2025-06-27 21:28:59 UTC
TRIGGER:schedule
