---METADATA---
HTTP_STATUS:200
TIME_TOTAL:3.594987
TIME_CONNECT:0.291289
SIZE_DOWNLOAD:1306
TIMESTAMP:2025-06-27 16:33:19 UTC
TRIGGER:schedule
