---METADATA---
HTTP_STATUS:200
TIME_TOTAL:3.568199
TIME_CONNECT:0.276175
SIZE_DOWNLOAD:1294
TIMESTAMP:2025-06-27 13:33:26 UTC
TRIGGER:schedule
