---METADATA---
HTTP_STATUS:200
TIME_TOTAL:3.553287
TIME_CONNECT:0.294079
SIZE_DOWNLOAD:1306
TIMESTAMP:2025-06-27 22:37:02 UTC
TRIGGER:schedule
