---METADATA---
HTTP_STATUS:200
TIME_TOTAL:3.508013
TIME_CONNECT:0.276203
SIZE_DOWNLOAD:1306
TIMESTAMP:2025-06-27 15:34:01 UTC
TRIGGER:schedule
