---METADATA---
HTTP_STATUS:200
TIME_TOTAL:3.397809
TIME_CONNECT:0.239032
SIZE_DOWNLOAD:1306
TIMESTAMP:2025-06-27 15:45:35 UTC
TRIGGER:schedule
