---METADATA---
HTTP_STATUS:200
TIME_TOTAL:3.618855
TIME_CONNECT:0.277731
SIZE_DOWNLOAD:1292
TIMESTAMP:2025-06-27 04:49:00 UTC
TRIGGER:schedule
