---METADATA---
HTTP_STATUS:200
TIME_TOTAL:3.609630
TIME_CONNECT:0.307649
SIZE_DOWNLOAD:1306
TIMESTAMP:2025-06-27 17:56:43 UTC
TRIGGER:schedule
