---METADATA---
HTTP_STATUS:200
TIME_TOTAL:3.619686
TIME_CONNECT:0.288209
SIZE_DOWNLOAD:1306
TIMESTAMP:2025-06-27 17:32:53 UTC
TRIGGER:schedule
