---METADATA---
HTTP_STATUS:200
TIME_TOTAL:3.765808
TIME_CONNECT:0.321676
SIZE_DOWNLOAD:1290
TIMESTAMP:2025-06-27 05:33:57 UTC
TRIGGER:schedule
