---METADATA---
HTTP_STATUS:200
TIME_TOTAL:3.393960
TIME_CONNECT:0.286334
SIZE_DOWNLOAD:1294
TIMESTAMP:2025-06-27 02:10:58 UTC
TRIGGER:schedule
