---METADATA---
HTTP_STATUS:200
TIME_TOTAL:3.589907
TIME_CONNECT:0.319654
SIZE_DOWNLOAD:1293
TIMESTAMP:2025-06-27 10:44:21 UTC
TRIGGER:schedule
