---METADATA---
HTTP_STATUS:200
TIME_TOTAL:3.327649
TIME_CONNECT:0.239551
SIZE_DOWNLOAD:1292
TIMESTAMP:2025-06-27 01:10:21 UTC
TRIGGER:schedule
