---METADATA---
HTTP_STATUS:200
TIME_TOTAL:3.411978
TIME_CONNECT:0.275282
SIZE_DOWNLOAD:1306
TIMESTAMP:2025-06-27 22:14:28 UTC
TRIGGER:schedule
