---METADATA---
HTTP_STATUS:200
TIME_TOTAL:3.399815
TIME_CONNECT:0.287737
SIZE_DOWNLOAD:1306
TIMESTAMP:2025-06-27 19:23:42 UTC
TRIGGER:schedule
