---METADATA---
HTTP_STATUS:200
TIME_TOTAL:3.234968
TIME_CONNECT:0.226053
SIZE_DOWNLOAD:1293
TIMESTAMP:2025-06-27 11:43:03 UTC
TRIGGER:schedule
