---METADATA---
HTTP_STATUS:200
TIME_TOTAL:3.234837
TIME_CONNECT:0.265291
SIZE_DOWNLOAD:1296
TIMESTAMP:2025-06-27 08:47:17 UTC
TRIGGER:schedule
