---METADATA---
HTTP_STATUS:200
TIME_TOTAL:1.074071
TIME_CONNECT:0.268796
SIZE_DOWNLOAD:1293
TIMESTAMP:2025-06-27 10:54:01 UTC
TRIGGER:schedule
