---METADATA---
HTTP_STATUS:200
TIME_TOTAL:3.371841
TIME_CONNECT:0.217170
SIZE_DOWNLOAD:1293
TIMESTAMP:2025-06-27 10:49:33 UTC
TRIGGER:schedule
