---METADATA---
HTTP_STATUS:200
TIME_TOTAL:3.590981
TIME_CONNECT:0.287449
SIZE_DOWNLOAD:1293
TIMESTAMP:2025-06-27 11:27:52 UTC
TRIGGER:schedule
