---METADATA---
HTTP_STATUS:200
TIME_TOTAL:3.097108
TIME_CONNECT:0.286944
SIZE_DOWNLOAD:1291
TIMESTAMP:2025-06-27 05:00:10 UTC
TRIGGER:schedule
