---METADATA---
HTTP_STATUS:200
TIME_TOTAL:3.359751
TIME_CONNECT:0.271546
SIZE_DOWNLOAD:1306
TIMESTAMP:2025-06-27 14:45:22 UTC
TRIGGER:schedule
