---METADATA---
HTTP_STATUS:200
TIME_TOTAL:3.404444
TIME_CONNECT:0.244094
SIZE_DOWNLOAD:1296
TIMESTAMP:2025-06-27 08:19:19 UTC
TRIGGER:schedule
