---METADATA---
HTTP_STATUS:200
TIME_TOTAL:3.374826
TIME_CONNECT:0.251064
SIZE_DOWNLOAD:1306
TIMESTAMP:2025-06-27 15:57:49 UTC
TRIGGER:schedule
