---METADATA---
HTTP_STATUS:200
TIME_TOTAL:3.488080
TIME_CONNECT:0.272912
SIZE_DOWNLOAD:1296
TIMESTAMP:2025-06-27 08:35:31 UTC
TRIGGER:schedule
