---METADATA---
HTTP_STATUS:200
TIME_TOTAL:1.121868
TIME_CONNECT:0.246587
SIZE_DOWNLOAD:1293
TIMESTAMP:2025-06-27 09:44:44 UTC
TRIGGER:schedule
