---METADATA---
HTTP_STATUS:200
TIME_TOTAL:3.437344
TIME_CONNECT:0.349287
SIZE_DOWNLOAD:1306
TIMESTAMP:2025-06-27 20:29:49 UTC
TRIGGER:schedule
