---METADATA---
HTTP_STATUS:200
TIME_TOTAL:3.359944
TIME_CONNECT:0.343907
SIZE_DOWNLOAD:1306
TIMESTAMP:2025-06-27 20:49:15 UTC
TRIGGER:schedule
