---METADATA---
HTTP_STATUS:200
TIME_TOTAL:3.548845
TIME_CONNECT:0.287243
SIZE_DOWNLOAD:1293
TIMESTAMP:2025-06-27 10:15:22 UTC
TRIGGER:schedule
