---METADATA---
HTTP_STATUS:200
TIME_TOTAL:3.631594
TIME_CONNECT:0.370755
SIZE_DOWNLOAD:1306
TIMESTAMP:2025-06-27 14:51:18 UTC
TRIGGER:schedule
