---METADATA---
HTTP_STATUS:200
TIME_TOTAL:24.330171
TIME_CONNECT:3.340109
SIZE_DOWNLOAD:1293
TIMESTAMP:2025-06-27 07:32:01 UTC
TRIGGER:schedule
