---METADATA---
HTTP_STATUS:200
TIME_TOTAL:3.252125
TIME_CONNECT:0.277462
SIZE_DOWNLOAD:1306
TIMESTAMP:2025-06-27 16:53:07 UTC
TRIGGER:schedule
