---METADATA---
HTTP_STATUS:200
TIME_TOTAL:3.436457
TIME_CONNECT:0.286184
SIZE_DOWNLOAD:1293
TIMESTAMP:2025-06-27 11:12:15 UTC
TRIGGER:schedule
