---METADATA---
HTTP_STATUS:200
TIME_TOTAL:3.548229
TIME_CONNECT:0.273261
SIZE_DOWNLOAD:1293
TIMESTAMP:2025-06-27 11:57:00 UTC
TRIGGER:schedule
