---METADATA---
HTTP_STATUS:200
TIME_TOTAL:3.521895
TIME_CONNECT:0.276540
SIZE_DOWNLOAD:1306
TIMESTAMP:2025-06-27 19:47:28 UTC
TRIGGER:schedule
