---METADATA---
HTTP_STATUS:200
TIME_TOTAL:3.265019
TIME_CONNECT:0.266662
SIZE_DOWNLOAD:1306
TIMESTAMP:2025-06-27 23:48:50 UTC
TRIGGER:schedule
