---METADATA---
HTTP_STATUS:200
TIME_TOTAL:3.442072
TIME_CONNECT:0.338579
SIZE_DOWNLOAD:1292
TIMESTAMP:2025-06-27 04:23:33 UTC
TRIGGER:schedule
