---METADATA---
HTTP_STATUS:200
TIME_TOTAL:3.501256
TIME_CONNECT:0.270285
SIZE_DOWNLOAD:1293
TIMESTAMP:2025-06-27 10:29:54 UTC
TRIGGER:schedule
