---METADATA---
HTTP_STATUS:200
TIME_TOTAL:3.292540
TIME_CONNECT:0.275574
SIZE_DOWNLOAD:1306
TIMESTAMP:2025-06-27 20:15:05 UTC
TRIGGER:schedule
