---METADATA---
HTTP_STATUS:200
TIME_TOTAL:3.415634
TIME_CONNECT:0.265282
SIZE_DOWNLOAD:1306
TIMESTAMP:2025-06-27 23:26:35 UTC
TRIGGER:schedule
