---METADATA---
HTTP_STATUS:200
TIME_TOTAL:3.514520
TIME_CONNECT:0.279306
SIZE_DOWNLOAD:1307
TIMESTAMP:2025-06-27 07:14:40 UTC
TRIGGER:schedule
