---METADATA---
HTTP_STATUS:200
TIME_TOTAL:3.625551
TIME_CONNECT:0.283846
SIZE_DOWNLOAD:1293
TIMESTAMP:2025-06-27 09:57:00 UTC
TRIGGER:schedule
