---METADATA---
HTTP_STATUS:200
TIME_TOTAL:3.400959
TIME_CONNECT:0.371790
SIZE_DOWNLOAD:1306
TIMESTAMP:2025-06-27 23:13:55 UTC
TRIGGER:schedule
