---METADATA---
HTTP_STATUS:200
TIME_TOTAL:3.515460
TIME_CONNECT:0.273943
SIZE_DOWNLOAD:1306
TIMESTAMP:2025-06-27 22:27:18 UTC
TRIGGER:schedule
