---METADATA---
HTTP_STATUS:200
TIME_TOTAL:3.508648
TIME_CONNECT:0.287986
SIZE_DOWNLOAD:1293
TIMESTAMP:2025-06-27 12:28:11 UTC
TRIGGER:schedule
