---METADATA---
HTTP_STATUS:200
TIME_TOTAL:3.390160
TIME_CONNECT:0.274618
SIZE_DOWNLOAD:1306
TIMESTAMP:2025-06-27 14:22:26 UTC
TRIGGER:schedule
