---METADATA---
HTTP_STATUS:200
TIME_TOTAL:3.470083
TIME_CONNECT:0.292506
SIZE_DOWNLOAD:1306
TIMESTAMP:2025-06-27 21:12:08 UTC
TRIGGER:schedule
