---METADATA---
HTTP_STATUS:200
TIME_TOTAL:3.548228
TIME_CONNECT:0.300674
SIZE_DOWNLOAD:1306
TIMESTAMP:2025-06-27 14:13:49 UTC
TRIGGER:schedule
