---METADATA---
HTTP_STATUS:200
TIME_TOTAL:3.381260
TIME_CONNECT:0.267964
SIZE_DOWNLOAD:1306
TIMESTAMP:2025-06-27 19:10:35 UTC
TRIGGER:schedule
