---METADATA---
HTTP_STATUS:200
TIME_TOTAL:3.534623
TIME_CONNECT:0.258514
SIZE_DOWNLOAD:1306
TIMESTAMP:2025-06-27 18:36:36 UTC
TRIGGER:schedule
