---METADATA---
HTTP_STATUS:200
TIME_TOTAL:3.550770
TIME_CONNECT:0.276494
SIZE_DOWNLOAD:1293
TIMESTAMP:2025-06-27 12:54:48 UTC
TRIGGER:schedule
