---METADATA---
HTTP_STATUS:200
TIME_TOTAL:1.036850
TIME_CONNECT:0.279274
SIZE_DOWNLOAD:1306
TIMESTAMP:2025-06-27 19:48:02 UTC
TRIGGER:schedule
