---METADATA---
HTTP_STATUS:200
TIME_TOTAL:3.388233
TIME_CONNECT:0.283105
SIZE_DOWNLOAD:1293
TIMESTAMP:2025-06-27 09:50:32 UTC
TRIGGER:schedule
