---METADATA---
HTTP_STATUS:200
TIME_TOTAL:3.657710
TIME_CONNECT:0.282455
SIZE_DOWNLOAD:1306
TIMESTAMP:2025-06-27 15:28:19 UTC
TRIGGER:schedule
