---METADATA---
HTTP_STATUS:200
TIME_TOTAL:3.295311
TIME_CONNECT:0.275745
SIZE_DOWNLOAD:1306
TIMESTAMP:2025-06-27 22:58:19 UTC
TRIGGER:schedule
