---METADATA---
HTTP_STATUS:200
TIME_TOTAL:3.508630
TIME_CONNECT:0.271759
SIZE_DOWNLOAD:1306
TIMESTAMP:2025-06-27 20:56:58 UTC
TRIGGER:schedule
