---METADATA---
HTTP_STATUS:200
TIME_TOTAL:3.324570
TIME_CONNECT:0.278408
SIZE_DOWNLOAD:1306
TIMESTAMP:2025-06-27 14:35:43 UTC
TRIGGER:schedule
