---METADATA---
HTTP_STATUS:200
TIME_TOTAL:3.753779
TIME_CONNECT:0.274600
SIZE_DOWNLOAD:1294
TIMESTAMP:2025-06-27 06:56:16 UTC
TRIGGER:schedule
