---METADATA---
HTTP_STATUS:200
TIME_TOTAL:3.145991
TIME_CONNECT:0.233826
SIZE_DOWNLOAD:1293
TIMESTAMP:2025-06-27 07:41:37 UTC
TRIGGER:schedule
