---METADATA---
HTTP_STATUS:200
TIME_TOTAL:3.633130
TIME_CONNECT:0.277482
SIZE_DOWNLOAD:1306
TIMESTAMP:2025-06-27 13:53:19 UTC
TRIGGER:schedule
