---METADATA---
HTTP_STATUS:200
TIME_TOTAL:3.519347
TIME_CONNECT:0.278370
SIZE_DOWNLOAD:1293
TIMESTAMP:2025-06-27 08:55:31 UTC
TRIGGER:schedule
