---METADATA---
HTTP_STATUS:200
TIME_TOTAL:3.531397
TIME_CONNECT:0.274091
SIZE_DOWNLOAD:1306
TIMESTAMP:2025-06-27 19:30:27 UTC
TRIGGER:schedule
