---METADATA---
HTTP_STATUS:200
TIME_TOTAL:3.282243
TIME_CONNECT:0.275658
SIZE_DOWNLOAD:1294
TIMESTAMP:2025-06-27 02:56:38 UTC
TRIGGER:schedule
