---METADATA---
HTTP_STATUS:200
TIME_TOTAL:3.302695
TIME_CONNECT:0.278429
SIZE_DOWNLOAD:1294
TIMESTAMP:2025-06-27 06:34:31 UTC
TRIGGER:schedule
