---METADATA---
HTTP_STATUS:200
TIME_TOTAL:3.294717
TIME_CONNECT:0.298238
SIZE_DOWNLOAD:1293
TIMESTAMP:2025-06-27 09:15:10 UTC
TRIGGER:schedule
