---METADATA---
HTTP_STATUS:200
TIME_TOTAL:3.392771
TIME_CONNECT:0.274443
SIZE_DOWNLOAD:1306
TIMESTAMP:2025-06-27 17:43:14 UTC
TRIGGER:schedule
