---METADATA---
HTTP_STATUS:200
TIME_TOTAL:3.438993
TIME_CONNECT:0.311488
SIZE_DOWNLOAD:1306
TIMESTAMP:2025-06-27 17:14:14 UTC
TRIGGER:schedule
