---METADATA---
HTTP_STATUS:200
TIME_TOTAL:3.445189
TIME_CONNECT:0.316891
SIZE_DOWNLOAD:1294
TIMESTAMP:2025-06-27 07:57:01 UTC
TRIGGER:schedule
