---METADATA---
HTTP_STATUS:200
TIME_TOTAL:3.313304
TIME_CONNECT:0.239826
SIZE_DOWNLOAD:1306
TIMESTAMP:2025-06-27 23:57:16 UTC
TRIGGER:schedule
