---METADATA---
HTTP_STATUS:200
TIME_TOTAL:3.355112
TIME_CONNECT:0.267786
SIZE_DOWNLOAD:1306
TIMESTAMP:2025-06-27 21:22:57 UTC
TRIGGER:schedule
