---METADATA---
HTTP_STATUS:200
TIME_TOTAL:3.337621
TIME_CONNECT:0.287076
SIZE_DOWNLOAD:1296
TIMESTAMP:2025-06-27 13:41:40 UTC
TRIGGER:schedule
