---METADATA---
HTTP_STATUS:200
TIME_TOTAL:3.627620
TIME_CONNECT:0.252201
SIZE_DOWNLOAD:1292
TIMESTAMP:2025-06-27 05:43:43 UTC
TRIGGER:schedule
