---METADATA---
HTTP_STATUS:200
TIME_TOTAL:1.017449
TIME_CONNECT:0.293556
SIZE_DOWNLOAD:1293
TIMESTAMP:2025-06-27 11:28:26 UTC
TRIGGER:schedule
