---METADATA---
HTTP_STATUS:200
TIME_TOTAL:3.376971
TIME_CONNECT:0.303742
SIZE_DOWNLOAD:1306
TIMESTAMP:2025-06-27 18:47:53 UTC
TRIGGER:schedule
