---METADATA---
HTTP_STATUS:200
TIME_TOTAL:3.389177
TIME_CONNECT:0.261871
SIZE_DOWNLOAD:1306
TIMESTAMP:2025-06-27 19:16:53 UTC
TRIGGER:schedule
