---METADATA---
HTTP_STATUS:200
TIME_TOTAL:3.475001
TIME_CONNECT:0.285885
SIZE_DOWNLOAD:1294
TIMESTAMP:2025-06-27 06:50:04 UTC
TRIGGER:schedule
