---METADATA---
HTTP_STATUS:200
TIME_TOTAL:3.641006
TIME_CONNECT:0.289578
SIZE_DOWNLOAD:1306
TIMESTAMP:2025-06-27 22:50:50 UTC
TRIGGER:schedule
