---METADATA---
HTTP_STATUS:200
TIME_TOTAL:1.165273
TIME_CONNECT:0.292574
SIZE_DOWNLOAD:1293
TIMESTAMP:2025-06-27 11:48:06 UTC
TRIGGER:schedule
