---METADATA---
HTTP_STATUS:200
TIME_TOTAL:3.231344
TIME_CONNECT:0.258897
SIZE_DOWNLOAD:1306
TIMESTAMP:2025-06-27 18:19:33 UTC
TRIGGER:schedule
