---METADATA---
HTTP_STATUS:200
TIME_TOTAL:3.608281
TIME_CONNECT:0.273701
SIZE_DOWNLOAD:1294
TIMESTAMP:2025-06-27 07:25:45 UTC
TRIGGER:schedule
