---METADATA---
HTTP_STATUS:200
TIME_TOTAL:3.436869
TIME_CONNECT:0.314588
SIZE_DOWNLOAD:1308
TIMESTAMP:2025-06-27 13:07:13 UTC
TRIGGER:schedule
