---METADATA---
HTTP_STATUS:200
TIME_TOTAL:3.319043
TIME_CONNECT:0.279174
SIZE_DOWNLOAD:1293
TIMESTAMP:2025-06-27 07:48:13 UTC
TRIGGER:schedule
