---METADATA---
HTTP_STATUS:200
TIME_TOTAL:0.959594
TIME_CONNECT:0.268752
SIZE_DOWNLOAD:1294
TIMESTAMP:2025-07-08 11:41:44 UTC
TRIGGER:schedule
