---METADATA---
HTTP_STATUS:200
TIME_TOTAL:3.606143
TIME_CONNECT:0.230782
SIZE_DOWNLOAD:1294
TIMESTAMP:2025-07-08 11:29:03 UTC
TRIGGER:schedule
