---METADATA---
HTTP_STATUS:200
TIME_TOTAL:3.332480
TIME_CONNECT:0.285588
SIZE_DOWNLOAD:1307
TIMESTAMP:2025-07-08 10:54:43 UTC
TRIGGER:schedule
