---METADATA---
HTTP_STATUS:200
TIME_TOTAL:3.446389
TIME_CONNECT:0.281575
SIZE_DOWNLOAD:1294
TIMESTAMP:2025-07-08 19:48:10 UTC
TRIGGER:schedule
