---METADATA---
HTTP_STATUS:200
TIME_TOTAL:3.389791
TIME_CONNECT:0.288489
SIZE_DOWNLOAD:1294
TIMESTAMP:2025-07-08 18:49:53 UTC
TRIGGER:schedule
