---METADATA---
HTTP_STATUS:200
TIME_TOTAL:3.564647
TIME_CONNECT:0.296292
SIZE_DOWNLOAD:1296
TIMESTAMP:2025-07-08 09:42:20 UTC
TRIGGER:schedule
