---METADATA---
HTTP_STATUS:200
TIME_TOTAL:3.287927
TIME_CONNECT:0.253325
SIZE_DOWNLOAD:1309
TIMESTAMP:2025-07-08 04:24:57 UTC
TRIGGER:schedule
