---METADATA---
HTTP_STATUS:200
TIME_TOTAL:3.356053
TIME_CONNECT:0.268284
SIZE_DOWNLOAD:1294
TIMESTAMP:2025-07-08 11:49:36 UTC
TRIGGER:schedule
