---METADATA---
HTTP_STATUS:200
TIME_TOTAL:3.468225
TIME_CONNECT:0.293257
SIZE_DOWNLOAD:1294
TIMESTAMP:2025-07-08 11:25:17 UTC
TRIGGER:schedule
