---METADATA---
HTTP_STATUS:200
TIME_TOTAL:3.397423
TIME_CONNECT:0.295614
SIZE_DOWNLOAD:1307
TIMESTAMP:2025-07-08 08:36:25 UTC
TRIGGER:schedule
