---METADATA---
HTTP_STATUS:200
TIME_TOTAL:6.967019
TIME_CONNECT:2.516319
SIZE_DOWNLOAD:1309
TIMESTAMP:2025-07-08 13:59:25 UTC
TRIGGER:schedule
