---METADATA---
HTTP_STATUS:200
TIME_TOTAL:3.366400
TIME_CONNECT:0.303738
SIZE_DOWNLOAD:1294
TIMESTAMP:2025-07-08 20:52:33 UTC
TRIGGER:schedule
