---METADATA---
HTTP_STATUS:200
TIME_TOTAL:3.187808
TIME_CONNECT:0.240673
SIZE_DOWNLOAD:1294
TIMESTAMP:2025-07-08 16:31:01 UTC
TRIGGER:schedule
