---METADATA---
HTTP_STATUS:200
TIME_TOTAL:3.591042
TIME_CONNECT:0.295777
SIZE_DOWNLOAD:1306
TIMESTAMP:2025-07-08 11:12:59 UTC
TRIGGER:schedule
