---METADATA---
HTTP_STATUS:200
TIME_TOTAL:3.532289
TIME_CONNECT:0.288892
SIZE_DOWNLOAD:1294
TIMESTAMP:2025-07-08 22:35:59 UTC
TRIGGER:schedule
