---METADATA---
HTTP_STATUS:200
TIME_TOTAL:3.296734
TIME_CONNECT:0.268911
SIZE_DOWNLOAD:1294
TIMESTAMP:2025-07-08 19:39:52 UTC
TRIGGER:schedule
