---METADATA---
HTTP_STATUS:200
TIME_TOTAL:3.340085
TIME_CONNECT:0.286847
SIZE_DOWNLOAD:1294
TIMESTAMP:2025-07-08 18:20:04 UTC
TRIGGER:schedule
