---METADATA---
HTTP_STATUS:200
TIME_TOTAL:3.286500
TIME_CONNECT:0.239525
SIZE_DOWNLOAD:1294
TIMESTAMP:2025-07-08 20:15:57 UTC
TRIGGER:schedule
