---METADATA---
HTTP_STATUS:200
TIME_TOTAL:3.578993
TIME_CONNECT:0.283133
SIZE_DOWNLOAD:1294
TIMESTAMP:2025-07-08 19:52:01 UTC
TRIGGER:schedule
