---METADATA---
HTTP_STATUS:200
TIME_TOTAL:3.284313
TIME_CONNECT:0.297787
SIZE_DOWNLOAD:1294
TIMESTAMP:2025-07-08 21:43:04 UTC
TRIGGER:schedule
