---METADATA---
HTTP_STATUS:200
TIME_TOTAL:3.629758
TIME_CONNECT:0.300281
SIZE_DOWNLOAD:1307
TIMESTAMP:2025-07-08 06:57:13 UTC
TRIGGER:schedule
