---METADATA---
HTTP_STATUS:200
TIME_TOTAL:3.406145
TIME_CONNECT:0.309190
SIZE_DOWNLOAD:1294
TIMESTAMP:2025-07-08 14:29:47 UTC
TRIGGER:schedule
