---METADATA---
HTTP_STATUS:200
TIME_TOTAL:3.447006
TIME_CONNECT:0.288214
SIZE_DOWNLOAD:1294
TIMESTAMP:2025-07-08 21:31:14 UTC
TRIGGER:schedule
