---METADATA---
HTTP_STATUS:200
TIME_TOTAL:1.044110
TIME_CONNECT:0.267745
SIZE_DOWNLOAD:1296
TIMESTAMP:2025-07-08 07:44:32 UTC
TRIGGER:schedule
