---METADATA---
HTTP_STATUS:200
TIME_TOTAL:3.221401
TIME_CONNECT:0.302956
SIZE_DOWNLOAD:1307
TIMESTAMP:2025-07-08 03:50:25 UTC
TRIGGER:schedule
