---METADATA---
HTTP_STATUS:200
TIME_TOTAL:3.373219
TIME_CONNECT:0.332292
SIZE_DOWNLOAD:1294
TIMESTAMP:2025-07-08 18:57:06 UTC
TRIGGER:schedule
