---METADATA---
HTTP_STATUS:200
TIME_TOTAL:3.198808
TIME_CONNECT:0.242845
SIZE_DOWNLOAD:1294
TIMESTAMP:2025-07-08 17:13:33 UTC
TRIGGER:schedule
