---METADATA---
HTTP_STATUS:200
TIME_TOTAL:3.233580
TIME_CONNECT:0.220650
SIZE_DOWNLOAD:1294
TIMESTAMP:2025-07-08 19:11:19 UTC
TRIGGER:schedule
