---METADATA---
HTTP_STATUS:200
TIME_TOTAL:3.356065
TIME_CONNECT:0.291152
SIZE_DOWNLOAD:1294
TIMESTAMP:2025-07-08 14:49:51 UTC
TRIGGER:schedule
