---METADATA---
HTTP_STATUS:200
TIME_TOTAL:3.481735
TIME_CONNECT:0.308464
SIZE_DOWNLOAD:1294
TIMESTAMP:2025-07-08 16:48:08 UTC
TRIGGER:schedule
