---METADATA---
HTTP_STATUS:200
TIME_TOTAL:3.744898
TIME_CONNECT:0.294104
SIZE_DOWNLOAD:1294
TIMESTAMP:2025-07-08 19:21:41 UTC
TRIGGER:schedule
