---METADATA---
HTTP_STATUS:200
TIME_TOTAL:3.328472
TIME_CONNECT:0.252533
SIZE_DOWNLOAD:1307
TIMESTAMP:2025-07-08 02:57:28 UTC
TRIGGER:schedule
