---METADATA---
HTTP_STATUS:200
TIME_TOTAL:3.418540
TIME_CONNECT:0.276110
SIZE_DOWNLOAD:1294
TIMESTAMP:2025-07-08 17:22:24 UTC
TRIGGER:schedule
