---METADATA---
HTTP_STATUS:200
TIME_TOTAL:3.335112
TIME_CONNECT:0.286817
SIZE_DOWNLOAD:1294
TIMESTAMP:2025-07-08 16:55:38 UTC
TRIGGER:schedule
