---METADATA---
HTTP_STATUS:200
TIME_TOTAL:3.390215
TIME_CONNECT:0.229870
SIZE_DOWNLOAD:1294
TIMESTAMP:2025-07-08 15:52:46 UTC
TRIGGER:schedule
