---METADATA---
HTTP_STATUS:200
TIME_TOTAL:3.347834
TIME_CONNECT:0.303222
SIZE_DOWNLOAD:1294
TIMESTAMP:2025-07-08 19:36:51 UTC
TRIGGER:schedule
