---METADATA---
HTTP_STATUS:200
TIME_TOTAL:3.366312
TIME_CONNECT:0.248490
SIZE_DOWNLOAD:1307
TIMESTAMP:2025-07-08 13:46:42 UTC
TRIGGER:schedule
