---METADATA---
HTTP_STATUS:200
TIME_TOTAL:3.396275
TIME_CONNECT:0.272008
SIZE_DOWNLOAD:1304
TIMESTAMP:2025-07-08 07:27:05 UTC
TRIGGER:schedule
