---METADATA---
HTTP_STATUS:200
TIME_TOTAL:3.375416
TIME_CONNECT:0.279365
SIZE_DOWNLOAD:1294
TIMESTAMP:2025-07-08 15:38:54 UTC
TRIGGER:schedule
