---METADATA---
HTTP_STATUS:200
TIME_TOTAL:3.508410
TIME_CONNECT:0.275406
SIZE_DOWNLOAD:1298
TIMESTAMP:2025-07-08 05:34:49 UTC
TRIGGER:schedule
