---METADATA---
HTTP_STATUS:200
TIME_TOTAL:3.325872
TIME_CONNECT:0.287524
SIZE_DOWNLOAD:1294
TIMESTAMP:2025-07-08 23:31:36 UTC
TRIGGER:schedule
