---METADATA---
HTTP_STATUS:200
TIME_TOTAL:3.292990
TIME_CONNECT:0.284087
SIZE_DOWNLOAD:1294
TIMESTAMP:2025-07-08 17:57:02 UTC
TRIGGER:schedule
