---METADATA---
HTTP_STATUS:200
TIME_TOTAL:3.572100
TIME_CONNECT:0.292959
SIZE_DOWNLOAD:1307
TIMESTAMP:2025-07-08 12:29:34 UTC
TRIGGER:schedule
