---METADATA---
HTTP_STATUS:200
TIME_TOTAL:3.310664
TIME_CONNECT:0.242304
SIZE_DOWNLOAD:1294
TIMESTAMP:2025-07-08 21:48:59 UTC
TRIGGER:schedule
