---METADATA---
HTTP_STATUS:200
TIME_TOTAL:3.313184
TIME_CONNECT:0.278090
SIZE_DOWNLOAD:1294
TIMESTAMP:2025-07-08 14:52:58 UTC
TRIGGER:schedule
