---METADATA---
HTTP_STATUS:200
TIME_TOTAL:3.277035
TIME_CONNECT:0.253499
SIZE_DOWNLOAD:1309
TIMESTAMP:2025-07-08 04:42:40 UTC
TRIGGER:schedule
