---METADATA---
HTTP_STATUS:200
TIME_TOTAL:3.360109
TIME_CONNECT:0.242528
SIZE_DOWNLOAD:1296
TIMESTAMP:2025-07-08 08:57:29 UTC
TRIGGER:schedule
