---METADATA---
HTTP_STATUS:200
TIME_TOTAL:3.329710
TIME_CONNECT:0.282173
SIZE_DOWNLOAD:1294
TIMESTAMP:2025-07-08 15:15:09 UTC
TRIGGER:schedule
