---METADATA---
HTTP_STATUS:200
TIME_TOTAL:3.254126
TIME_CONNECT:0.276949
SIZE_DOWNLOAD:1294
TIMESTAMP:2025-07-08 22:26:57 UTC
TRIGGER:schedule
