---METADATA---
HTTP_STATUS:200
TIME_TOTAL:3.421762
TIME_CONNECT:0.270059
SIZE_DOWNLOAD:1292
TIMESTAMP:2025-07-08 08:20:03 UTC
TRIGGER:schedule
