---METADATA---
HTTP_STATUS:200
TIME_TOTAL:3.296438
TIME_CONNECT:0.274480
SIZE_DOWNLOAD:1294
TIMESTAMP:2025-07-08 18:38:28 UTC
TRIGGER:schedule
