---METADATA---
HTTP_STATUS:200
TIME_TOTAL:3.261639
TIME_CONNECT:0.223362
SIZE_DOWNLOAD:1294
TIMESTAMP:2025-07-08 17:34:23 UTC
TRIGGER:schedule
