---METADATA---
HTTP_STATUS:200
TIME_TOTAL:3.275510
TIME_CONNECT:0.236799
SIZE_DOWNLOAD:1290
TIMESTAMP:2025-07-08 07:15:08 UTC
TRIGGER:schedule
