---METADATA---
HTTP_STATUS:200
TIME_TOTAL:3.322372
TIME_CONNECT:0.230338
SIZE_DOWNLOAD:1294
TIMESTAMP:2025-07-08 16:18:19 UTC
TRIGGER:schedule
