---METADATA---
HTTP_STATUS:200
TIME_TOTAL:3.208518
TIME_CONNECT:0.245066
SIZE_DOWNLOAD:1294
TIMESTAMP:2025-07-08 21:13:30 UTC
TRIGGER:schedule
