---METADATA---
HTTP_STATUS:200
TIME_TOTAL:1.109095
TIME_CONNECT:0.240087
SIZE_DOWNLOAD:1294
TIMESTAMP:2025-07-08 19:26:15 UTC
TRIGGER:schedule
