---METADATA---
HTTP_STATUS:200
TIME_TOTAL:3.471723
TIME_CONNECT:0.304022
SIZE_DOWNLOAD:1294
TIMESTAMP:2025-07-08 23:43:40 UTC
TRIGGER:schedule
