---METADATA---
HTTP_STATUS:200
TIME_TOTAL:3.393379
TIME_CONNECT:0.263809
SIZE_DOWNLOAD:1296
TIMESTAMP:2025-07-08 10:59:52 UTC
TRIGGER:schedule
