---METADATA---
HTTP_STATUS:200
TIME_TOTAL:3.199559
TIME_CONNECT:0.269747
SIZE_DOWNLOAD:1294
TIMESTAMP:2025-07-08 21:57:01 UTC
TRIGGER:schedule
