---METADATA---
HTTP_STATUS:200
TIME_TOTAL:3.556645
TIME_CONNECT:0.288158
SIZE_DOWNLOAD:1294
TIMESTAMP:2025-07-08 15:51:21 UTC
TRIGGER:schedule
