---METADATA---
HTTP_STATUS:200
TIME_TOTAL:1.198580
TIME_CONNECT:0.299392
SIZE_DOWNLOAD:1305
TIMESTAMP:2025-07-08 07:49:43 UTC
TRIGGER:schedule
