---METADATA---
HTTP_STATUS:200
TIME_TOTAL:1.017825
TIME_CONNECT:0.276508
SIZE_DOWNLOAD:1309
TIMESTAMP:2025-07-08 05:52:41 UTC
TRIGGER:schedule
