---METADATA---
HTTP_STATUS:200
TIME_TOTAL:3.564586
TIME_CONNECT:0.254806
SIZE_DOWNLOAD:1309
TIMESTAMP:2025-07-08 10:25:57 UTC
TRIGGER:schedule
