---METADATA---
HTTP_STATUS:200
TIME_TOTAL:3.300999
TIME_CONNECT:0.238746
SIZE_DOWNLOAD:1294
TIMESTAMP:2025-07-08 22:14:03 UTC
TRIGGER:schedule
