---METADATA---
HTTP_STATUS:200
TIME_TOTAL:3.484271
TIME_CONNECT:0.318094
SIZE_DOWNLOAD:1309
TIMESTAMP:2025-07-08 06:21:22 UTC
TRIGGER:schedule
