---METADATA---
HTTP_STATUS:200
TIME_TOTAL:3.411244
TIME_CONNECT:0.271048
SIZE_DOWNLOAD:1307
TIMESTAMP:2025-07-08 02:15:00 UTC
TRIGGER:schedule
