---METADATA---
HTTP_STATUS:200
TIME_TOTAL:3.344376
TIME_CONNECT:0.235985
SIZE_DOWNLOAD:1307
TIMESTAMP:2025-07-08 13:09:32 UTC
TRIGGER:schedule
