---METADATA---
HTTP_STATUS:200
TIME_TOTAL:3.476423
TIME_CONNECT:0.272425
SIZE_DOWNLOAD:1294
TIMESTAMP:2025-07-08 09:16:40 UTC
TRIGGER:schedule
