---METADATA---
HTTP_STATUS:200
TIME_TOTAL:3.641569
TIME_CONNECT:0.278517
SIZE_DOWNLOAD:1307
TIMESTAMP:2025-07-08 10:44:36 UTC
TRIGGER:schedule
