---METADATA---
HTTP_STATUS:200
TIME_TOTAL:3.301726
TIME_CONNECT:0.232680
SIZE_DOWNLOAD:1307
TIMESTAMP:2025-07-08 07:56:49 UTC
TRIGGER:schedule
