---METADATA---
HTTP_STATUS:200
TIME_TOTAL:3.333421
TIME_CONNECT:0.303478
SIZE_DOWNLOAD:1302
TIMESTAMP:2025-07-08 05:15:46 UTC
TRIGGER:schedule
