---METADATA---
HTTP_STATUS:200
TIME_TOTAL:0.998063
TIME_CONNECT:0.266888
SIZE_DOWNLOAD:1294
TIMESTAMP:2025-07-08 09:52:52 UTC
TRIGGER:schedule
