---METADATA---
HTTP_STATUS:200
TIME_TOTAL:3.409004
TIME_CONNECT:0.284438
SIZE_DOWNLOAD:1296
TIMESTAMP:2025-07-08 07:40:09 UTC
TRIGGER:schedule
