---METADATA---
HTTP_STATUS:200
TIME_TOTAL:3.478397
TIME_CONNECT:0.321156
SIZE_DOWNLOAD:1294
TIMESTAMP:2025-07-08 20:26:32 UTC
TRIGGER:schedule
