---METADATA---
HTTP_STATUS:200
TIME_TOTAL:3.402176
TIME_CONNECT:0.238507
SIZE_DOWNLOAD:1294
TIMESTAMP:2025-07-08 17:45:04 UTC
TRIGGER:schedule
