---METADATA---
HTTP_STATUS:200
TIME_TOTAL:3.250849
TIME_CONNECT:0.276814
SIZE_DOWNLOAD:1307
TIMESTAMP:2025-07-08 12:56:26 UTC
TRIGGER:schedule
