---METADATA---
HTTP_STATUS:200
TIME_TOTAL:3.407475
TIME_CONNECT:0.276242
SIZE_DOWNLOAD:1294
TIMESTAMP:2025-07-08 11:41:33 UTC
TRIGGER:schedule
