---METADATA---
HTTP_STATUS:200
TIME_TOTAL:3.641916
TIME_CONNECT:0.309464
SIZE_DOWNLOAD:1294
TIMESTAMP:2025-07-08 21:26:13 UTC
TRIGGER:schedule
