---METADATA---
HTTP_STATUS:200
TIME_TOTAL:3.316012
TIME_CONNECT:0.280425
SIZE_DOWNLOAD:1294
TIMESTAMP:2025-07-08 23:49:21 UTC
TRIGGER:schedule
