---METADATA---
HTTP_STATUS:200
TIME_TOTAL:3.502230
TIME_CONNECT:0.238490
SIZE_DOWNLOAD:1307
TIMESTAMP:2025-07-08 11:56:48 UTC
TRIGGER:schedule
