---METADATA---
HTTP_STATUS:200
TIME_TOTAL:3.256820
TIME_CONNECT:0.236927
SIZE_DOWNLOAD:1294
TIMESTAMP:2025-07-08 20:45:48 UTC
TRIGGER:schedule
