---METADATA---
HTTP_STATUS:200
TIME_TOTAL:3.258295
TIME_CONNECT:0.284625
SIZE_DOWNLOAD:1309
TIMESTAMP:2025-07-08 04:06:03 UTC
TRIGGER:schedule
