---METADATA---
HTTP_STATUS:200
TIME_TOTAL:3.180716
TIME_CONNECT:0.233151
SIZE_DOWNLOAD:1307
TIMESTAMP:2025-07-08 03:34:42 UTC
TRIGGER:schedule
