---METADATA---
HTTP_STATUS:200
TIME_TOTAL:3.248945
TIME_CONNECT:0.238101
SIZE_DOWNLOAD:1294
TIMESTAMP:2025-07-08 22:58:08 UTC
TRIGGER:schedule
