---METADATA---
HTTP_STATUS:200
TIME_TOTAL:3.470491
TIME_CONNECT:0.239360
SIZE_DOWNLOAD:1307
TIMESTAMP:2025-07-08 01:10:43 UTC
TRIGGER:schedule
