---METADATA---
HTTP_STATUS:200
TIME_TOTAL:3.460578
TIME_CONNECT:0.281563
SIZE_DOWNLOAD:1294
TIMESTAMP:2025-07-08 14:37:11 UTC
TRIGGER:schedule
