---METADATA---
HTTP_STATUS:200
TIME_TOTAL:1.170476
TIME_CONNECT:0.289167
SIZE_DOWNLOAD:1298
TIMESTAMP:2025-07-08 10:47:59 UTC
TRIGGER:schedule
