---METADATA---
HTTP_STATUS:200
TIME_TOTAL:3.782031
TIME_CONNECT:0.326619
SIZE_DOWNLOAD:1294
TIMESTAMP:2025-07-08 04:49:13 UTC
TRIGGER:schedule
