---METADATA---
HTTP_STATUS:200
TIME_TOTAL:3.419903
TIME_CONNECT:0.251940
SIZE_DOWNLOAD:1292
TIMESTAMP:2025-07-08 06:50:43 UTC
TRIGGER:schedule
