---METADATA---
HTTP_STATUS:200
TIME_TOTAL:3.410424
TIME_CONNECT:0.266416
SIZE_DOWNLOAD:1294
TIMESTAMP:2025-07-08 17:50:31 UTC
TRIGGER:schedule
