---METADATA---
HTTP_STATUS:200
TIME_TOTAL:3.624893
TIME_CONNECT:0.287619
SIZE_DOWNLOAD:1296
TIMESTAMP:2025-07-08 06:35:32 UTC
TRIGGER:schedule
