---METADATA---
HTTP_STATUS:200
TIME_TOTAL:3.259568
TIME_CONNECT:0.299408
SIZE_DOWNLOAD:1294
TIMESTAMP:2025-07-08 20:57:39 UTC
TRIGGER:schedule
