---METADATA---
HTTP_STATUS:200
TIME_TOTAL:3.523845
TIME_CONNECT:0.279121
SIZE_DOWNLOAD:1294
TIMESTAMP:2025-07-08 15:35:59 UTC
TRIGGER:schedule
