---METADATA---
HTTP_STATUS:200
TIME_TOTAL:3.463356
TIME_CONNECT:0.279076
SIZE_DOWNLOAD:1309
TIMESTAMP:2025-07-08 13:40:19 UTC
TRIGGER:schedule
