---METADATA---
HTTP_STATUS:200
TIME_TOTAL:3.505681
TIME_CONNECT:0.276948
SIZE_DOWNLOAD:1294
TIMESTAMP:2025-07-08 22:51:15 UTC
TRIGGER:schedule
