---METADATA---
HTTP_STATUS:200
TIME_TOTAL:3.456315
TIME_CONNECT:0.268080
SIZE_DOWNLOAD:1294
TIMESTAMP:2025-07-08 09:51:22 UTC
TRIGGER:schedule
