---METADATA---
HTTP_STATUS:200
TIME_TOTAL:3.227109
TIME_CONNECT:0.271306
SIZE_DOWNLOAD:1294
TIMESTAMP:2025-07-08 23:26:42 UTC
TRIGGER:schedule
