---METADATA---
HTTP_STATUS:200
TIME_TOTAL:3.496973
TIME_CONNECT:0.245429
SIZE_DOWNLOAD:1294
TIMESTAMP:2025-07-08 22:46:21 UTC
TRIGGER:schedule
