---METADATA---
HTTP_STATUS:200
TIME_TOTAL:3.431628
TIME_CONNECT:0.274326
SIZE_DOWNLOAD:1309
TIMESTAMP:2025-07-08 05:51:04 UTC
TRIGGER:schedule
