---METADATA---
HTTP_STATUS:200
TIME_TOTAL:3.561041
TIME_CONNECT:0.237544
SIZE_DOWNLOAD:1294
TIMESTAMP:2025-07-08 23:57:09 UTC
TRIGGER:schedule
