---METADATA---
HTTP_STATUS:200
TIME_TOTAL:3.425201
TIME_CONNECT:0.279701
SIZE_DOWNLOAD:1294
TIMESTAMP:2025-07-08 20:41:36 UTC
TRIGGER:schedule
