---METADATA---
HTTP_STATUS:200
TIME_TOTAL:3.369698
TIME_CONNECT:0.274662
SIZE_DOWNLOAD:1298
TIMESTAMP:2025-07-08 08:48:19 UTC
TRIGGER:schedule
