---METADATA---
HTTP_STATUS:200
TIME_TOTAL:3.517726
TIME_CONNECT:0.271324
SIZE_DOWNLOAD:1311
TIMESTAMP:2025-07-08 09:30:36 UTC
TRIGGER:schedule
