---METADATA---
HTTP_STATUS:200
TIME_TOTAL:3.480666
TIME_CONNECT:0.271871
SIZE_DOWNLOAD:1294
TIMESTAMP:2025-07-08 14:13:49 UTC
TRIGGER:schedule
