---METADATA---
HTTP_STATUS:200
TIME_TOTAL:3.677850
TIME_CONNECT:0.279900
SIZE_DOWNLOAD:1296
TIMESTAMP:2025-07-08 10:15:31 UTC
TRIGGER:schedule
