---METADATA---
HTTP_STATUS:200
TIME_TOTAL:3.472130
TIME_CONNECT:0.287412
SIZE_DOWNLOAD:1294
TIMESTAMP:2025-07-08 05:43:17 UTC
TRIGGER:schedule
