---METADATA---
HTTP_STATUS:200
TIME_TOTAL:3.604822
TIME_CONNECT:0.290072
SIZE_DOWNLOAD:1294
TIMESTAMP:2025-07-08 15:11:38 UTC
TRIGGER:schedule
