---METADATA---
HTTP_STATUS:200
TIME_TOTAL:3.545093
TIME_CONNECT:0.287385
SIZE_DOWNLOAD:1294
TIMESTAMP:2025-07-24 17:28:14 UTC
TRIGGER:schedule
