---METADATA---
HTTP_STATUS:200
TIME_TOTAL:3.555963
TIME_CONNECT:0.233002
SIZE_DOWNLOAD:1307
TIMESTAMP:2025-07-24 05:47:52 UTC
TRIGGER:schedule
