---METADATA---
HTTP_STATUS:200
TIME_TOTAL:3.475551
TIME_CONNECT:0.222395
SIZE_DOWNLOAD:1292
TIMESTAMP:2025-07-24 12:31:06 UTC
TRIGGER:schedule
