---METADATA---
HTTP_STATUS:200
TIME_TOTAL:3.701489
TIME_CONNECT:0.275929
SIZE_DOWNLOAD:1307
TIMESTAMP:2025-07-24 07:42:30 UTC
TRIGGER:schedule
