---METADATA---
HTTP_STATUS:200
TIME_TOTAL:3.458402
TIME_CONNECT:0.244106
SIZE_DOWNLOAD:1294
TIMESTAMP:2025-07-24 16:17:08 UTC
TRIGGER:schedule
