---METADATA---
HTTP_STATUS:200
TIME_TOTAL:3.537568
TIME_CONNECT:0.234570
SIZE_DOWNLOAD:1294
TIMESTAMP:2025-07-24 22:52:13 UTC
TRIGGER:schedule
