---METADATA---
HTTP_STATUS:200
TIME_TOTAL:3.311242
TIME_CONNECT:0.236084
SIZE_DOWNLOAD:1294
TIMESTAMP:2025-07-24 00:59:37 UTC
TRIGGER:schedule
