---METADATA---
HTTP_STATUS:200
TIME_TOTAL:4.070823
TIME_CONNECT:0.333788
SIZE_DOWNLOAD:1294
TIMESTAMP:2025-07-24 15:46:17 UTC
TRIGGER:schedule
