---METADATA---
HTTP_STATUS:200
TIME_TOTAL:3.474519
TIME_CONNECT:0.260772
SIZE_DOWNLOAD:1294
TIMESTAMP:2025-07-24 23:43:18 UTC
TRIGGER:schedule
