---METADATA---
HTTP_STATUS:200
TIME_TOTAL:3.724911
TIME_CONNECT:0.291586
SIZE_DOWNLOAD:1311
TIMESTAMP:2025-07-24 10:51:24 UTC
TRIGGER:schedule
