---METADATA---
HTTP_STATUS:200
TIME_TOTAL:3.528454
TIME_CONNECT:0.239650
SIZE_DOWNLOAD:1294
TIMESTAMP:2025-07-24 16:48:41 UTC
TRIGGER:schedule
