---METADATA---
HTTP_STATUS:200
TIME_TOTAL:3.454205
TIME_CONNECT:0.214870
SIZE_DOWNLOAD:1294
TIMESTAMP:2025-07-24 01:14:02 UTC
TRIGGER:schedule
