---METADATA---
HTTP_STATUS:200
TIME_TOTAL:1.109656
TIME_CONNECT:0.287586
SIZE_DOWNLOAD:1294
TIMESTAMP:2025-07-24 19:29:35 UTC
TRIGGER:schedule
