---METADATA---
HTTP_STATUS:200
TIME_TOTAL:3.734956
TIME_CONNECT:0.262316
SIZE_DOWNLOAD:1294
TIMESTAMP:2025-07-24 15:58:43 UTC
TRIGGER:schedule
