---METADATA---
HTTP_STATUS:200
TIME_TOTAL:3.525510
TIME_CONNECT:0.283394
SIZE_DOWNLOAD:1294
TIMESTAMP:2025-07-24 21:47:19 UTC
TRIGGER:schedule
