---METADATA---
HTTP_STATUS:200
TIME_TOTAL:3.291886
TIME_CONNECT:0.298449
SIZE_DOWNLOAD:1294
TIMESTAMP:2025-07-24 17:51:29 UTC
TRIGGER:schedule
