---METADATA---
HTTP_STATUS:200
TIME_TOTAL:3.687309
TIME_CONNECT:0.263348
SIZE_DOWNLOAD:1307
TIMESTAMP:2025-07-24 06:22:34 UTC
TRIGGER:schedule
