---METADATA---
HTTP_STATUS:200
TIME_TOTAL:3.550030
TIME_CONNECT:0.270100
SIZE_DOWNLOAD:1311
TIMESTAMP:2025-07-24 09:19:25 UTC
TRIGGER:schedule
