---METADATA---
HTTP_STATUS:200
TIME_TOTAL:3.668041
TIME_CONNECT:0.306953
SIZE_DOWNLOAD:1294
TIMESTAMP:2025-07-24 19:41:46 UTC
TRIGGER:schedule
