---METADATA---
HTTP_STATUS:200
TIME_TOTAL:0.999858
TIME_CONNECT:0.238075
SIZE_DOWNLOAD:1294
TIMESTAMP:2025-07-24 21:33:24 UTC
TRIGGER:schedule
