---METADATA---
HTTP_STATUS:200
TIME_TOTAL:3.399469
TIME_CONNECT:0.267850
SIZE_DOWNLOAD:1294
TIMESTAMP:2025-07-24 22:39:45 UTC
TRIGGER:schedule
