---METADATA---
HTTP_STATUS:200
TIME_TOTAL:3.610704
TIME_CONNECT:0.269327
SIZE_DOWNLOAD:1296
TIMESTAMP:2025-07-24 04:06:38 UTC
TRIGGER:schedule
