---METADATA---
HTTP_STATUS:200
TIME_TOTAL:3.572370
TIME_CONNECT:0.232369
SIZE_DOWNLOAD:1294
TIMESTAMP:2025-07-24 13:24:49 UTC
TRIGGER:schedule
