---METADATA---
HTTP_STATUS:200
TIME_TOTAL:3.582483
TIME_CONNECT:0.267727
SIZE_DOWNLOAD:1294
TIMESTAMP:2025-07-24 14:37:11 UTC
TRIGGER:schedule
