---METADATA---
HTTP_STATUS:200
TIME_TOTAL:3.431121
TIME_CONNECT:0.282430
SIZE_DOWNLOAD:1294
TIMESTAMP:2025-07-24 17:38:24 UTC
TRIGGER:schedule
