---METADATA---
HTTP_STATUS:200
TIME_TOTAL:3.495833
TIME_CONNECT:0.247293
SIZE_DOWNLOAD:1294
TIMESTAMP:2025-07-24 20:15:14 UTC
TRIGGER:schedule
