---METADATA---
HTTP_STATUS:200
TIME_TOTAL:3.510096
TIME_CONNECT:0.275954
SIZE_DOWNLOAD:1294
TIMESTAMP:2025-07-24 19:01:40 UTC
TRIGGER:schedule
