---METADATA---
HTTP_STATUS:200
TIME_TOTAL:3.467125
TIME_CONNECT:0.266493
SIZE_DOWNLOAD:1294
TIMESTAMP:2025-07-24 23:50:35 UTC
TRIGGER:schedule
