---METADATA---
HTTP_STATUS:200
TIME_TOTAL:3.576826
TIME_CONNECT:0.244502
SIZE_DOWNLOAD:1311
TIMESTAMP:2025-07-24 11:31:03 UTC
TRIGGER:schedule
