---METADATA---
HTTP_STATUS:200
TIME_TOTAL:3.443153
TIME_CONNECT:0.277020
SIZE_DOWNLOAD:1307
TIMESTAMP:2025-07-24 04:51:14 UTC
TRIGGER:schedule
