---METADATA---
HTTP_STATUS:200
TIME_TOTAL:3.382290
TIME_CONNECT:0.265107
SIZE_DOWNLOAD:1294
TIMESTAMP:2025-07-24 18:51:58 UTC
TRIGGER:schedule
