---METADATA---
HTTP_STATUS:200
TIME_TOTAL:3.548812
TIME_CONNECT:0.283908
SIZE_DOWNLOAD:1294
TIMESTAMP:2025-07-24 17:48:23 UTC
TRIGGER:schedule
