---METADATA---
HTTP_STATUS:200
TIME_TOTAL:3.525757
TIME_CONNECT:0.258069
SIZE_DOWNLOAD:1294
TIMESTAMP:2025-07-24 13:54:00 UTC
TRIGGER:schedule
