---METADATA---
HTTP_STATUS:200
TIME_TOTAL:3.517312
TIME_CONNECT:0.262403
SIZE_DOWNLOAD:1311
TIMESTAMP:2025-07-24 11:13:25 UTC
TRIGGER:schedule
