---METADATA---
HTTP_STATUS:200
TIME_TOTAL:3.528249
TIME_CONNECT:0.274209
SIZE_DOWNLOAD:1307
TIMESTAMP:2025-07-24 06:53:51 UTC
TRIGGER:schedule
