---METADATA---
HTTP_STATUS:200
TIME_TOTAL:3.615850
TIME_CONNECT:0.295114
SIZE_DOWNLOAD:1311
TIMESTAMP:2025-07-24 11:57:10 UTC
TRIGGER:schedule
