---METADATA---
HTTP_STATUS:200
TIME_TOTAL:3.369142
TIME_CONNECT:0.248293
SIZE_DOWNLOAD:1294
TIMESTAMP:2025-07-24 21:58:57 UTC
TRIGGER:schedule
