---METADATA---
HTTP_STATUS:200
TIME_TOTAL:3.433816
TIME_CONNECT:0.242349
SIZE_DOWNLOAD:1294
TIMESTAMP:2025-07-24 18:45:39 UTC
TRIGGER:schedule
