---METADATA---
HTTP_STATUS:200
TIME_TOTAL:3.367976
TIME_CONNECT:0.228983
SIZE_DOWNLOAD:1294
TIMESTAMP:2025-07-24 20:53:52 UTC
TRIGGER:schedule
