---METADATA---
HTTP_STATUS:200
TIME_TOTAL:3.380149
TIME_CONNECT:0.253162
SIZE_DOWNLOAD:1294
TIMESTAMP:2025-07-24 19:43:15 UTC
TRIGGER:schedule
