---METADATA---
HTTP_STATUS:200
TIME_TOTAL:3.440137
TIME_CONNECT:0.319740
SIZE_DOWNLOAD:1294
TIMESTAMP:2025-07-24 20:41:50 UTC
TRIGGER:schedule
