---METADATA---
HTTP_STATUS:200
TIME_TOTAL:3.523161
TIME_CONNECT:0.214995
SIZE_DOWNLOAD:1307
TIMESTAMP:2025-07-24 05:29:20 UTC
TRIGGER:schedule
