---METADATA---
HTTP_STATUS:200
TIME_TOTAL:3.486081
TIME_CONNECT:0.271334
SIZE_DOWNLOAD:1294
TIMESTAMP:2025-07-24 18:21:11 UTC
TRIGGER:schedule
