---METADATA---
HTTP_STATUS:200
TIME_TOTAL:3.496698
TIME_CONNECT:0.278585
SIZE_DOWNLOAD:1311
TIMESTAMP:2025-07-24 10:27:39 UTC
TRIGGER:schedule
