---METADATA---
HTTP_STATUS:200
TIME_TOTAL:3.363898
TIME_CONNECT:0.223997
SIZE_DOWNLOAD:1294
TIMESTAMP:2025-07-24 23:15:03 UTC
TRIGGER:schedule
