---METADATA---
HTTP_STATUS:200
TIME_TOTAL:3.730783
TIME_CONNECT:0.281312
SIZE_DOWNLOAD:1292
TIMESTAMP:2025-07-24 03:02:52 UTC
TRIGGER:schedule
