---METADATA---
HTTP_STATUS:200
TIME_TOTAL:3.282377
TIME_CONNECT:0.236731
SIZE_DOWNLOAD:1307
TIMESTAMP:2025-07-24 05:51:45 UTC
TRIGGER:schedule
