---METADATA---
HTTP_STATUS:200
TIME_TOTAL:1.045368
TIME_CONNECT:0.275448
SIZE_DOWNLOAD:1296
TIMESTAMP:2025-07-24 04:07:17 UTC
TRIGGER:schedule
