---METADATA---
HTTP_STATUS:200
TIME_TOTAL:3.633987
TIME_CONNECT:0.280661
SIZE_DOWNLOAD:1294
TIMESTAMP:2025-07-24 14:55:29 UTC
TRIGGER:schedule
