---METADATA---
HTTP_STATUS:200
TIME_TOTAL:3.262507
TIME_CONNECT:0.236175
SIZE_DOWNLOAD:1296
TIMESTAMP:2025-07-24 13:46:40 UTC
TRIGGER:schedule
