---METADATA---
HTTP_STATUS:200
TIME_TOTAL:3.464757
TIME_CONNECT:0.282803
SIZE_DOWNLOAD:1294
TIMESTAMP:2025-07-24 22:53:33 UTC
TRIGGER:schedule
