---METADATA---
HTTP_STATUS:200
TIME_TOTAL:3.728169
TIME_CONNECT:0.277206
SIZE_DOWNLOAD:1307
TIMESTAMP:2025-07-24 06:37:41 UTC
TRIGGER:schedule
