---METADATA---
HTTP_STATUS:200
TIME_TOTAL:3.535603
TIME_CONNECT:0.286836
SIZE_DOWNLOAD:1294
TIMESTAMP:2025-07-24 07:18:25 UTC
TRIGGER:schedule
