---METADATA---
HTTP_STATUS:200
TIME_TOTAL:0.998893
TIME_CONNECT:0.279777
SIZE_DOWNLOAD:1307
TIMESTAMP:2025-07-24 04:51:31 UTC
TRIGGER:schedule
