---METADATA---
HTTP_STATUS:200
TIME_TOTAL:3.964277
TIME_CONNECT:0.257673
SIZE_DOWNLOAD:1311
TIMESTAMP:2025-07-24 08:20:44 UTC
TRIGGER:schedule
