---METADATA---
HTTP_STATUS:200
TIME_TOTAL:3.634380
TIME_CONNECT:0.291212
SIZE_DOWNLOAD:1294
TIMESTAMP:2025-07-24 23:24:19 UTC
TRIGGER:schedule
