---METADATA---
HTTP_STATUS:200
TIME_TOTAL:3.526392
TIME_CONNECT:0.233074
SIZE_DOWNLOAD:1294
TIMESTAMP:2025-07-24 19:27:47 UTC
TRIGGER:schedule
