---METADATA---
HTTP_STATUS:200
TIME_TOTAL:3.411181
TIME_CONNECT:0.277849
SIZE_DOWNLOAD:1294
TIMESTAMP:2025-07-24 15:15:07 UTC
TRIGGER:schedule
