---METADATA---
HTTP_STATUS:200
TIME_TOTAL:3.409261
TIME_CONNECT:0.279370
SIZE_DOWNLOAD:1294
TIMESTAMP:2025-07-24 21:48:43 UTC
TRIGGER:schedule
