---METADATA---
HTTP_STATUS:200
TIME_TOTAL:3.569966
TIME_CONNECT:0.248842
SIZE_DOWNLOAD:1307
TIMESTAMP:2025-07-24 12:59:52 UTC
TRIGGER:schedule
