---METADATA---
HTTP_STATUS:200
TIME_TOTAL:3.502217
TIME_CONNECT:0.237481
SIZE_DOWNLOAD:1294
TIMESTAMP:2025-07-24 21:00:17 UTC
TRIGGER:schedule
