---METADATA---
HTTP_STATUS:200
TIME_TOTAL:3.373750
TIME_CONNECT:0.270522
SIZE_DOWNLOAD:1294
TIMESTAMP:2025-07-24 20:29:36 UTC
TRIGGER:schedule
