---METADATA---
HTTP_STATUS:200
TIME_TOTAL:3.465202
TIME_CONNECT:0.279450
SIZE_DOWNLOAD:1294
TIMESTAMP:2025-07-24 21:14:23 UTC
TRIGGER:schedule
