---METADATA---
HTTP_STATUS:200
TIME_TOTAL:3.419949
TIME_CONNECT:0.280978
SIZE_DOWNLOAD:1311
TIMESTAMP:2025-07-24 08:58:28 UTC
TRIGGER:schedule
