---METADATA---
HTTP_STATUS:200
TIME_TOTAL:3.397479
TIME_CONNECT:0.304946
SIZE_DOWNLOAD:1294
TIMESTAMP:2025-07-24 17:14:48 UTC
TRIGGER:schedule
