---METADATA---
HTTP_STATUS:200
TIME_TOTAL:3.806558
TIME_CONNECT:0.272745
SIZE_DOWNLOAD:1311
TIMESTAMP:2025-07-24 09:45:15 UTC
TRIGGER:schedule
