---METADATA---
HTTP_STATUS:200
TIME_TOTAL:3.467489
TIME_CONNECT:0.226181
SIZE_DOWNLOAD:1294
TIMESTAMP:2025-07-24 16:57:16 UTC
TRIGGER:schedule
