---METADATA---
HTTP_STATUS:200
TIME_TOTAL:3.546487
TIME_CONNECT:0.276852
SIZE_DOWNLOAD:1294
TIMESTAMP:2025-07-24 15:25:48 UTC
TRIGGER:schedule
