---METADATA---
HTTP_STATUS:200
TIME_TOTAL:3.449467
TIME_CONNECT:0.270150
SIZE_DOWNLOAD:1311
TIMESTAMP:2025-07-24 09:52:58 UTC
TRIGGER:schedule
