---METADATA---
HTTP_STATUS:200
TIME_TOTAL:3.372727
TIME_CONNECT:0.296689
SIZE_DOWNLOAD:1294
TIMESTAMP:2025-07-24 23:56:59 UTC
TRIGGER:schedule
