---METADATA---
HTTP_STATUS:200
TIME_TOTAL:3.508258
TIME_CONNECT:0.281361
SIZE_DOWNLOAD:1311
TIMESTAMP:2025-07-24 10:16:31 UTC
TRIGGER:schedule
