---METADATA---
HTTP_STATUS:200
TIME_TOTAL:3.543393
TIME_CONNECT:0.297386
SIZE_DOWNLOAD:1307
TIMESTAMP:2025-07-24 05:20:46 UTC
TRIGGER:schedule
