---METADATA---
HTTP_STATUS:200
TIME_TOTAL:3.221551
TIME_CONNECT:0.250448
SIZE_DOWNLOAD:1294
TIMESTAMP:2025-07-24 19:56:46 UTC
TRIGGER:schedule
