---METADATA---
HTTP_STATUS:200
TIME_TOTAL:4.133679
TIME_CONNECT:0.290476
SIZE_DOWNLOAD:1311
TIMESTAMP:2025-07-24 10:47:28 UTC
TRIGGER:schedule
