---METADATA---
HTTP_STATUS:200
TIME_TOTAL:3.470443
TIME_CONNECT:0.271767
SIZE_DOWNLOAD:1309
TIMESTAMP:2025-07-24 07:33:06 UTC
TRIGGER:schedule
