---METADATA---
HTTP_STATUS:200
TIME_TOTAL:3.467150
TIME_CONNECT:0.301830
SIZE_DOWNLOAD:1294
TIMESTAMP:2025-07-24 14:16:41 UTC
TRIGGER:schedule
