---METADATA---
HTTP_STATUS:200
TIME_TOTAL:3.532791
TIME_CONNECT:0.248581
SIZE_DOWNLOAD:1294
TIMESTAMP:2025-07-24 15:35:55 UTC
TRIGGER:schedule
