---METADATA---
HTTP_STATUS:200
TIME_TOTAL:3.557184
TIME_CONNECT:0.288121
SIZE_DOWNLOAD:1311
TIMESTAMP:2025-07-24 11:48:54 UTC
TRIGGER:schedule
