---METADATA---
HTTP_STATUS:200
TIME_TOTAL:3.664021
TIME_CONNECT:0.269809
SIZE_DOWNLOAD:1294
TIMESTAMP:2025-07-24 16:35:25 UTC
TRIGGER:schedule
