---METADATA---
HTTP_STATUS:200
TIME_TOTAL:3.605631
TIME_CONNECT:0.293999
SIZE_DOWNLOAD:1311
TIMESTAMP:2025-07-24 09:33:42 UTC
TRIGGER:schedule
