---METADATA---
HTTP_STATUS:200
TIME_TOTAL:3.467351
TIME_CONNECT:0.255779
SIZE_DOWNLOAD:1311
TIMESTAMP:2025-07-24 11:21:55 UTC
TRIGGER:schedule
