---METADATA---
HTTP_STATUS:200
TIME_TOTAL:3.383280
TIME_CONNECT:0.255297
SIZE_DOWNLOAD:1294
TIMESTAMP:2025-07-24 23:33:45 UTC
TRIGGER:schedule
