---METADATA---
HTTP_STATUS:200
TIME_TOTAL:3.442602
TIME_CONNECT:0.301930
SIZE_DOWNLOAD:1294
TIMESTAMP:2025-07-24 19:13:48 UTC
TRIGGER:schedule
