---METADATA---
HTTP_STATUS:200
TIME_TOTAL:3.612850
TIME_CONNECT:0.313416
SIZE_DOWNLOAD:1296
TIMESTAMP:2025-07-24 07:50:46 UTC
TRIGGER:schedule
