---METADATA---
HTTP_STATUS:200
TIME_TOTAL:1.104431
TIME_CONNECT:0.269905
SIZE_DOWNLOAD:1292
TIMESTAMP:2025-07-24 03:08:33 UTC
TRIGGER:schedule
