---METADATA---
HTTP_STATUS:200
TIME_TOTAL:3.519523
TIME_CONNECT:0.238389
SIZE_DOWNLOAD:1294
TIMESTAMP:2025-07-24 21:30:42 UTC
TRIGGER:schedule
