---METADATA---
HTTP_STATUS:200
TIME_TOTAL:3.429845
TIME_CONNECT:0.238070
SIZE_DOWNLOAD:1311
TIMESTAMP:2025-07-24 11:42:36 UTC
TRIGGER:schedule
