---METADATA---
HTTP_STATUS:200
TIME_TOTAL:3.450115
TIME_CONNECT:0.230873
SIZE_DOWNLOAD:1294
TIMESTAMP:2025-07-24 20:48:18 UTC
TRIGGER:schedule
