---METADATA---
HTTP_STATUS:200
TIME_TOTAL:3.508926
TIME_CONNECT:0.282266
SIZE_DOWNLOAD:1294
TIMESTAMP:2025-07-24 15:52:33 UTC
TRIGGER:schedule
