---METADATA---
HTTP_STATUS:200
TIME_TOTAL:3.397468
TIME_CONNECT:0.270628
SIZE_DOWNLOAD:1294
TIMESTAMP:2025-07-24 19:50:08 UTC
TRIGGER:schedule
