---METADATA---
HTTP_STATUS:200
TIME_TOTAL:3.597653
TIME_CONNECT:0.278625
SIZE_DOWNLOAD:1311
TIMESTAMP:2025-07-24 08:33:47 UTC
TRIGGER:schedule
