---METADATA---
HTTP_STATUS:200
TIME_TOTAL:3.685898
TIME_CONNECT:0.361904
SIZE_DOWNLOAD:1311
TIMESTAMP:2025-07-24 07:52:19 UTC
TRIGGER:schedule
