---METADATA---
HTTP_STATUS:200
TIME_TOTAL:3.588687
TIME_CONNECT:0.277171
SIZE_DOWNLOAD:1296
TIMESTAMP:2025-07-24 07:00:11 UTC
TRIGGER:schedule
