---METADATA---
HTTP_STATUS:200
TIME_TOTAL:3.682328
TIME_CONNECT:0.279168
SIZE_DOWNLOAD:1294
TIMESTAMP:2025-07-24 14:47:10 UTC
TRIGGER:schedule
