---METADATA---
HTTP_STATUS:200
TIME_TOTAL:3.803097
TIME_CONNECT:0.286358
SIZE_DOWNLOAD:1294
TIMESTAMP:2025-07-24 18:00:40 UTC
TRIGGER:schedule
