---METADATA---
HTTP_STATUS:200
TIME_TOTAL:3.349741
TIME_CONNECT:0.267899
SIZE_DOWNLOAD:1294
TIMESTAMP:2025-07-24 22:14:49 UTC
TRIGGER:schedule
