---METADATA---
HTTP_STATUS:200
TIME_TOTAL:3.461600
TIME_CONNECT:0.271046
SIZE_DOWNLOAD:1311
TIMESTAMP:2025-07-24 08:50:28 UTC
TRIGGER:schedule
