---METADATA---
HTTP_STATUS:200
TIME_TOTAL:3.445806
TIME_CONNECT:0.284813
SIZE_DOWNLOAD:1307
TIMESTAMP:2025-08-10 15:32:34 UTC
TRIGGER:schedule
