---METADATA---
HTTP_STATUS:200
TIME_TOTAL:3.293650
TIME_CONNECT:0.237642
SIZE_DOWNLOAD:1307
TIMESTAMP:2025-08-10 22:13:22 UTC
TRIGGER:schedule
