---METADATA---
HTTP_STATUS:200
TIME_TOTAL:3.570032
TIME_CONNECT:0.271456
SIZE_DOWNLOAD:1307
TIMESTAMP:2025-08-10 20:57:05 UTC
TRIGGER:schedule
