---METADATA---
HTTP_STATUS:200
TIME_TOTAL:1.140174
TIME_CONNECT:0.371402
SIZE_DOWNLOAD:1307
TIMESTAMP:2025-08-10 15:49:20 UTC
TRIGGER:schedule
