---METADATA---
HTTP_STATUS:200
TIME_TOTAL:3.374864
TIME_CONNECT:0.283631
SIZE_DOWNLOAD:1307
TIMESTAMP:2025-08-10 22:26:49 UTC
TRIGGER:schedule
