---METADATA---
HTTP_STATUS:200
TIME_TOTAL:3.457659
TIME_CONNECT:0.278498
SIZE_DOWNLOAD:1307
TIMESTAMP:2025-08-10 19:25:11 UTC
TRIGGER:schedule
