---METADATA---
HTTP_STATUS:200
TIME_TOTAL:3.548487
TIME_CONNECT:0.273487
SIZE_DOWNLOAD:1309
TIMESTAMP:2025-08-10 05:42:20 UTC
TRIGGER:schedule
