---METADATA---
HTTP_STATUS:200
TIME_TOTAL:3.568055
TIME_CONNECT:0.220898
SIZE_DOWNLOAD:1292
TIMESTAMP:2025-08-10 10:59:09 UTC
TRIGGER:schedule
