---METADATA---
HTTP_STATUS:200
TIME_TOTAL:3.497180
TIME_CONNECT:0.273995
SIZE_DOWNLOAD:1296
TIMESTAMP:2025-08-10 07:24:50 UTC
TRIGGER:schedule
