---METADATA---
HTTP_STATUS:200
TIME_TOTAL:3.425893
TIME_CONNECT:0.236106
SIZE_DOWNLOAD:1307
TIMESTAMP:2025-08-10 23:43:35 UTC
TRIGGER:schedule
