---METADATA---
HTTP_STATUS:200
TIME_TOTAL:3.806212
TIME_CONNECT:0.280598
SIZE_DOWNLOAD:1294
TIMESTAMP:2025-08-10 08:56:16 UTC
TRIGGER:schedule
