---METADATA---
HTTP_STATUS:200
TIME_TOTAL:3.735152
TIME_CONNECT:0.249821
SIZE_DOWNLOAD:1307
TIMESTAMP:2025-08-10 21:24:58 UTC
TRIGGER:schedule
