---METADATA---
HTTP_STATUS:200
TIME_TOTAL:3.288339
TIME_CONNECT:0.277305
SIZE_DOWNLOAD:1307
TIMESTAMP:2025-08-10 16:45:44 UTC
TRIGGER:schedule
