---METADATA---
HTTP_STATUS:200
TIME_TOTAL:3.470164
TIME_CONNECT:0.281164
SIZE_DOWNLOAD:1305
TIMESTAMP:2025-08-10 10:47:25 UTC
TRIGGER:schedule
