---METADATA---
HTTP_STATUS:200
TIME_TOTAL:3.409965
TIME_CONNECT:0.263198
SIZE_DOWNLOAD:1307
TIMESTAMP:2025-08-10 19:50:25 UTC
TRIGGER:schedule
