---METADATA---
HTTP_STATUS:200
TIME_TOTAL:3.401823
TIME_CONNECT:0.277692
SIZE_DOWNLOAD:1318
TIMESTAMP:2025-08-10 10:51:48 UTC
TRIGGER:schedule
