---METADATA---
HTTP_STATUS:200
TIME_TOTAL:3.958850
TIME_CONNECT:0.394253
SIZE_DOWNLOAD:1296
TIMESTAMP:2025-08-10 08:18:07 UTC
TRIGGER:schedule
