---METADATA---
HTTP_STATUS:200
TIME_TOTAL:3.510461
TIME_CONNECT:0.275519
SIZE_DOWNLOAD:1307
TIMESTAMP:2025-08-10 08:44:44 UTC
TRIGGER:schedule
