---METADATA---
HTTP_STATUS:200
TIME_TOTAL:3.516039
TIME_CONNECT:0.276874
SIZE_DOWNLOAD:1296
TIMESTAMP:2025-08-10 06:49:39 UTC
TRIGGER:schedule
