---METADATA---
HTTP_STATUS:200
TIME_TOTAL:3.530367
TIME_CONNECT:0.281274
SIZE_DOWNLOAD:1307
TIMESTAMP:2025-08-10 22:34:39 UTC
TRIGGER:schedule
