---METADATA---
HTTP_STATUS:200
TIME_TOTAL:3.549199
TIME_CONNECT:0.293048
SIZE_DOWNLOAD:1309
TIMESTAMP:2025-08-10 09:48:49 UTC
TRIGGER:schedule
