---METADATA---
HTTP_STATUS:200
TIME_TOTAL:3.507270
TIME_CONNECT:0.276909
SIZE_DOWNLOAD:1307
TIMESTAMP:2025-08-10 18:44:42 UTC
TRIGGER:schedule
