---METADATA---
HTTP_STATUS:200
TIME_TOTAL:3.531853
TIME_CONNECT:0.239357
SIZE_DOWNLOAD:1296
TIMESTAMP:2025-08-10 06:38:59 UTC
TRIGGER:schedule
