---METADATA---
HTTP_STATUS:200
TIME_TOTAL:3.593731
TIME_CONNECT:0.285083
SIZE_DOWNLOAD:1296
TIMESTAMP:2025-08-10 10:28:40 UTC
TRIGGER:schedule
