---METADATA---
HTTP_STATUS:200
TIME_TOTAL:3.518448
TIME_CONNECT:0.275493
SIZE_DOWNLOAD:1294
TIMESTAMP:2025-08-10 11:39:54 UTC
TRIGGER:schedule
