---METADATA---
HTTP_STATUS:200
TIME_TOTAL:3.670166
TIME_CONNECT:0.278133
SIZE_DOWNLOAD:1296
TIMESTAMP:2025-08-10 07:40:14 UTC
TRIGGER:schedule
