---METADATA---
HTTP_STATUS:200
TIME_TOTAL:3.431603
TIME_CONNECT:0.274659
SIZE_DOWNLOAD:1307
TIMESTAMP:2025-08-10 20:15:17 UTC
TRIGGER:schedule
