---METADATA---
HTTP_STATUS:200
TIME_TOTAL:3.507358
TIME_CONNECT:0.230197
SIZE_DOWNLOAD:1307
TIMESTAMP:2025-08-10 23:13:33 UTC
TRIGGER:schedule
