---METADATA---
HTTP_STATUS:200
TIME_TOTAL:3.535142
TIME_CONNECT:0.342624
SIZE_DOWNLOAD:1307
TIMESTAMP:2025-08-10 19:48:05 UTC
TRIGGER:schedule
