---METADATA---
HTTP_STATUS:200
TIME_TOTAL:3.668550
TIME_CONNECT:0.270793
SIZE_DOWNLOAD:1296
TIMESTAMP:2025-08-10 10:14:33 UTC
TRIGGER:schedule
