---METADATA---
HTTP_STATUS:200
TIME_TOTAL:3.553492
TIME_CONNECT:0.298505
SIZE_DOWNLOAD:1307
TIMESTAMP:2025-08-10 15:26:45 UTC
TRIGGER:schedule
