---METADATA---
HTTP_STATUS:200
TIME_TOTAL:3.612276
TIME_CONNECT:0.291147
SIZE_DOWNLOAD:1294
TIMESTAMP:2025-08-10 04:56:09 UTC
TRIGGER:schedule
