---METADATA---
HTTP_STATUS:200
TIME_TOTAL:3.390879
TIME_CONNECT:0.276979
SIZE_DOWNLOAD:1307
TIMESTAMP:2025-08-10 18:18:30 UTC
TRIGGER:schedule
