---METADATA---
HTTP_STATUS:200
TIME_TOTAL:3.497330
TIME_CONNECT:0.287636
SIZE_DOWNLOAD:1307
TIMESTAMP:2025-08-10 14:26:42 UTC
TRIGGER:schedule
