---METADATA---
HTTP_STATUS:200
TIME_TOTAL:3.524173
TIME_CONNECT:0.274436
SIZE_DOWNLOAD:1307
TIMESTAMP:2025-08-10 13:51:24 UTC
TRIGGER:schedule
