---METADATA---
HTTP_STATUS:200
TIME_TOTAL:3.590874
TIME_CONNECT:0.291943
SIZE_DOWNLOAD:1307
TIMESTAMP:2025-08-10 16:32:36 UTC
TRIGGER:schedule
