---METADATA---
HTTP_STATUS:200
TIME_TOTAL:3.398084
TIME_CONNECT:0.277944
SIZE_DOWNLOAD:1307
TIMESTAMP:2025-08-10 19:21:44 UTC
TRIGGER:schedule
