---METADATA---
HTTP_STATUS:200
TIME_TOTAL:3.513598
TIME_CONNECT:0.244146
SIZE_DOWNLOAD:1307
TIMESTAMP:2025-08-10 21:50:27 UTC
TRIGGER:schedule
