---METADATA---
HTTP_STATUS:200
TIME_TOTAL:3.453574
TIME_CONNECT:0.290696
SIZE_DOWNLOAD:1298
TIMESTAMP:2025-08-10 04:43:30 UTC
TRIGGER:schedule
