---METADATA---
HTTP_STATUS:200
TIME_TOTAL:3.351434
TIME_CONNECT:0.242629
SIZE_DOWNLOAD:1307
TIMESTAMP:2025-08-10 09:39:04 UTC
TRIGGER:schedule
