---METADATA---
HTTP_STATUS:200
TIME_TOTAL:3.445077
TIME_CONNECT:0.279450
SIZE_DOWNLOAD:1296
TIMESTAMP:2025-08-10 08:33:52 UTC
TRIGGER:schedule
