---METADATA---
HTTP_STATUS:200
TIME_TOTAL:3.560808
TIME_CONNECT:0.275046
SIZE_DOWNLOAD:1307
TIMESTAMP:2025-08-10 15:56:50 UTC
TRIGGER:schedule
