---METADATA---
HTTP_STATUS:200
TIME_TOTAL:3.607444
TIME_CONNECT:0.235964
SIZE_DOWNLOAD:1309
TIMESTAMP:2025-08-10 05:45:06 UTC
TRIGGER:schedule
