---METADATA---
HTTP_STATUS:200
TIME_TOTAL:3.343894
TIME_CONNECT:0.283533
SIZE_DOWNLOAD:1294
TIMESTAMP:2025-08-10 11:37:43 UTC
TRIGGER:schedule
