---METADATA---
HTTP_STATUS:200
TIME_TOTAL:3.441080
TIME_CONNECT:0.281248
SIZE_DOWNLOAD:1307
TIMESTAMP:2025-08-10 16:53:46 UTC
TRIGGER:schedule
