---METADATA---
HTTP_STATUS:200
TIME_TOTAL:3.536660
TIME_CONNECT:0.283900
SIZE_DOWNLOAD:1307
TIMESTAMP:2025-08-10 19:10:40 UTC
TRIGGER:schedule
