---METADATA---
HTTP_STATUS:200
TIME_TOTAL:3.539679
TIME_CONNECT:0.283810
SIZE_DOWNLOAD:1307
TIMESTAMP:2025-08-10 14:49:56 UTC
TRIGGER:schedule
