---METADATA---
HTTP_STATUS:200
TIME_TOTAL:3.480968
TIME_CONNECT:0.236976
SIZE_DOWNLOAD:1307
TIMESTAMP:2025-08-10 15:43:46 UTC
TRIGGER:schedule
