---METADATA---
HTTP_STATUS:200
TIME_TOTAL:3.393388
TIME_CONNECT:0.276420
SIZE_DOWNLOAD:1307
TIMESTAMP:2025-08-10 21:41:05 UTC
TRIGGER:schedule
