---METADATA---
HTTP_STATUS:200
TIME_TOTAL:3.506891
TIME_CONNECT:0.286822
SIZE_DOWNLOAD:1294
TIMESTAMP:2025-08-10 11:23:17 UTC
TRIGGER:schedule
