---METADATA---
HTTP_STATUS:200
TIME_TOTAL:3.492402
TIME_CONNECT:0.247144
SIZE_DOWNLOAD:1307
TIMESTAMP:2025-08-10 14:33:15 UTC
TRIGGER:schedule
