---METADATA---
HTTP_STATUS:200
TIME_TOTAL:3.451053
TIME_CONNECT:0.246568
SIZE_DOWNLOAD:1296
TIMESTAMP:2025-08-10 07:57:10 UTC
TRIGGER:schedule
