---METADATA---
HTTP_STATUS:200
TIME_TOTAL:3.388090
TIME_CONNECT:0.260656
SIZE_DOWNLOAD:1307
TIMESTAMP:2025-08-10 20:50:39 UTC
TRIGGER:schedule
