---METADATA---
HTTP_STATUS:200
TIME_TOTAL:3.456313
TIME_CONNECT:0.243696
SIZE_DOWNLOAD:1294
TIMESTAMP:2025-08-10 11:51:49 UTC
TRIGGER:schedule
