---METADATA---
HTTP_STATUS:200
TIME_TOTAL:0.996878
TIME_CONNECT:0.281474
SIZE_DOWNLOAD:1296
TIMESTAMP:2025-08-10 07:40:57 UTC
TRIGGER:schedule
