---METADATA---
HTTP_STATUS:200
TIME_TOTAL:3.340886
TIME_CONNECT:0.280647
SIZE_DOWNLOAD:1309
TIMESTAMP:2025-08-10 05:20:32 UTC
TRIGGER:schedule
