---METADATA---
HTTP_STATUS:200
TIME_TOTAL:3.582490
TIME_CONNECT:0.270637
SIZE_DOWNLOAD:1306
TIMESTAMP:2025-08-10 05:12:25 UTC
TRIGGER:schedule
