---METADATA---
HTTP_STATUS:200
TIME_TOTAL:3.647646
TIME_CONNECT:0.282649
SIZE_DOWNLOAD:1307
TIMESTAMP:2025-08-10 19:34:49 UTC
TRIGGER:schedule
