---METADATA---
HTTP_STATUS:200
TIME_TOTAL:3.527416
TIME_CONNECT:0.282281
SIZE_DOWNLOAD:1296
TIMESTAMP:2025-08-10 07:12:51 UTC
TRIGGER:schedule
