---METADATA---
HTTP_STATUS:200
TIME_TOTAL:3.535173
TIME_CONNECT:0.243870
SIZE_DOWNLOAD:1307
TIMESTAMP:2025-08-10 09:42:43 UTC
TRIGGER:schedule
