---METADATA---
HTTP_STATUS:200
TIME_TOTAL:3.501682
TIME_CONNECT:0.246081
SIZE_DOWNLOAD:1307
TIMESTAMP:2025-08-10 16:16:34 UTC
TRIGGER:schedule
