---METADATA---
HTTP_STATUS:200
TIME_TOTAL:3.746499
TIME_CONNECT:0.538814
SIZE_DOWNLOAD:1296
TIMESTAMP:2025-08-10 10:38:48 UTC
TRIGGER:schedule
