---METADATA---
HTTP_STATUS:200
TIME_TOTAL:3.367641
TIME_CONNECT:0.273567
SIZE_DOWNLOAD:1307
TIMESTAMP:2025-08-10 22:50:45 UTC
TRIGGER:schedule
