---METADATA---
HTTP_STATUS:200
TIME_TOTAL:3.502407
TIME_CONNECT:0.285735
SIZE_DOWNLOAD:1307
TIMESTAMP:2025-08-10 17:48:11 UTC
TRIGGER:schedule
