---METADATA---
HTTP_STATUS:200
TIME_TOTAL:3.460033
TIME_CONNECT:0.260655
SIZE_DOWNLOAD:1294
TIMESTAMP:2025-08-10 09:17:02 UTC
TRIGGER:schedule
