---METADATA---
HTTP_STATUS:200
TIME_TOTAL:3.428669
TIME_CONNECT:0.290945
SIZE_DOWNLOAD:1307
TIMESTAMP:2025-08-10 20:25:34 UTC
TRIGGER:schedule
