---METADATA---
HTTP_STATUS:200
TIME_TOTAL:1.192497
TIME_CONNECT:0.287097
SIZE_DOWNLOAD:1296
TIMESTAMP:2025-08-10 07:29:38 UTC
TRIGGER:schedule
