---METADATA---
HTTP_STATUS:200
TIME_TOTAL:3.713079
TIME_CONNECT:0.278529
SIZE_DOWNLOAD:1294
TIMESTAMP:2025-08-10 03:55:09 UTC
TRIGGER:schedule
