---METADATA---
HTTP_STATUS:200
TIME_TOTAL:3.419361
TIME_CONNECT:0.261933
SIZE_DOWNLOAD:1307
TIMESTAMP:2025-08-10 23:49:44 UTC
TRIGGER:schedule
