---METADATA---
HTTP_STATUS:200
TIME_TOTAL:3.325633
TIME_CONNECT:0.281290
SIZE_DOWNLOAD:1307
TIMESTAMP:2025-08-10 23:56:49 UTC
TRIGGER:schedule
