---METADATA---
HTTP_STATUS:200
TIME_TOTAL:3.488305
TIME_CONNECT:0.237740
SIZE_DOWNLOAD:1307
TIMESTAMP:2025-08-10 17:19:11 UTC
TRIGGER:schedule
