---METADATA---
HTTP_STATUS:200
TIME_TOTAL:3.497524
TIME_CONNECT:0.282628
SIZE_DOWNLOAD:1294
TIMESTAMP:2025-08-10 11:26:58 UTC
TRIGGER:schedule
