---METADATA---
HTTP_STATUS:200
TIME_TOTAL:3.400412
TIME_CONNECT:0.233336
SIZE_DOWNLOAD:1296
TIMESTAMP:2025-08-10 06:56:45 UTC
TRIGGER:schedule
