---METADATA---
HTTP_STATUS:200
TIME_TOTAL:3.382870
TIME_CONNECT:0.259111
SIZE_DOWNLOAD:1307
TIMESTAMP:2025-08-10 18:13:35 UTC
TRIGGER:schedule
