---METADATA---
HTTP_STATUS:200
TIME_TOTAL:3.398809
TIME_CONNECT:0.243988
SIZE_DOWNLOAD:1296
TIMESTAMP:2025-08-10 07:49:11 UTC
TRIGGER:schedule
