---METADATA---
HTTP_STATUS:200
TIME_TOTAL:3.535219
TIME_CONNECT:0.264947
SIZE_DOWNLOAD:1295
TIMESTAMP:2025-08-10 05:54:56 UTC
TRIGGER:schedule
