---METADATA---
HTTP_STATUS:200
TIME_TOTAL:3.634016
TIME_CONNECT:0.351230
SIZE_DOWNLOAD:1307
TIMESTAMP:2025-08-10 13:21:19 UTC
TRIGGER:schedule
