---METADATA---
HTTP_STATUS:200
TIME_TOTAL:3.375217
TIME_CONNECT:0.237205
SIZE_DOWNLOAD:1307
TIMESTAMP:2025-08-10 17:37:42 UTC
TRIGGER:schedule
