---METADATA---
HTTP_STATUS:200
TIME_TOTAL:3.670805
TIME_CONNECT:0.237897
SIZE_DOWNLOAD:1294
TIMESTAMP:2025-08-10 11:48:11 UTC
TRIGGER:schedule
