---METADATA---
HTTP_STATUS:200
TIME_TOTAL:3.463423
TIME_CONNECT:0.289027
SIZE_DOWNLOAD:1298
TIMESTAMP:2025-08-10 06:20:36 UTC
TRIGGER:schedule
