---METADATA---
HTTP_STATUS:200
TIME_TOTAL:3.490240
TIME_CONNECT:0.279968
SIZE_DOWNLOAD:1307
TIMESTAMP:2025-08-10 13:47:02 UTC
TRIGGER:schedule
