---METADATA---
HTTP_STATUS:200
TIME_TOTAL:3.534401
TIME_CONNECT:0.293747
SIZE_DOWNLOAD:1307
TIMESTAMP:2025-08-10 23:26:08 UTC
TRIGGER:schedule
