---METADATA---
HTTP_STATUS:200
TIME_TOTAL:3.459079
TIME_CONNECT:0.221687
SIZE_DOWNLOAD:1307
TIMESTAMP:2025-08-10 04:24:09 UTC
TRIGGER:schedule
