---METADATA---
HTTP_STATUS:200
TIME_TOTAL:3.553220
TIME_CONNECT:0.300448
SIZE_DOWNLOAD:1294
TIMESTAMP:2025-08-10 09:24:26 UTC
TRIGGER:schedule
