---METADATA---
HTTP_STATUS:200
TIME_TOTAL:3.563165
TIME_CONNECT:0.238031
SIZE_DOWNLOAD:1307
TIMESTAMP:2025-08-10 20:43:40 UTC
TRIGGER:schedule
