---METADATA---
HTTP_STATUS:200
TIME_TOTAL:3.476883
TIME_CONNECT:0.235724
SIZE_DOWNLOAD:1294
TIMESTAMP:2025-08-10 03:19:20 UTC
TRIGGER:schedule
