---METADATA---
HTTP_STATUS:200
TIME_TOTAL:1.000404
TIME_CONNECT:0.278295
SIZE_DOWNLOAD:1295
TIMESTAMP:2025-08-10 05:57:01 UTC
TRIGGER:schedule
