---METADATA---
HTTP_STATUS:200
TIME_TOTAL:3.369839
TIME_CONNECT:0.221328
SIZE_DOWNLOAD:1307
TIMESTAMP:2025-08-10 13:58:37 UTC
TRIGGER:schedule
