---METADATA---
HTTP_STATUS:200
TIME_TOTAL:3.554020
TIME_CONNECT:0.349607
SIZE_DOWNLOAD:1307
TIMESTAMP:2025-08-10 21:30:00 UTC
TRIGGER:schedule
