---METADATA---
HTTP_STATUS:200
TIME_TOTAL:3.502959
TIME_CONNECT:0.286920
SIZE_DOWNLOAD:1294
TIMESTAMP:2025-08-10 08:53:22 UTC
TRIGGER:schedule
