---METADATA---
HTTP_STATUS:200
TIME_TOTAL:1.125588
TIME_CONNECT:0.284431
SIZE_DOWNLOAD:1307
TIMESTAMP:2025-08-10 18:47:09 UTC
TRIGGER:schedule
