---METADATA---
HTTP_STATUS:200
TIME_TOTAL:3.448972
TIME_CONNECT:0.261795
SIZE_DOWNLOAD:1307
TIMESTAMP:2025-08-10 21:42:31 UTC
TRIGGER:schedule
