---METADATA---
HTTP_STATUS:200
TIME_TOTAL:3.519699
TIME_CONNECT:0.284252
SIZE_DOWNLOAD:1294
TIMESTAMP:2025-08-10 11:11:33 UTC
TRIGGER:schedule
