---METADATA---
HTTP_STATUS:200
TIME_TOTAL:3.400557
TIME_CONNECT:0.314690
SIZE_DOWNLOAD:1307
TIMESTAMP:2025-08-10 18:57:50 UTC
TRIGGER:schedule
