---METADATA---
HTTP_STATUS:200
TIME_TOTAL:3.402594
TIME_CONNECT:0.226804
SIZE_DOWNLOAD:1307
TIMESTAMP:2025-08-10 14:56:57 UTC
TRIGGER:schedule
