---METADATA---
HTTP_STATUS:200
TIME_TOTAL:3.605604
TIME_CONNECT:0.293219
SIZE_DOWNLOAD:1307
TIMESTAMP:2025-08-10 22:45:58 UTC
TRIGGER:schedule
