---METADATA---
HTTP_STATUS:200
TIME_TOTAL:3.342203
TIME_CONNECT:0.284670
SIZE_DOWNLOAD:1307
TIMESTAMP:2025-08-10 23:31:13 UTC
TRIGGER:schedule
