---METADATA---
HTTP_STATUS:200
TIME_TOTAL:3.385901
TIME_CONNECT:0.310089
SIZE_DOWNLOAD:1307
TIMESTAMP:2025-08-10 22:57:40 UTC
TRIGGER:schedule
