---METADATA---
HTTP_STATUS:200
TIME_TOTAL:3.391827
TIME_CONNECT:0.247492
SIZE_DOWNLOAD:1307
TIMESTAMP:2025-08-10 14:12:39 UTC
TRIGGER:schedule
