---METADATA---
HTTP_STATUS:200
TIME_TOTAL:3.419240
TIME_CONNECT:0.232412
SIZE_DOWNLOAD:1294
TIMESTAMP:2025-08-10 01:19:35 UTC
TRIGGER:schedule
