---METADATA---
HTTP_STATUS:200
TIME_TOTAL:3.510194
TIME_CONNECT:0.271491
SIZE_DOWNLOAD:1307
TIMESTAMP:2025-08-10 14:44:55 UTC
TRIGGER:schedule
