---METADATA---
HTTP_STATUS:200
TIME_TOTAL:3.516635
TIME_CONNECT:0.285333
SIZE_DOWNLOAD:1296
TIMESTAMP:2025-08-10 12:27:44 UTC
TRIGGER:schedule
