---METADATA---
HTTP_STATUS:200
TIME_TOTAL:3.529192
TIME_CONNECT:0.257468
SIZE_DOWNLOAD:1307
TIMESTAMP:2025-08-10 15:13:36 UTC
TRIGGER:schedule
