---METADATA---
HTTP_STATUS:200
TIME_TOTAL:3.677685
TIME_CONNECT:0.275305
SIZE_DOWNLOAD:1296
TIMESTAMP:2025-08-10 09:57:03 UTC
TRIGGER:schedule
