---METADATA---
HTTP_STATUS:200
TIME_TOTAL:1.003185
TIME_CONNECT:0.209504
SIZE_DOWNLOAD:1307
TIMESTAMP:2025-08-10 19:38:37 UTC
TRIGGER:schedule
