---METADATA---
HTTP_STATUS:200
TIME_TOTAL:3.534580
TIME_CONNECT:0.236957
SIZE_DOWNLOAD:1132
TIMESTAMP:2025-08-10 02:32:33 UTC
TRIGGER:schedule
