---METADATA---
HTTP_STATUS:200
TIME_TOTAL:3.604021
TIME_CONNECT:0.283294
SIZE_DOWNLOAD:1307
TIMESTAMP:2025-08-10 13:39:49 UTC
TRIGGER:schedule
