---METADATA---
HTTP_STATUS:200
TIME_TOTAL:3.586766
TIME_CONNECT:0.242603
SIZE_DOWNLOAD:1296
TIMESTAMP:2025-08-10 13:06:16 UTC
TRIGGER:schedule
