---METADATA---
HTTP_STATUS:200
TIME_TOTAL:3.401228
TIME_CONNECT:0.273480
SIZE_DOWNLOAD:1307
TIMESTAMP:2025-08-10 20:40:27 UTC
TRIGGER:schedule
