---METADATA---
HTTP_STATUS:200
TIME_TOTAL:3.343090
TIME_CONNECT:0.219577
SIZE_DOWNLOAD:1307
TIMESTAMP:2025-08-10 17:30:34 UTC
TRIGGER:schedule
