---METADATA---
HTTP_STATUS:200
TIME_TOTAL:1.032534
TIME_CONNECT:0.277799
SIZE_DOWNLOAD:1307
TIMESTAMP:2025-08-10 17:49:38 UTC
TRIGGER:schedule
