---METADATA---
HTTP_STATUS:200
TIME_TOTAL:3.514919
TIME_CONNECT:0.297002
SIZE_DOWNLOAD:1292
TIMESTAMP:2025-08-10 12:48:16 UTC
TRIGGER:schedule
