---METADATA---
HTTP_STATUS:200
TIME_TOTAL:3.551170
TIME_CONNECT:0.276393
SIZE_DOWNLOAD:1307
TIMESTAMP:2025-08-10 21:12:31 UTC
TRIGGER:schedule
