---METADATA---
HTTP_STATUS:200
TIME_TOTAL:3.493018
TIME_CONNECT:0.282292
SIZE_DOWNLOAD:1307
TIMESTAMP:2025-08-10 17:11:33 UTC
TRIGGER:schedule
