---METADATA---
HTTP_STATUS:200
TIME_TOTAL:3.350436
TIME_CONNECT:0.288574
SIZE_DOWNLOAD:1296
TIMESTAMP:2025-06-04 06:02:46 UTC
