---METADATA---
HTTP_STATUS:200
TIME_TOTAL:3.644443
TIME_CONNECT:0.310274
SIZE_DOWNLOAD:1292
TIMESTAMP:2025-08-17 09:48:24 UTC
TRIGGER:schedule
