---METADATA---
HTTP_STATUS:200
TIME_TOTAL:3.544342
TIME_CONNECT:0.350728
SIZE_DOWNLOAD:1305
TIMESTAMP:2025-08-17 03:42:28 UTC
TRIGGER:schedule
