---METADATA---
HTTP_STATUS:200
TIME_TOTAL:1.043259
TIME_CONNECT:0.237432
SIZE_DOWNLOAD:1291
TIMESTAMP:2025-08-17 19:38:48 UTC
TRIGGER:schedule
