---METADATA---
HTTP_STATUS:200
TIME_TOTAL:3.428931
TIME_CONNECT:0.234704
SIZE_DOWNLOAD:1291
TIMESTAMP:2025-08-17 18:18:57 UTC
TRIGGER:schedule
