---METADATA---
HTTP_STATUS:200
TIME_TOTAL:3.539168
TIME_CONNECT:0.279238
SIZE_DOWNLOAD:1292
TIMESTAMP:2025-08-17 07:48:45 UTC
TRIGGER:schedule
