---METADATA---
HTTP_STATUS:200
TIME_TOTAL:3.448416
TIME_CONNECT:0.253015
SIZE_DOWNLOAD:1291
TIMESTAMP:2025-08-17 14:12:27 UTC
TRIGGER:schedule
