---METADATA---
HTTP_STATUS:200
TIME_TOTAL:3.538121
TIME_CONNECT:0.286803
SIZE_DOWNLOAD:1291
TIMESTAMP:2025-08-17 23:30:25 UTC
TRIGGER:schedule
