---METADATA---
HTTP_STATUS:200
TIME_TOTAL:3.384502
TIME_CONNECT:0.238051
SIZE_DOWNLOAD:1291
TIMESTAMP:2025-08-17 22:13:19 UTC
TRIGGER:schedule
