---METADATA---
HTTP_STATUS:200
TIME_TOTAL:3.439132
TIME_CONNECT:0.298112
SIZE_DOWNLOAD:1291
TIMESTAMP:2025-08-17 14:57:02 UTC
TRIGGER:schedule
