---METADATA---
HTTP_STATUS:200
TIME_TOTAL:3.558923
TIME_CONNECT:0.281108
SIZE_DOWNLOAD:1292
TIMESTAMP:2025-08-17 11:51:12 UTC
TRIGGER:schedule
