---METADATA---
HTTP_STATUS:200
TIME_TOTAL:3.592804
TIME_CONNECT:0.267772
SIZE_DOWNLOAD:1292
TIMESTAMP:2025-08-17 11:48:09 UTC
TRIGGER:schedule
