---METADATA---
HTTP_STATUS:200
TIME_TOTAL:3.511202
TIME_CONNECT:0.219236
SIZE_DOWNLOAD:1291
TIMESTAMP:2025-08-17 19:50:31 UTC
TRIGGER:schedule
