---METADATA---
HTTP_STATUS:200
TIME_TOTAL:3.615293
TIME_CONNECT:0.309264
SIZE_DOWNLOAD:1291
TIMESTAMP:2025-08-17 15:48:40 UTC
TRIGGER:schedule
