---METADATA---
HTTP_STATUS:200
TIME_TOTAL:3.692586
TIME_CONNECT:0.282430
SIZE_DOWNLOAD:1291
TIMESTAMP:2025-08-17 19:48:10 UTC
TRIGGER:schedule
