---METADATA---
HTTP_STATUS:200
TIME_TOTAL:3.522177
TIME_CONNECT:0.278783
SIZE_DOWNLOAD:1292
TIMESTAMP:2025-08-17 11:21:37 UTC
TRIGGER:schedule
