---METADATA---
HTTP_STATUS:200
TIME_TOTAL:3.313227
TIME_CONNECT:0.227634
SIZE_DOWNLOAD:1291
TIMESTAMP:2025-08-17 18:57:51 UTC
TRIGGER:schedule
