---METADATA---
HTTP_STATUS:200
TIME_TOTAL:1.184134
TIME_CONNECT:0.294140
SIZE_DOWNLOAD:1292
TIMESTAMP:2025-08-17 08:54:46 UTC
TRIGGER:schedule
