---METADATA---
HTTP_STATUS:200
TIME_TOTAL:3.599281
TIME_CONNECT:0.286603
SIZE_DOWNLOAD:1291
TIMESTAMP:2025-08-17 22:50:20 UTC
TRIGGER:schedule
