---METADATA---
HTTP_STATUS:200
TIME_TOTAL:3.499433
TIME_CONNECT:0.286868
SIZE_DOWNLOAD:1291
TIMESTAMP:2025-08-17 15:30:51 UTC
TRIGGER:schedule
