---METADATA---
HTTP_STATUS:200
TIME_TOTAL:3.583160
TIME_CONNECT:0.284490
SIZE_DOWNLOAD:1305
TIMESTAMP:2025-08-17 04:21:10 UTC
TRIGGER:schedule
