---METADATA---
HTTP_STATUS:200
TIME_TOTAL:3.428104
TIME_CONNECT:0.274415
SIZE_DOWNLOAD:1292
TIMESTAMP:2025-08-17 07:39:53 UTC
TRIGGER:schedule
