---METADATA---
HTTP_STATUS:200
TIME_TOTAL:3.534305
TIME_CONNECT:0.276491
SIZE_DOWNLOAD:1291
TIMESTAMP:2025-08-17 16:15:44 UTC
TRIGGER:schedule
