---METADATA---
HTTP_STATUS:200
TIME_TOTAL:3.359230
TIME_CONNECT:0.281097
SIZE_DOWNLOAD:1292
TIMESTAMP:2025-08-17 05:22:11 UTC
TRIGGER:schedule
