---METADATA---
HTTP_STATUS:200
TIME_TOTAL:3.475594
TIME_CONNECT:0.283312
SIZE_DOWNLOAD:1305
TIMESTAMP:2025-08-17 04:01:23 UTC
TRIGGER:schedule
