---METADATA---
HTTP_STATUS:200
TIME_TOTAL:3.413503
TIME_CONNECT:0.283103
SIZE_DOWNLOAD:1292
TIMESTAMP:2025-08-17 11:11:06 UTC
TRIGGER:schedule
