---METADATA---
HTTP_STATUS:200
TIME_TOTAL:3.355381
TIME_CONNECT:0.273553
SIZE_DOWNLOAD:1291
TIMESTAMP:2025-08-17 21:12:36 UTC
TRIGGER:schedule
