---METADATA---
HTTP_STATUS:200
TIME_TOTAL:3.655785
TIME_CONNECT:0.249558
SIZE_DOWNLOAD:1305
TIMESTAMP:2025-08-17 04:53:06 UTC
TRIGGER:schedule
