---METADATA---
HTTP_STATUS:200
TIME_TOTAL:3.690134
TIME_CONNECT:0.437585
SIZE_DOWNLOAD:1305
TIMESTAMP:2025-08-17 13:37:06 UTC
TRIGGER:schedule
