---METADATA---
HTTP_STATUS:200
TIME_TOTAL:3.496974
TIME_CONNECT:0.290078
SIZE_DOWNLOAD:1292
TIMESTAMP:2025-08-17 09:59:05 UTC
TRIGGER:schedule
