---METADATA---
HTTP_STATUS:200
TIME_TOTAL:3.539626
TIME_CONNECT:0.278022
SIZE_DOWNLOAD:1292
TIMESTAMP:2025-08-17 10:35:27 UTC
TRIGGER:schedule
