---METADATA---
HTTP_STATUS:200
TIME_TOTAL:3.348064
TIME_CONNECT:0.284760
SIZE_DOWNLOAD:1291
TIMESTAMP:2025-08-17 17:48:05 UTC
TRIGGER:schedule
