---METADATA---
HTTP_STATUS:200
TIME_TOTAL:3.878679
TIME_CONNECT:0.250164
SIZE_DOWNLOAD:1291
TIMESTAMP:2025-08-17 12:46:08 UTC
TRIGGER:schedule
