---METADATA---
HTTP_STATUS:200
TIME_TOTAL:3.452594
TIME_CONNECT:0.234552
SIZE_DOWNLOAD:1291
TIMESTAMP:2025-08-17 15:25:45 UTC
TRIGGER:schedule
