---METADATA---
HTTP_STATUS:200
TIME_TOTAL:3.445419
TIME_CONNECT:0.234049
SIZE_DOWNLOAD:1307
TIMESTAMP:2025-08-17 13:04:04 UTC
TRIGGER:schedule
