---METADATA---
HTTP_STATUS:200
TIME_TOTAL:3.728974
TIME_CONNECT:0.285030
SIZE_DOWNLOAD:1292
TIMESTAMP:2025-08-17 05:41:19 UTC
TRIGGER:schedule
