---METADATA---
HTTP_STATUS:200
TIME_TOTAL:1.149438
TIME_CONNECT:0.259250
SIZE_DOWNLOAD:1292
TIMESTAMP:2025-08-17 04:58:43 UTC
TRIGGER:schedule
