---METADATA---
HTTP_STATUS:200
TIME_TOTAL:3.530115
TIME_CONNECT:0.296175
SIZE_DOWNLOAD:1292
TIMESTAMP:2025-08-17 05:44:15 UTC
TRIGGER:schedule
