---METADATA---
HTTP_STATUS:200
TIME_TOTAL:1.197161
TIME_CONNECT:0.241469
SIZE_DOWNLOAD:1292
TIMESTAMP:2025-08-17 09:13:37 UTC
TRIGGER:schedule
