---METADATA---
HTTP_STATUS:200
TIME_TOTAL:3.425226
TIME_CONNECT:0.241733
SIZE_DOWNLOAD:1292
TIMESTAMP:2025-08-17 09:10:14 UTC
TRIGGER:schedule
