---METADATA---
HTTP_STATUS:200
TIME_TOTAL:3.265667
TIME_CONNECT:0.235006
SIZE_DOWNLOAD:1291
TIMESTAMP:2025-08-17 16:31:58 UTC
TRIGGER:schedule
