---METADATA---
HTTP_STATUS:200
TIME_TOTAL:3.287672
TIME_CONNECT:0.230224
SIZE_DOWNLOAD:1291
TIMESTAMP:2025-08-17 22:34:11 UTC
TRIGGER:schedule
