---METADATA---
HTTP_STATUS:200
TIME_TOTAL:3.615318
TIME_CONNECT:0.294712
SIZE_DOWNLOAD:1291
TIMESTAMP:2025-08-17 15:56:59 UTC
TRIGGER:schedule
