---METADATA---
HTTP_STATUS:200
TIME_TOTAL:3.479002
TIME_CONNECT:0.284385
SIZE_DOWNLOAD:1291
TIMESTAMP:2025-08-17 20:50:06 UTC
TRIGGER:schedule
