---METADATA---
HTTP_STATUS:200
TIME_TOTAL:1.216803
TIME_CONNECT:0.342945
SIZE_DOWNLOAD:1292
TIMESTAMP:2025-08-17 09:33:33 UTC
TRIGGER:schedule
