---METADATA---
HTTP_STATUS:200
TIME_TOTAL:3.456380
TIME_CONNECT:0.276483
SIZE_DOWNLOAD:1292
TIMESTAMP:2025-08-17 06:38:00 UTC
TRIGGER:schedule
