---METADATA---
HTTP_STATUS:200
TIME_TOTAL:3.469963
TIME_CONNECT:0.274638
SIZE_DOWNLOAD:1292
TIMESTAMP:2025-08-17 04:44:44 UTC
TRIGGER:schedule
