---METADATA---
HTTP_STATUS:200
TIME_TOTAL:3.411400
TIME_CONNECT:0.245541
SIZE_DOWNLOAD:1291
TIMESTAMP:2025-08-17 23:13:20 UTC
TRIGGER:schedule
