---METADATA---
HTTP_STATUS:200
TIME_TOTAL:3.549324
TIME_CONNECT:0.278051
SIZE_DOWNLOAD:1291
TIMESTAMP:2025-08-17 20:25:13 UTC
TRIGGER:schedule
