---METADATA---
HTTP_STATUS:200
TIME_TOTAL:3.379593
TIME_CONNECT:0.277365
SIZE_DOWNLOAD:1292
TIMESTAMP:2025-08-17 11:35:59 UTC
TRIGGER:schedule
