---METADATA---
HTTP_STATUS:200
TIME_TOTAL:3.486734
TIME_CONNECT:0.281533
SIZE_DOWNLOAD:1292
TIMESTAMP:2025-08-17 07:29:20 UTC
TRIGGER:schedule
