---METADATA---
HTTP_STATUS:200
TIME_TOTAL:3.540332
TIME_CONNECT:0.288990
SIZE_DOWNLOAD:1292
TIMESTAMP:2025-08-17 10:13:39 UTC
TRIGGER:schedule
