---METADATA---
HTTP_STATUS:200
TIME_TOTAL:3.413405
TIME_CONNECT:0.224008
SIZE_DOWNLOAD:1291
TIMESTAMP:2025-08-17 21:40:42 UTC
TRIGGER:schedule
