---METADATA---
HTTP_STATUS:200
TIME_TOTAL:3.503477
TIME_CONNECT:0.288255
SIZE_DOWNLOAD:1291
TIMESTAMP:2025-08-17 20:34:24 UTC
TRIGGER:schedule
