---METADATA---
HTTP_STATUS:200
TIME_TOTAL:1.090167
TIME_CONNECT:0.253330
SIZE_DOWNLOAD:1291
TIMESTAMP:2025-08-17 18:47:15 UTC
TRIGGER:schedule
