---METADATA---
HTTP_STATUS:200
TIME_TOTAL:3.496137
TIME_CONNECT:0.236209
SIZE_DOWNLOAD:1291
TIMESTAMP:2025-08-17 17:11:55 UTC
TRIGGER:schedule
