---METADATA---
HTTP_STATUS:200
TIME_TOTAL:3.468736
TIME_CONNECT:0.294024
SIZE_DOWNLOAD:1291
TIMESTAMP:2025-08-17 19:21:23 UTC
TRIGGER:schedule
