---METADATA---
HTTP_STATUS:200
TIME_TOTAL:3.443500
TIME_CONNECT:0.237933
SIZE_DOWNLOAD:1291
TIMESTAMP:2025-08-17 20:56:55 UTC
TRIGGER:schedule
