---METADATA---
HTTP_STATUS:200
TIME_TOTAL:3.524613
TIME_CONNECT:0.238821
SIZE_DOWNLOAD:1292
TIMESTAMP:2025-08-17 05:23:05 UTC
TRIGGER:schedule
