---METADATA---
HTTP_STATUS:200
TIME_TOTAL:3.481223
TIME_CONNECT:0.252039
SIZE_DOWNLOAD:1292
TIMESTAMP:2025-08-17 08:29:49 UTC
TRIGGER:schedule
