---METADATA---
HTTP_STATUS:200
TIME_TOTAL:3.479779
TIME_CONNECT:0.289908
SIZE_DOWNLOAD:1291
TIMESTAMP:2025-08-17 14:24:32 UTC
TRIGGER:schedule
