---METADATA---
HTTP_STATUS:200
TIME_TOTAL:3.502921
TIME_CONNECT:0.283340
SIZE_DOWNLOAD:1294
TIMESTAMP:2025-08-17 12:26:46 UTC
TRIGGER:schedule
