---METADATA---
HTTP_STATUS:200
TIME_TOTAL:3.630556
TIME_CONNECT:0.293878
SIZE_DOWNLOAD:1291
TIMESTAMP:2025-08-17 17:30:51 UTC
TRIGGER:schedule
