---METADATA---
HTTP_STATUS:200
TIME_TOTAL:3.620293
TIME_CONNECT:0.280740
SIZE_DOWNLOAD:1291
TIMESTAMP:2025-08-17 20:43:23 UTC
TRIGGER:schedule
