---METADATA---
HTTP_STATUS:200
TIME_TOTAL:3.633204
TIME_CONNECT:0.313345
SIZE_DOWNLOAD:1303
TIMESTAMP:2025-08-17 13:18:47 UTC
TRIGGER:schedule
