---METADATA---
HTTP_STATUS:200
TIME_TOTAL:3.461646
TIME_CONNECT:0.225670
SIZE_DOWNLOAD:1305
TIMESTAMP:2025-08-17 02:24:26 UTC
TRIGGER:schedule
