---METADATA---
HTTP_STATUS:200
TIME_TOTAL:3.601391
TIME_CONNECT:0.285351
SIZE_DOWNLOAD:1292
TIMESTAMP:2025-08-17 07:22:17 UTC
TRIGGER:schedule
