---METADATA---
HTTP_STATUS:200
TIME_TOTAL:3.361291
TIME_CONNECT:0.289376
SIZE_DOWNLOAD:1291
TIMESTAMP:2025-08-17 21:24:26 UTC
TRIGGER:schedule
