---METADATA---
HTTP_STATUS:200
TIME_TOTAL:3.354183
TIME_CONNECT:0.226831
SIZE_DOWNLOAD:1292
TIMESTAMP:2025-08-17 06:20:18 UTC
TRIGGER:schedule
