---METADATA---
HTTP_STATUS:200
TIME_TOTAL:3.750282
TIME_CONNECT:0.257837
SIZE_DOWNLOAD:1292
TIMESTAMP:2025-08-17 07:12:40 UTC
TRIGGER:schedule
