---METADATA---
HTTP_STATUS:200
TIME_TOTAL:3.470186
TIME_CONNECT:0.245268
SIZE_DOWNLOAD:1292
TIMESTAMP:2025-08-17 06:48:49 UTC
TRIGGER:schedule
