---METADATA---
HTTP_STATUS:200
TIME_TOTAL:3.552419
TIME_CONNECT:0.286130
SIZE_DOWNLOAD:1292
TIMESTAMP:2025-08-17 05:56:56 UTC
TRIGGER:schedule
