---METADATA---
HTTP_STATUS:200
TIME_TOTAL:3.637673
TIME_CONNECT:0.242799
SIZE_DOWNLOAD:1292
TIMESTAMP:2025-08-17 08:17:52 UTC
TRIGGER:schedule
