---METADATA---
HTTP_STATUS:200
TIME_TOTAL:3.592019
TIME_CONNECT:0.247249
SIZE_DOWNLOAD:1292
TIMESTAMP:2025-08-17 10:29:32 UTC
TRIGGER:schedule
