---METADATA---
HTTP_STATUS:200
TIME_TOTAL:3.360115
TIME_CONNECT:0.215555
SIZE_DOWNLOAD:1291
TIMESTAMP:2025-08-17 23:25:16 UTC
TRIGGER:schedule
