---METADATA---
HTTP_STATUS:200
TIME_TOTAL:3.563183
TIME_CONNECT:0.290860
SIZE_DOWNLOAD:1292
TIMESTAMP:2025-08-17 08:44:08 UTC
TRIGGER:schedule
