---METADATA---
HTTP_STATUS:200
TIME_TOTAL:3.512149
TIME_CONNECT:0.281058
SIZE_DOWNLOAD:1291
TIMESTAMP:2025-08-17 15:42:06 UTC
TRIGGER:schedule
