---METADATA---
HTTP_STATUS:200
TIME_TOTAL:1.114225
TIME_CONNECT:0.295005
SIZE_DOWNLOAD:1292
TIMESTAMP:2025-08-17 11:26:05 UTC
TRIGGER:schedule
