---METADATA---
HTTP_STATUS:200
TIME_TOTAL:3.410413
TIME_CONNECT:0.276072
SIZE_DOWNLOAD:1305
TIMESTAMP:2025-08-17 03:10:03 UTC
TRIGGER:schedule
