---METADATA---
HTTP_STATUS:200
TIME_TOTAL:3.498444
TIME_CONNECT:0.264929
SIZE_DOWNLOAD:1291
TIMESTAMP:2025-08-17 21:57:07 UTC
TRIGGER:schedule
