---METADATA---
HTTP_STATUS:200
TIME_TOTAL:3.544273
TIME_CONNECT:0.240543
SIZE_DOWNLOAD:1291
TIMESTAMP:2025-08-17 19:10:38 UTC
TRIGGER:schedule
