---METADATA---
HTTP_STATUS:200
TIME_TOTAL:1.036500
TIME_CONNECT:0.292505
SIZE_DOWNLOAD:1291
TIMESTAMP:2025-08-17 21:40:55 UTC
TRIGGER:schedule
