---METADATA---
HTTP_STATUS:200
TIME_TOTAL:3.176673
TIME_CONNECT:0.269161
SIZE_DOWNLOAD:1291
TIMESTAMP:2025-08-17 17:37:39 UTC
TRIGGER:schedule
