---METADATA---
HTTP_STATUS:200
TIME_TOTAL:3.394833
TIME_CONNECT:0.297734
SIZE_DOWNLOAD:1291
TIMESTAMP:2025-08-17 23:49:04 UTC
TRIGGER:schedule
