---METADATA---
HTTP_STATUS:200
TIME_TOTAL:3.599159
TIME_CONNECT:0.247056
SIZE_DOWNLOAD:1291
TIMESTAMP:2025-08-17 14:48:54 UTC
TRIGGER:schedule
