---METADATA---
HTTP_STATUS:200
TIME_TOTAL:3.393694
TIME_CONNECT:0.263502
SIZE_DOWNLOAD:1291
TIMESTAMP:2025-08-17 21:29:14 UTC
TRIGGER:schedule
