---METADATA---
HTTP_STATUS:200
TIME_TOTAL:3.556594
TIME_CONNECT:0.246486
SIZE_DOWNLOAD:1292
TIMESTAMP:2025-08-17 05:50:44 UTC
TRIGGER:schedule
