---METADATA---
HTTP_STATUS:200
TIME_TOTAL:3.425321
TIME_CONNECT:0.250973
SIZE_DOWNLOAD:1291
TIMESTAMP:2025-08-17 18:13:34 UTC
TRIGGER:schedule
