---METADATA---
HTTP_STATUS:200
TIME_TOTAL:3.621433
TIME_CONNECT:0.247014
SIZE_DOWNLOAD:1291
TIMESTAMP:2025-08-17 14:42:51 UTC
TRIGGER:schedule
