---METADATA---
HTTP_STATUS:200
TIME_TOTAL:3.481343
TIME_CONNECT:0.289954
SIZE_DOWNLOAD:1292
TIMESTAMP:2025-08-17 08:49:47 UTC
TRIGGER:schedule
