---METADATA---
HTTP_STATUS:200
TIME_TOTAL:3.513997
TIME_CONNECT:0.245991
SIZE_DOWNLOAD:1291
TIMESTAMP:2025-08-17 22:57:01 UTC
TRIGGER:schedule
