---METADATA---
HTTP_STATUS:200
TIME_TOTAL:3.394145
TIME_CONNECT:0.261858
SIZE_DOWNLOAD:1291
TIMESTAMP:2025-08-17 19:34:52 UTC
TRIGGER:schedule
