---METADATA---
HTTP_STATUS:200
TIME_TOTAL:1.105818
TIME_CONNECT:0.296724
SIZE_DOWNLOAD:1292
TIMESTAMP:2025-08-17 10:50:06 UTC
TRIGGER:schedule
