---METADATA---
HTTP_STATUS:200
TIME_TOTAL:3.533542
TIME_CONNECT:0.297774
SIZE_DOWNLOAD:1291
TIMESTAMP:2025-08-17 13:57:04 UTC
TRIGGER:schedule
