---METADATA---
HTTP_STATUS:200
TIME_TOTAL:3.393864
TIME_CONNECT:0.300749
SIZE_DOWNLOAD:1291
TIMESTAMP:2025-08-17 23:57:04 UTC
TRIGGER:schedule
