---METADATA---
HTTP_STATUS:200
TIME_TOTAL:3.212490
TIME_CONNECT:0.236143
SIZE_DOWNLOAD:1292
TIMESTAMP:2025-08-17 09:47:10 UTC
TRIGGER:schedule
