---METADATA---
HTTP_STATUS:200
TIME_TOTAL:3.570553
TIME_CONNECT:0.276111
SIZE_DOWNLOAD:1291
TIMESTAMP:2025-08-17 14:32:13 UTC
TRIGGER:schedule
