---METADATA---
HTTP_STATUS:200
TIME_TOTAL:3.411643
TIME_CONNECT:0.293229
SIZE_DOWNLOAD:1291
TIMESTAMP:2025-08-17 22:26:24 UTC
TRIGGER:schedule
