---METADATA---
HTTP_STATUS:200
TIME_TOTAL:3.617284
TIME_CONNECT:0.282110
SIZE_DOWNLOAD:1292
TIMESTAMP:2025-08-17 10:58:13 UTC
TRIGGER:schedule
