---METADATA---
HTTP_STATUS:200
TIME_TOTAL:3.529079
TIME_CONNECT:0.309098
SIZE_DOWNLOAD:1291
TIMESTAMP:2025-08-17 16:54:45 UTC
TRIGGER:schedule
