---METADATA---
HTTP_STATUS:200
TIME_TOTAL:3.309750
TIME_CONNECT:0.253544
SIZE_DOWNLOAD:1291
TIMESTAMP:2025-08-17 18:44:27 UTC
TRIGGER:schedule
