---METADATA---
HTTP_STATUS:200
TIME_TOTAL:3.546679
TIME_CONNECT:0.310798
SIZE_DOWNLOAD:1291
TIMESTAMP:2025-08-17 16:44:12 UTC
TRIGGER:schedule
