---METADATA---
HTTP_STATUS:200
TIME_TOTAL:3.406777
TIME_CONNECT:0.285033
SIZE_DOWNLOAD:1292
TIMESTAMP:2025-08-17 11:39:06 UTC
TRIGGER:schedule
