---METADATA---
HTTP_STATUS:200
TIME_TOTAL:3.565605
TIME_CONNECT:0.283423
SIZE_DOWNLOAD:1292
TIMESTAMP:2025-08-17 10:46:21 UTC
TRIGGER:schedule
