---METADATA---
HTTP_STATUS:200
TIME_TOTAL:3.398029
TIME_CONNECT:0.277980
SIZE_DOWNLOAD:1291
TIMESTAMP:2025-08-17 21:49:00 UTC
TRIGGER:schedule
