---METADATA---
HTTP_STATUS:200
TIME_TOTAL:3.446083
TIME_CONNECT:0.220704
SIZE_DOWNLOAD:1291
TIMESTAMP:2025-08-17 22:44:58 UTC
TRIGGER:schedule
