---METADATA---
HTTP_STATUS:200
TIME_TOTAL:3.393438
TIME_CONNECT:0.285935
SIZE_DOWNLOAD:1291
TIMESTAMP:2025-08-17 17:49:30 UTC
TRIGGER:schedule
