---METADATA---
HTTP_STATUS:200
TIME_TOTAL:3.384232
TIME_CONNECT:0.287697
SIZE_DOWNLOAD:1291
TIMESTAMP:2025-08-17 23:41:47 UTC
TRIGGER:schedule
