---METADATA---
HTTP_STATUS:200
TIME_TOTAL:3.344781
TIME_CONNECT:0.249152
SIZE_DOWNLOAD:1291
TIMESTAMP:2025-08-17 15:12:53 UTC
TRIGGER:schedule
