---METADATA---
HTTP_STATUS:200
TIME_TOTAL:3.487355
TIME_CONNECT:0.245701
SIZE_DOWNLOAD:1292
TIMESTAMP:2025-08-17 07:51:51 UTC
TRIGGER:schedule
