---METADATA---
HTTP_STATUS:200
TIME_TOTAL:3.410053
TIME_CONNECT:0.272569
SIZE_DOWNLOAD:1291
TIMESTAMP:2025-08-17 19:24:54 UTC
TRIGGER:schedule
