---METADATA---
HTTP_STATUS:200
TIME_TOTAL:3.439057
TIME_CONNECT:0.222369
SIZE_DOWNLOAD:1291
TIMESTAMP:2025-08-17 13:49:55 UTC
TRIGGER:schedule
