---METADATA---
HTTP_STATUS:200
TIME_TOTAL:3.348247
TIME_CONNECT:0.237944
SIZE_DOWNLOAD:1291
TIMESTAMP:2025-08-17 16:52:33 UTC
TRIGGER:schedule
