---METADATA---
HTTP_STATUS:200
TIME_TOTAL:3.453885
TIME_CONNECT:0.216320
SIZE_DOWNLOAD:1292
TIMESTAMP:2025-08-17 01:15:43 UTC
TRIGGER:schedule
