---METADATA---
HTTP_STATUS:200
TIME_TOTAL:1.046714
TIME_CONNECT:0.276544
SIZE_DOWNLOAD:1292
TIMESTAMP:2025-08-17 07:40:39 UTC
TRIGGER:schedule
