---METADATA---
HTTP_STATUS:200
TIME_TOTAL:3.417110
TIME_CONNECT:0.268113
SIZE_DOWNLOAD:1291
TIMESTAMP:2025-08-17 20:15:03 UTC
TRIGGER:schedule
