---METADATA---
HTTP_STATUS:200
TIME_TOTAL:3.504849
TIME_CONNECT:0.339428
SIZE_DOWNLOAD:1291
TIMESTAMP:2025-08-17 17:19:34 UTC
TRIGGER:schedule
