---METADATA---
HTTP_STATUS:200
TIME_TOTAL:3.684064
TIME_CONNECT:0.292313
SIZE_DOWNLOAD:1292
TIMESTAMP:2025-08-17 06:55:44 UTC
TRIGGER:schedule
