---METADATA---
HTTP_STATUS:200
TIME_TOTAL:3.679839
TIME_CONNECT:0.302105
SIZE_DOWNLOAD:1292
TIMESTAMP:2025-08-17 09:31:04 UTC
TRIGGER:schedule
