---METADATA---
HTTP_STATUS:200
TIME_TOTAL:3.475444
TIME_CONNECT:0.286519
SIZE_DOWNLOAD:1294
TIMESTAMP:2025-06-14 10:44:27 UTC
TRIGGER:schedule
