---METADATA---
HTTP_STATUS:200
TIME_TOTAL:3.580160
TIME_CONNECT:0.242835
SIZE_DOWNLOAD:1292
TIMESTAMP:2025-06-14 08:27:14 UTC
TRIGGER:schedule
