---METADATA---
HTTP_STATUS:200
TIME_TOTAL:3.569851
TIME_CONNECT:0.287137
SIZE_DOWNLOAD:1294
TIMESTAMP:2025-06-14 11:19:33 UTC
TRIGGER:schedule
