---METADATA---
HTTP_STATUS:200
TIME_TOTAL:3.191892
TIME_CONNECT:0.285988
SIZE_DOWNLOAD:1294
TIMESTAMP:2025-06-14 10:26:48 UTC
TRIGGER:schedule
