---METADATA---
HTTP_STATUS:200
TIME_TOTAL:3.703575
TIME_CONNECT:0.230775
SIZE_DOWNLOAD:1305
TIMESTAMP:2025-06-14 13:45:16 UTC
TRIGGER:schedule
