---METADATA---
HTTP_STATUS:200
TIME_TOTAL:3.267704
TIME_CONNECT:0.251952
SIZE_DOWNLOAD:1292
TIMESTAMP:2025-06-14 06:12:26 UTC
TRIGGER:schedule
