---METADATA---
HTTP_STATUS:200
TIME_TOTAL:3.642819
TIME_CONNECT:0.291352
SIZE_DOWNLOAD:1305
TIMESTAMP:2025-06-14 13:29:28 UTC
TRIGGER:schedule
