---METADATA---
HTTP_STATUS:200
TIME_TOTAL:3.619371
TIME_CONNECT:0.293200
SIZE_DOWNLOAD:1305
TIMESTAMP:2025-06-14 11:10:33 UTC
TRIGGER:schedule
