---METADATA---
HTTP_STATUS:200
TIME_TOTAL:3.578907
TIME_CONNECT:0.243630
SIZE_DOWNLOAD:1290
TIMESTAMP:2025-06-14 15:12:42 UTC
TRIGGER:schedule
