---METADATA---
HTTP_STATUS:200
TIME_TOTAL:3.070205
TIME_CONNECT:0.225726
SIZE_DOWNLOAD:1292
TIMESTAMP:2025-06-14 11:58:58 UTC
TRIGGER:schedule
