---METADATA---
HTTP_STATUS:200
TIME_TOTAL:3.286727
TIME_CONNECT:0.280964
SIZE_DOWNLOAD:1290
TIMESTAMP:2025-06-14 14:48:25 UTC
TRIGGER:schedule
