---METADATA---
HTTP_STATUS:200
TIME_TOTAL:1.065172
TIME_CONNECT:0.274470
SIZE_DOWNLOAD:1294
TIMESTAMP:2025-06-14 09:32:46 UTC
TRIGGER:schedule
