---METADATA---
HTTP_STATUS:200
TIME_TOTAL:3.370763
TIME_CONNECT:0.227987
SIZE_DOWNLOAD:1290
TIMESTAMP:2025-06-14 22:56:55 UTC
TRIGGER:schedule
