---METADATA---
HTTP_STATUS:200
TIME_TOTAL:3.393150
TIME_CONNECT:0.238870
SIZE_DOWNLOAD:1291
TIMESTAMP:2025-06-14 13:35:13 UTC
TRIGGER:schedule
