---METADATA---
HTTP_STATUS:200
TIME_TOTAL:3.373366
TIME_CONNECT:0.246962
SIZE_DOWNLOAD:1294
TIMESTAMP:2025-06-14 13:00:43 UTC
TRIGGER:schedule
