---METADATA---
HTTP_STATUS:200
TIME_TOTAL:3.287409
TIME_CONNECT:0.237495
SIZE_DOWNLOAD:1290
TIMESTAMP:2025-06-14 23:25:44 UTC
TRIGGER:schedule
