---METADATA---
HTTP_STATUS:200
TIME_TOTAL:3.371821
TIME_CONNECT:0.246354
SIZE_DOWNLOAD:1290
TIMESTAMP:2025-06-14 18:17:02 UTC
TRIGGER:schedule
