---METADATA---
HTTP_STATUS:200
TIME_TOTAL:3.311462
TIME_CONNECT:0.295654
SIZE_DOWNLOAD:1290
TIMESTAMP:2025-06-14 18:34:15 UTC
TRIGGER:schedule
