---METADATA---
HTTP_STATUS:200
TIME_TOTAL:3.729228
TIME_CONNECT:0.245206
SIZE_DOWNLOAD:1296
TIMESTAMP:2025-06-14 08:42:52 UTC
TRIGGER:schedule
