---METADATA---
HTTP_STATUS:200
TIME_TOTAL:3.598190
TIME_CONNECT:0.265850
SIZE_DOWNLOAD:1305
TIMESTAMP:2025-06-14 04:49:13 UTC
TRIGGER:schedule
