---METADATA---
HTTP_STATUS:200
TIME_TOTAL:3.202462
TIME_CONNECT:0.259459
SIZE_DOWNLOAD:1290
TIMESTAMP:2025-06-14 21:23:02 UTC
TRIGGER:schedule
