---METADATA---
HTTP_STATUS:200
TIME_TOTAL:3.336011
TIME_CONNECT:0.238215
SIZE_DOWNLOAD:1294
TIMESTAMP:2025-06-14 09:28:32 UTC
TRIGGER:schedule
