---METADATA---
HTTP_STATUS:200
TIME_TOTAL:3.666587
TIME_CONNECT:0.246925
SIZE_DOWNLOAD:1291
TIMESTAMP:2025-06-14 08:47:38 UTC
TRIGGER:schedule
