---METADATA---
HTTP_STATUS:200
TIME_TOTAL:1.238928
TIME_CONNECT:0.322213
SIZE_DOWNLOAD:1292
TIMESTAMP:2025-06-14 10:49:03 UTC
TRIGGER:schedule
