---METADATA---
HTTP_STATUS:200
TIME_TOTAL:3.363783
TIME_CONNECT:0.278351
SIZE_DOWNLOAD:1290
TIMESTAMP:2025-06-14 17:59:05 UTC
TRIGGER:schedule
