---METADATA---
HTTP_STATUS:200
TIME_TOTAL:3.365490
TIME_CONNECT:0.268639
SIZE_DOWNLOAD:1292
TIMESTAMP:2025-06-14 11:35:11 UTC
TRIGGER:schedule
