---METADATA---
HTTP_STATUS:200
TIME_TOTAL:3.435991
TIME_CONNECT:0.266960
SIZE_DOWNLOAD:1290
TIMESTAMP:2025-06-14 15:43:07 UTC
TRIGGER:schedule
