---METADATA---
HTTP_STATUS:200
TIME_TOTAL:3.686596
TIME_CONNECT:0.307660
SIZE_DOWNLOAD:1290
TIMESTAMP:2025-06-14 17:35:30 UTC
TRIGGER:schedule
