---METADATA---
HTTP_STATUS:200
TIME_TOTAL:1.014546
TIME_CONNECT:0.228660
SIZE_DOWNLOAD:1290
TIMESTAMP:2025-06-14 19:28:44 UTC
TRIGGER:schedule
