---METADATA---
HTTP_STATUS:200
TIME_TOTAL:3.358093
TIME_CONNECT:0.295326
SIZE_DOWNLOAD:1290
TIMESTAMP:2025-06-14 21:38:57 UTC
TRIGGER:schedule
