---METADATA---
HTTP_STATUS:200
TIME_TOTAL:3.443285
TIME_CONNECT:0.239131
SIZE_DOWNLOAD:1294
TIMESTAMP:2025-06-14 09:57:11 UTC
TRIGGER:schedule
