---METADATA---
HTTP_STATUS:200
TIME_TOTAL:0.953154
TIME_CONNECT:0.226055
SIZE_DOWNLOAD:1307
TIMESTAMP:2025-06-14 05:49:50 UTC
TRIGGER:schedule
