---METADATA---
HTTP_STATUS:200
TIME_TOTAL:3.617144
TIME_CONNECT:0.275511
SIZE_DOWNLOAD:1290
TIMESTAMP:2025-06-14 15:51:17 UTC
TRIGGER:schedule
