---METADATA---
HTTP_STATUS:200
TIME_TOTAL:3.354650
TIME_CONNECT:0.237283
SIZE_DOWNLOAD:1305
TIMESTAMP:2025-06-14 13:48:43 UTC
TRIGGER:schedule
