---METADATA---
HTTP_STATUS:200
TIME_TOTAL:3.325381
TIME_CONNECT:0.234716
SIZE_DOWNLOAD:1307
TIMESTAMP:2025-06-14 07:38:53 UTC
TRIGGER:schedule
