---METADATA---
HTTP_STATUS:200
TIME_TOTAL:3.692046
TIME_CONNECT:0.275336
SIZE_DOWNLOAD:1290
TIMESTAMP:2025-06-14 14:23:22 UTC
TRIGGER:schedule
