---METADATA---
HTTP_STATUS:200
TIME_TOTAL:3.376388
TIME_CONNECT:0.306762
SIZE_DOWNLOAD:1294
TIMESTAMP:2025-06-14 08:54:47 UTC
TRIGGER:schedule
