---METADATA---
HTTP_STATUS:200
TIME_TOTAL:3.563956
TIME_CONNECT:0.234712
SIZE_DOWNLOAD:1305
TIMESTAMP:2025-06-14 07:48:12 UTC
TRIGGER:schedule
