---METADATA---
HTTP_STATUS:200
TIME_TOTAL:3.303639
TIME_CONNECT:0.319993
SIZE_DOWNLOAD:1290
TIMESTAMP:2025-06-14 20:26:31 UTC
TRIGGER:schedule
