---METADATA---
HTTP_STATUS:200
TIME_TOTAL:3.232484
TIME_CONNECT:0.237970
SIZE_DOWNLOAD:1290
TIMESTAMP:2025-06-14 21:12:12 UTC
TRIGGER:schedule
