---METADATA---
HTTP_STATUS:200
TIME_TOTAL:3.346421
TIME_CONNECT:0.271234
SIZE_DOWNLOAD:1305
TIMESTAMP:2025-06-14 02:49:02 UTC
TRIGGER:schedule
