---METADATA---
HTTP_STATUS:200
TIME_TOTAL:3.358384
TIME_CONNECT:0.274614
SIZE_DOWNLOAD:1294
TIMESTAMP:2025-06-14 09:14:08 UTC
TRIGGER:schedule
