---METADATA---
HTTP_STATUS:200
TIME_TOTAL:3.337934
TIME_CONNECT:0.246614
SIZE_DOWNLOAD:1290
TIMESTAMP:2025-06-14 20:56:47 UTC
TRIGGER:schedule
