---METADATA---
HTTP_STATUS:200
TIME_TOTAL:3.506751
TIME_CONNECT:0.274740
SIZE_DOWNLOAD:1290
TIMESTAMP:2025-06-14 15:30:05 UTC
TRIGGER:schedule
