---METADATA---
HTTP_STATUS:200
TIME_TOTAL:0.894879
TIME_CONNECT:0.229750
SIZE_DOWNLOAD:1306
TIMESTAMP:2025-06-14 05:34:22 UTC
TRIGGER:schedule
