---METADATA---
HTTP_STATUS:200
TIME_TOTAL:3.242396
TIME_CONNECT:0.293565
SIZE_DOWNLOAD:1290
TIMESTAMP:2025-06-14 19:10:15 UTC
TRIGGER:schedule
