---METADATA---
HTTP_STATUS:200
TIME_TOTAL:3.468386
TIME_CONNECT:0.352467
SIZE_DOWNLOAD:1305
TIMESTAMP:2025-06-14 02:05:13 UTC
TRIGGER:schedule
