---METADATA---
HTTP_STATUS:200
TIME_TOTAL:3.419993
TIME_CONNECT:0.281812
SIZE_DOWNLOAD:1290
TIMESTAMP:2025-06-14 19:16:57 UTC
TRIGGER:schedule
