---METADATA---
HTTP_STATUS:200
TIME_TOTAL:3.380622
TIME_CONNECT:0.304589
SIZE_DOWNLOAD:1290
TIMESTAMP:2025-06-14 17:29:15 UTC
TRIGGER:schedule
