---METADATA---
HTTP_STATUS:200
TIME_TOTAL:3.321264
TIME_CONNECT:0.289890
SIZE_DOWNLOAD:1290
TIMESTAMP:2025-06-14 17:18:32 UTC
TRIGGER:schedule
