---METADATA---
HTTP_STATUS:200
TIME_TOTAL:1.038357
TIME_CONNECT:0.243738
SIZE_DOWNLOAD:1294
TIMESTAMP:2025-06-14 05:13:50 UTC
TRIGGER:schedule
