---METADATA---
HTTP_STATUS:200
TIME_TOTAL:3.019104
TIME_CONNECT:0.231499
SIZE_DOWNLOAD:1290
TIMESTAMP:2025-06-14 21:52:10 UTC
TRIGGER:schedule
