---METADATA---
HTTP_STATUS:200
TIME_TOTAL:3.499643
TIME_CONNECT:0.286574
SIZE_DOWNLOAD:1305
TIMESTAMP:2025-06-14 08:16:35 UTC
TRIGGER:schedule
