---METADATA---
HTTP_STATUS:200
TIME_TOTAL:3.405918
TIME_CONNECT:0.263833
SIZE_DOWNLOAD:1290
TIMESTAMP:2025-06-14 15:57:01 UTC
TRIGGER:schedule
