---METADATA---
HTTP_STATUS:200
TIME_TOTAL:3.221655
TIME_CONNECT:0.229219
SIZE_DOWNLOAD:1290
TIMESTAMP:2025-06-14 17:11:11 UTC
TRIGGER:schedule
