---METADATA---
HTTP_STATUS:200
TIME_TOTAL:3.558037
TIME_CONNECT:0.246865
SIZE_DOWNLOAD:1293
TIMESTAMP:2025-06-14 03:52:31 UTC
TRIGGER:schedule
