---METADATA---
HTTP_STATUS:200
TIME_TOTAL:3.323453
TIME_CONNECT:0.240312
SIZE_DOWNLOAD:1309
TIMESTAMP:2025-06-14 04:47:42 UTC
TRIGGER:schedule
