---METADATA---
HTTP_STATUS:200
TIME_TOTAL:3.318238
TIME_CONNECT:0.230990
SIZE_DOWNLOAD:1290
TIMESTAMP:2025-06-14 14:57:07 UTC
TRIGGER:schedule
