---METADATA---
HTTP_STATUS:200
TIME_TOTAL:3.423137
TIME_CONNECT:0.310927
SIZE_DOWNLOAD:1290
TIMESTAMP:2025-06-14 20:13:56 UTC
TRIGGER:schedule
