---METADATA---
HTTP_STATUS:200
TIME_TOTAL:3.216523
TIME_CONNECT:0.229415
SIZE_DOWNLOAD:1307
TIMESTAMP:2025-06-14 05:09:18 UTC
TRIGGER:schedule
