---METADATA---
HTTP_STATUS:200
TIME_TOTAL:1.026988
TIME_CONNECT:0.291879
SIZE_DOWNLOAD:1293
TIMESTAMP:2025-06-14 07:27:50 UTC
TRIGGER:schedule
