---METADATA---
HTTP_STATUS:200
TIME_TOTAL:3.259849
TIME_CONNECT:0.248341
SIZE_DOWNLOAD:1290
TIMESTAMP:2025-06-14 22:21:12 UTC
TRIGGER:schedule
