---METADATA---
HTTP_STATUS:200
TIME_TOTAL:3.537123
TIME_CONNECT:0.247226
SIZE_DOWNLOAD:1306
TIMESTAMP:2025-06-14 03:40:02 UTC
TRIGGER:schedule
