---METADATA---
HTTP_STATUS:200
TIME_TOTAL:3.442325
TIME_CONNECT:0.232017
SIZE_DOWNLOAD:1294
TIMESTAMP:2025-06-14 03:59:36 UTC
TRIGGER:schedule
