---METADATA---
HTTP_STATUS:200
TIME_TOTAL:3.494199
TIME_CONNECT:0.274228
SIZE_DOWNLOAD:1292
TIMESTAMP:2025-06-14 06:18:32 UTC
TRIGGER:schedule
