---METADATA---
HTTP_STATUS:200
TIME_TOTAL:3.407164
TIME_CONNECT:0.287840
SIZE_DOWNLOAD:1292
TIMESTAMP:2025-06-14 11:47:05 UTC
TRIGGER:schedule
