---METADATA---
HTTP_STATUS:200
TIME_TOTAL:3.495344
TIME_CONNECT:0.274470
SIZE_DOWNLOAD:1294
TIMESTAMP:2025-06-14 04:27:35 UTC
TRIGGER:schedule
