---METADATA---
HTTP_STATUS:200
TIME_TOTAL:3.373077
TIME_CONNECT:0.243868
SIZE_DOWNLOAD:1305
TIMESTAMP:2025-06-14 12:50:54 UTC
TRIGGER:schedule
