---METADATA---
HTTP_STATUS:200
TIME_TOTAL:3.313445
TIME_CONNECT:0.285864
SIZE_DOWNLOAD:1290
TIMESTAMP:2025-06-14 14:31:02 UTC
TRIGGER:schedule
