---METADATA---
HTTP_STATUS:200
TIME_TOTAL:3.589016
TIME_CONNECT:0.295158
SIZE_DOWNLOAD:1290
TIMESTAMP:2025-06-14 19:48:04 UTC
TRIGGER:schedule
