---METADATA---
HTTP_STATUS:200
TIME_TOTAL:3.458329
TIME_CONNECT:0.290014
SIZE_DOWNLOAD:1290
TIMESTAMP:2025-06-14 20:42:55 UTC
TRIGGER:schedule
