---METADATA---
HTTP_STATUS:200
TIME_TOTAL:3.179120
TIME_CONNECT:0.278312
SIZE_DOWNLOAD:1296
TIMESTAMP:2025-06-14 07:23:19 UTC
TRIGGER:schedule
