---METADATA---
HTTP_STATUS:200
TIME_TOTAL:3.315714
TIME_CONNECT:0.315161
SIZE_DOWNLOAD:1290
TIMESTAMP:2025-06-14 21:40:00 UTC
TRIGGER:schedule
