---METADATA---
HTTP_STATUS:200
TIME_TOTAL:3.607128
TIME_CONNECT:0.305303
SIZE_DOWNLOAD:1290
TIMESTAMP:2025-06-14 13:57:13 UTC
TRIGGER:schedule
