---METADATA---
HTTP_STATUS:200
TIME_TOTAL:3.319798
TIME_CONNECT:0.305537
SIZE_DOWNLOAD:1290
TIMESTAMP:2025-06-14 15:25:03 UTC
TRIGGER:schedule
