---METADATA---
HTTP_STATUS:200
TIME_TOTAL:3.480714
TIME_CONNECT:0.236253
SIZE_DOWNLOAD:1307
TIMESTAMP:2025-06-14 05:49:07 UTC
TRIGGER:schedule
