---METADATA---
HTTP_STATUS:200
TIME_TOTAL:3.291632
TIME_CONNECT:0.294443
SIZE_DOWNLOAD:1290
TIMESTAMP:2025-06-14 18:44:37 UTC
TRIGGER:schedule
