---METADATA---
HTTP_STATUS:200
TIME_TOTAL:3.203750
TIME_CONNECT:0.226656
SIZE_DOWNLOAD:1290
TIMESTAMP:2025-06-14 22:32:43 UTC
TRIGGER:schedule
