---METADATA---
HTTP_STATUS:200
TIME_TOTAL:3.279542
TIME_CONNECT:0.250679
SIZE_DOWNLOAD:1290
TIMESTAMP:2025-06-14 23:13:48 UTC
TRIGGER:schedule
