---METADATA---
HTTP_STATUS:200
TIME_TOTAL:3.249700
TIME_CONNECT:0.257971
SIZE_DOWNLOAD:1290
TIMESTAMP:2025-06-14 20:31:35 UTC
TRIGGER:schedule
