---METADATA---
HTTP_STATUS:200
TIME_TOTAL:3.470184
TIME_CONNECT:0.238765
SIZE_DOWNLOAD:1294
TIMESTAMP:2025-06-14 09:49:01 UTC
TRIGGER:schedule
