---METADATA---
HTTP_STATUS:200
TIME_TOTAL:3.516062
TIME_CONNECT:0.244667
SIZE_DOWNLOAD:1305
TIMESTAMP:2025-06-14 01:06:41 UTC
TRIGGER:schedule
