---METADATA---
HTTP_STATUS:200
TIME_TOTAL:3.377987
TIME_CONNECT:0.300332
SIZE_DOWNLOAD:1307
TIMESTAMP:2025-06-14 07:37:32 UTC
TRIGGER:schedule
