---METADATA---
HTTP_STATUS:200
TIME_TOTAL:3.709987
TIME_CONNECT:0.292507
SIZE_DOWNLOAD:1292
TIMESTAMP:2025-06-14 11:48:15 UTC
TRIGGER:schedule
