---METADATA---
HTTP_STATUS:200
TIME_TOTAL:3.535833
TIME_CONNECT:0.261023
SIZE_DOWNLOAD:1290
TIMESTAMP:2025-06-14 16:30:28 UTC
TRIGGER:schedule
