---METADATA---
HTTP_STATUS:200
TIME_TOTAL:3.210666
TIME_CONNECT:0.232209
SIZE_DOWNLOAD:1290
TIMESTAMP:2025-06-14 20:48:21 UTC
TRIGGER:schedule
