---METADATA---
HTTP_STATUS:200
TIME_TOTAL:3.392642
TIME_CONNECT:0.246328
SIZE_DOWNLOAD:1290
TIMESTAMP:2025-06-14 23:31:34 UTC
TRIGGER:schedule
