---METADATA---
HTTP_STATUS:200
TIME_TOTAL:3.703484
TIME_CONNECT:0.290208
SIZE_DOWNLOAD:1296
TIMESTAMP:2025-06-14 06:43:12 UTC
TRIGGER:schedule
