---METADATA---
HTTP_STATUS:200
TIME_TOTAL:3.801086
TIME_CONNECT:0.302995
SIZE_DOWNLOAD:1292
TIMESTAMP:2025-06-14 11:32:17 UTC
TRIGGER:schedule
