---METADATA---
HTTP_STATUS:200
TIME_TOTAL:3.327552
TIME_CONNECT:0.296299
SIZE_DOWNLOAD:1290
TIMESTAMP:2025-06-14 23:56:57 UTC
TRIGGER:schedule
