---METADATA---
HTTP_STATUS:200
TIME_TOTAL:3.389396
TIME_CONNECT:0.275345
SIZE_DOWNLOAD:1304
TIMESTAMP:2025-06-14 03:17:17 UTC
TRIGGER:schedule
