---METADATA---
HTTP_STATUS:200
TIME_TOTAL:3.351470
TIME_CONNECT:0.274476
SIZE_DOWNLOAD:1290
TIMESTAMP:2025-06-14 16:15:07 UTC
TRIGGER:schedule
