---METADATA---
HTTP_STATUS:200
TIME_TOTAL:3.337518
TIME_CONNECT:0.272887
SIZE_DOWNLOAD:1305
TIMESTAMP:2025-06-14 07:51:04 UTC
TRIGGER:schedule
