---METADATA---
HTTP_STATUS:200
TIME_TOTAL:3.626970
TIME_CONNECT:0.323208
SIZE_DOWNLOAD:1294
TIMESTAMP:2025-06-14 10:13:43 UTC
TRIGGER:schedule
