---METADATA---
HTTP_STATUS:200
TIME_TOTAL:1.023541
TIME_CONNECT:0.283513
SIZE_DOWNLOAD:1290
TIMESTAMP:2025-06-14 17:48:22 UTC
TRIGGER:schedule
