---METADATA---
HTTP_STATUS:200
TIME_TOTAL:3.463547
TIME_CONNECT:0.243960
SIZE_DOWNLOAD:1294
TIMESTAMP:2025-06-14 09:45:23 UTC
TRIGGER:schedule
