---METADATA---
HTTP_STATUS:200
TIME_TOTAL:1.116159
TIME_CONNECT:0.269489
SIZE_DOWNLOAD:1292
TIMESTAMP:2025-06-14 11:24:36 UTC
TRIGGER:schedule
