---METADATA---
HTTP_STATUS:200
TIME_TOTAL:3.313996
TIME_CONNECT:0.234767
SIZE_DOWNLOAD:1290
TIMESTAMP:2025-06-14 19:23:21 UTC
TRIGGER:schedule
