---METADATA---
HTTP_STATUS:200
TIME_TOTAL:3.466280
TIME_CONNECT:0.395606
SIZE_DOWNLOAD:1290
TIMESTAMP:2025-06-14 16:38:37 UTC
TRIGGER:schedule
