---METADATA---
HTTP_STATUS:200
TIME_TOTAL:3.505717
TIME_CONNECT:0.231901
SIZE_DOWNLOAD:1296
TIMESTAMP:2025-06-14 06:56:58 UTC
TRIGGER:schedule
