---METADATA---
HTTP_STATUS:200
TIME_TOTAL:3.365106
TIME_CONNECT:0.298088
SIZE_DOWNLOAD:1290
TIMESTAMP:2025-06-14 15:40:52 UTC
TRIGGER:schedule
