---METADATA---
HTTP_STATUS:200
TIME_TOTAL:3.443788
TIME_CONNECT:0.268375
SIZE_DOWNLOAD:1290
TIMESTAMP:2025-06-14 22:42:50 UTC
TRIGGER:schedule
