---METADATA---
HTTP_STATUS:200
TIME_TOTAL:3.479297
TIME_CONNECT:0.256731
SIZE_DOWNLOAD:1290
TIMESTAMP:2025-06-14 19:57:04 UTC
TRIGGER:schedule
