---METADATA---
HTTP_STATUS:200
TIME_TOTAL:3.239326
TIME_CONNECT:0.278694
SIZE_DOWNLOAD:1290
TIMESTAMP:2025-06-14 22:48:44 UTC
TRIGGER:schedule
