---METADATA---
HTTP_STATUS:200
TIME_TOTAL:3.648595
TIME_CONNECT:0.280921
SIZE_DOWNLOAD:1290
TIMESTAMP:2025-06-14 19:34:32 UTC
TRIGGER:schedule
