---METADATA---
HTTP_STATUS:200
TIME_TOTAL:1.141580
TIME_CONNECT:0.278957
SIZE_DOWNLOAD:1296
TIMESTAMP:2025-06-14 06:45:21 UTC
TRIGGER:schedule
