---METADATA---
HTTP_STATUS:200
TIME_TOTAL:3.658373
TIME_CONNECT:0.232353
SIZE_DOWNLOAD:1294
TIMESTAMP:2025-06-14 08:59:17 UTC
TRIGGER:schedule
