---METADATA---
HTTP_STATUS:200
TIME_TOTAL:3.474560
TIME_CONNECT:0.290193
SIZE_DOWNLOAD:1290
TIMESTAMP:2025-06-14 14:42:05 UTC
TRIGGER:schedule
