---METADATA---
HTTP_STATUS:200
TIME_TOTAL:3.197731
TIME_CONNECT:0.280536
SIZE_DOWNLOAD:1290
TIMESTAMP:2025-06-14 19:40:44 UTC
TRIGGER:schedule
