---METADATA---
HTTP_STATUS:200
TIME_TOTAL:1.109004
TIME_CONNECT:0.285913
SIZE_DOWNLOAD:1294
TIMESTAMP:2025-06-14 04:29:03 UTC
TRIGGER:schedule
