---METADATA---
HTTP_STATUS:200
TIME_TOTAL:3.449538
TIME_CONNECT:0.339909
SIZE_DOWNLOAD:1290
TIMESTAMP:2025-06-14 21:48:10 UTC
TRIGGER:schedule
