---METADATA---
HTTP_STATUS:200
TIME_TOTAL:3.304915
TIME_CONNECT:0.246427
SIZE_DOWNLOAD:1306
TIMESTAMP:2025-06-14 05:34:01 UTC
TRIGGER:schedule
