---METADATA---
HTTP_STATUS:200
TIME_TOTAL:3.234477
TIME_CONNECT:0.279008
SIZE_DOWNLOAD:1290
TIMESTAMP:2025-06-14 23:41:48 UTC
TRIGGER:schedule
