---METADATA---
HTTP_STATUS:200
TIME_TOTAL:3.422388
TIME_CONNECT:0.337754
SIZE_DOWNLOAD:1290
TIMESTAMP:2025-06-14 16:51:15 UTC
TRIGGER:schedule
