---METADATA---
HTTP_STATUS:200
TIME_TOTAL:3.141854
TIME_CONNECT:0.301278
SIZE_DOWNLOAD:1290
TIMESTAMP:2025-06-14 23:48:08 UTC
TRIGGER:schedule
