---METADATA---
HTTP_STATUS:200
TIME_TOTAL:3.349822
TIME_CONNECT:0.292982
SIZE_DOWNLOAD:1291
TIMESTAMP:2025-06-14 07:12:36 UTC
TRIGGER:schedule
