---METADATA---
HTTP_STATUS:200
TIME_TOTAL:3.358476
TIME_CONNECT:0.271267
SIZE_DOWNLOAD:1290
TIMESTAMP:2025-06-14 18:54:49 UTC
TRIGGER:schedule
