---METADATA---
HTTP_STATUS:200
TIME_TOTAL:3.594402
TIME_CONNECT:0.240551
SIZE_DOWNLOAD:1307
TIMESTAMP:2025-06-14 10:57:00 UTC
TRIGGER:schedule
