---METADATA---
HTTP_STATUS:200
TIME_TOTAL:3.396463
TIME_CONNECT:0.229340
SIZE_DOWNLOAD:1290
TIMESTAMP:2025-06-14 17:40:31 UTC
TRIGGER:schedule
