---METADATA---
HTTP_STATUS:200
TIME_TOTAL:3.393153
TIME_CONNECT:0.239918
SIZE_DOWNLOAD:1290
TIMESTAMP:2025-06-14 18:52:40 UTC
TRIGGER:schedule
