---METADATA---
HTTP_STATUS:200
TIME_TOTAL:3.244985
TIME_CONNECT:0.232596
SIZE_DOWNLOAD:1290
TIMESTAMP:2025-06-14 17:47:15 UTC
TRIGGER:schedule
