---METADATA---
HTTP_STATUS:200
TIME_TOTAL:3.500534
TIME_CONNECT:0.279565
SIZE_DOWNLOAD:1290
TIMESTAMP:2025-06-14 14:11:39 UTC
TRIGGER:schedule
