---METADATA---
HTTP_STATUS:200
TIME_TOTAL:3.381026
TIME_CONNECT:0.237964
SIZE_DOWNLOAD:1294
TIMESTAMP:2025-06-14 10:34:54 UTC
TRIGGER:schedule
