---METADATA---
HTTP_STATUS:200
TIME_TOTAL:3.456657
TIME_CONNECT:0.319409
SIZE_DOWNLOAD:1292
TIMESTAMP:2025-06-14 12:24:55 UTC
TRIGGER:schedule
