---METADATA---
HTTP_STATUS:200
TIME_TOTAL:3.340741
TIME_CONNECT:0.254639
SIZE_DOWNLOAD:1290
TIMESTAMP:2025-06-14 21:28:01 UTC
TRIGGER:schedule
