---METADATA---
HTTP_STATUS:200
TIME_TOTAL:3.633849
TIME_CONNECT:0.221906
SIZE_DOWNLOAD:1292
TIMESTAMP:2025-06-29 03:45:19 UTC
TRIGGER:schedule
