---METADATA---
HTTP_STATUS:200
TIME_TOTAL:3.363857
TIME_CONNECT:0.296255
SIZE_DOWNLOAD:1307
TIMESTAMP:2025-06-29 22:43:53 UTC
TRIGGER:schedule
