---METADATA---
HTTP_STATUS:200
TIME_TOTAL:3.365548
TIME_CONNECT:0.267749
SIZE_DOWNLOAD:1307
TIMESTAMP:2025-06-29 23:41:20 UTC
TRIGGER:schedule
