---METADATA---
HTTP_STATUS:200
TIME_TOTAL:3.432855
TIME_CONNECT:0.242190
SIZE_DOWNLOAD:1307
TIMESTAMP:2025-06-29 16:44:34 UTC
TRIGGER:schedule
