---METADATA---
HTTP_STATUS:200
TIME_TOTAL:3.402320
TIME_CONNECT:0.316364
SIZE_DOWNLOAD:1307
TIMESTAMP:2025-06-29 18:57:00 UTC
TRIGGER:schedule
