---METADATA---
HTTP_STATUS:200
TIME_TOTAL:3.253132
TIME_CONNECT:0.262978
SIZE_DOWNLOAD:1294
TIMESTAMP:2025-06-29 10:29:49 UTC
TRIGGER:schedule
