---METADATA---
HTTP_STATUS:200
TIME_TOTAL:3.584068
TIME_CONNECT:0.237438
SIZE_DOWNLOAD:1307
TIMESTAMP:2025-06-29 14:23:35 UTC
TRIGGER:schedule
