---METADATA---
HTTP_STATUS:200
TIME_TOTAL:3.296435
TIME_CONNECT:0.300812
SIZE_DOWNLOAD:1307
TIMESTAMP:2025-06-29 20:32:54 UTC
TRIGGER:schedule
