---METADATA---
HTTP_STATUS:200
TIME_TOTAL:3.207876
TIME_CONNECT:0.258933
SIZE_DOWNLOAD:1307
TIMESTAMP:2025-06-29 19:24:21 UTC
TRIGGER:schedule
