---METADATA---
HTTP_STATUS:200
TIME_TOTAL:3.549119
TIME_CONNECT:0.233536
SIZE_DOWNLOAD:1309
TIMESTAMP:2025-06-29 09:13:34 UTC
TRIGGER:schedule
