---METADATA---
HTTP_STATUS:200
TIME_TOTAL:3.543888
TIME_CONNECT:0.251559
SIZE_DOWNLOAD:1307
TIMESTAMP:2025-06-29 23:24:56 UTC
TRIGGER:schedule
