---METADATA---
HTTP_STATUS:200
TIME_TOTAL:3.620473
TIME_CONNECT:0.282802
SIZE_DOWNLOAD:1307
TIMESTAMP:2025-06-29 14:56:53 UTC
TRIGGER:schedule
