---METADATA---
HTTP_STATUS:200
TIME_TOTAL:3.247262
TIME_CONNECT:0.222594
SIZE_DOWNLOAD:1296
TIMESTAMP:2025-06-29 13:36:35 UTC
TRIGGER:schedule
