---METADATA---
HTTP_STATUS:200
TIME_TOTAL:3.489524
TIME_CONNECT:0.239363
SIZE_DOWNLOAD:1307
TIMESTAMP:2025-06-29 15:25:38 UTC
TRIGGER:schedule
