---METADATA---
HTTP_STATUS:200
TIME_TOTAL:1.123495
TIME_CONNECT:0.291896
SIZE_DOWNLOAD:1307
TIMESTAMP:2025-06-29 19:38:44 UTC
TRIGGER:schedule
