---METADATA---
HTTP_STATUS:200
TIME_TOTAL:3.394981
TIME_CONNECT:0.272262
SIZE_DOWNLOAD:1294
TIMESTAMP:2025-06-29 05:30:36 UTC
TRIGGER:schedule
