---METADATA---
HTTP_STATUS:200
TIME_TOTAL:3.313927
TIME_CONNECT:0.239445
SIZE_DOWNLOAD:1307
TIMESTAMP:2025-06-29 22:12:41 UTC
TRIGGER:schedule
