---METADATA---
HTTP_STATUS:200
TIME_TOTAL:3.355889
TIME_CONNECT:0.265560
SIZE_DOWNLOAD:1307
TIMESTAMP:2025-06-29 14:31:36 UTC
TRIGGER:schedule
