---METADATA---
HTTP_STATUS:200
TIME_TOTAL:3.488235
TIME_CONNECT:0.318476
SIZE_DOWNLOAD:1307
TIMESTAMP:2025-06-29 15:57:02 UTC
TRIGGER:schedule
