---METADATA---
HTTP_STATUS:200
TIME_TOTAL:3.496043
TIME_CONNECT:0.285206
SIZE_DOWNLOAD:1307
TIMESTAMP:2025-06-29 20:49:28 UTC
TRIGGER:schedule
