---METADATA---
HTTP_STATUS:200
TIME_TOTAL:3.248244
TIME_CONNECT:0.237925
SIZE_DOWNLOAD:1305
TIMESTAMP:2025-06-29 04:58:19 UTC
TRIGGER:schedule
