---METADATA---
HTTP_STATUS:200
TIME_TOTAL:3.509301
TIME_CONNECT:0.278521
SIZE_DOWNLOAD:1292
TIMESTAMP:2025-06-29 13:17:50 UTC
TRIGGER:schedule
