---METADATA---
HTTP_STATUS:200
TIME_TOTAL:3.520678
TIME_CONNECT:0.295042
SIZE_DOWNLOAD:1311
TIMESTAMP:2025-06-29 10:15:20 UTC
TRIGGER:schedule
