---METADATA---
HTTP_STATUS:200
TIME_TOTAL:3.420912
TIME_CONNECT:0.288426
SIZE_DOWNLOAD:1307
TIMESTAMP:2025-06-29 14:42:54 UTC
TRIGGER:schedule
