---METADATA---
HTTP_STATUS:200
TIME_TOTAL:3.300074
TIME_CONNECT:0.279751
SIZE_DOWNLOAD:1291
TIMESTAMP:2025-06-29 12:25:55 UTC
TRIGGER:schedule
