---METADATA---
HTTP_STATUS:200
TIME_TOTAL:3.596103
TIME_CONNECT:0.278691
SIZE_DOWNLOAD:1309
TIMESTAMP:2025-06-29 05:17:49 UTC
TRIGGER:schedule
