---METADATA---
HTTP_STATUS:200
TIME_TOTAL:3.359537
TIME_CONNECT:0.281448
SIZE_DOWNLOAD:1307
TIMESTAMP:2025-06-29 21:56:53 UTC
TRIGGER:schedule
