---METADATA---
HTTP_STATUS:200
TIME_TOTAL:3.448684
TIME_CONNECT:0.286345
SIZE_DOWNLOAD:1307
TIMESTAMP:2025-06-29 23:30:02 UTC
TRIGGER:schedule
