---METADATA---
HTTP_STATUS:200
TIME_TOTAL:3.324570
TIME_CONNECT:0.322506
SIZE_DOWNLOAD:1307
TIMESTAMP:2025-06-29 21:29:07 UTC
TRIGGER:schedule
