---METADATA---
HTTP_STATUS:200
TIME_TOTAL:3.354042
TIME_CONNECT:0.272992
SIZE_DOWNLOAD:1291
TIMESTAMP:2025-06-29 06:32:32 UTC
TRIGGER:schedule
