---METADATA---
HTTP_STATUS:200
TIME_TOTAL:1.128543
TIME_CONNECT:0.280953
SIZE_DOWNLOAD:1307
TIMESTAMP:2025-06-29 10:52:34 UTC
TRIGGER:schedule
