---METADATA---
HTTP_STATUS:200
TIME_TOTAL:3.565557
TIME_CONNECT:0.284944
SIZE_DOWNLOAD:1294
TIMESTAMP:2025-06-29 08:43:14 UTC
TRIGGER:schedule
