---METADATA---
HTTP_STATUS:200
TIME_TOTAL:3.431199
TIME_CONNECT:0.240119
SIZE_DOWNLOAD:1307
TIMESTAMP:2025-06-29 19:35:10 UTC
TRIGGER:schedule
