---METADATA---
HTTP_STATUS:200
TIME_TOTAL:3.565862
TIME_CONNECT:0.240608
SIZE_DOWNLOAD:1307
TIMESTAMP:2025-06-29 17:13:08 UTC
TRIGGER:schedule
