---METADATA---
HTTP_STATUS:200
TIME_TOTAL:3.252515
TIME_CONNECT:0.330204
SIZE_DOWNLOAD:1307
TIMESTAMP:2025-06-29 17:49:41 UTC
TRIGGER:schedule
