---METADATA---
HTTP_STATUS:200
TIME_TOTAL:3.398571
TIME_CONNECT:0.318658
SIZE_DOWNLOAD:1307
TIMESTAMP:2025-06-29 16:54:02 UTC
TRIGGER:schedule
