---METADATA---
HTTP_STATUS:200
TIME_TOTAL:3.504439
TIME_CONNECT:0.286529
SIZE_DOWNLOAD:1307
TIMESTAMP:2025-06-29 19:10:21 UTC
TRIGGER:schedule
