---METADATA---
HTTP_STATUS:200
TIME_TOTAL:3.531975
TIME_CONNECT:0.271261
SIZE_DOWNLOAD:1307
TIMESTAMP:2025-06-29 17:37:48 UTC
TRIGGER:schedule
