---METADATA---
HTTP_STATUS:200
TIME_TOTAL:3.525546
TIME_CONNECT:0.255465
SIZE_DOWNLOAD:1296
TIMESTAMP:2025-06-29 09:56:58 UTC
TRIGGER:schedule
