---METADATA---
HTTP_STATUS:200
TIME_TOTAL:1.101210
TIME_CONNECT:0.305706
SIZE_DOWNLOAD:1291
TIMESTAMP:2025-06-29 11:25:50 UTC
TRIGGER:schedule
