---METADATA---
HTTP_STATUS:200
TIME_TOTAL:1.092716
TIME_CONNECT:0.289446
SIZE_DOWNLOAD:1291
TIMESTAMP:2025-06-29 11:39:03 UTC
TRIGGER:schedule
