---METADATA---
HTTP_STATUS:200
TIME_TOTAL:3.488139
TIME_CONNECT:0.270501
SIZE_DOWNLOAD:1307
TIMESTAMP:2025-06-29 21:48:37 UTC
TRIGGER:schedule
