---METADATA---
HTTP_STATUS:200
TIME_TOTAL:3.261485
TIME_CONNECT:0.219871
SIZE_DOWNLOAD:1294
TIMESTAMP:2025-06-29 03:13:23 UTC
TRIGGER:schedule
