---METADATA---
HTTP_STATUS:200
TIME_TOTAL:3.266881
TIME_CONNECT:0.276627
SIZE_DOWNLOAD:1307
TIMESTAMP:2025-06-29 18:45:14 UTC
TRIGGER:schedule
