---METADATA---
HTTP_STATUS:200
TIME_TOTAL:3.236873
TIME_CONNECT:0.232719
SIZE_DOWNLOAD:1307
TIMESTAMP:2025-06-29 21:40:09 UTC
TRIGGER:schedule
