---METADATA---
HTTP_STATUS:200
TIME_TOTAL:3.327489
TIME_CONNECT:0.291284
SIZE_DOWNLOAD:1292
TIMESTAMP:2025-06-29 06:54:21 UTC
TRIGGER:schedule
