---METADATA---
HTTP_STATUS:200
TIME_TOTAL:3.411556
TIME_CONNECT:0.289363
SIZE_DOWNLOAD:1296
TIMESTAMP:2025-06-29 07:12:46 UTC
TRIGGER:schedule
