---METADATA---
HTTP_STATUS:200
TIME_TOTAL:3.596246
TIME_CONNECT:0.301683
SIZE_DOWNLOAD:1307
TIMESTAMP:2025-06-29 14:11:50 UTC
TRIGGER:schedule
