---METADATA---
HTTP_STATUS:200
TIME_TOTAL:3.393668
TIME_CONNECT:0.278352
SIZE_DOWNLOAD:1307
TIMESTAMP:2025-06-29 20:24:21 UTC
TRIGGER:schedule
