---METADATA---
HTTP_STATUS:200
TIME_TOTAL:3.599058
TIME_CONNECT:0.223516
SIZE_DOWNLOAD:1294
TIMESTAMP:2025-06-29 13:42:20 UTC
TRIGGER:schedule
