---METADATA---
HTTP_STATUS:200
TIME_TOTAL:3.465992
TIME_CONNECT:0.284559
SIZE_DOWNLOAD:1291
TIMESTAMP:2025-06-29 12:44:25 UTC
TRIGGER:schedule
