---METADATA---
HTTP_STATUS:200
TIME_TOTAL:3.417516
TIME_CONNECT:0.275634
SIZE_DOWNLOAD:1291
TIMESTAMP:2025-06-29 11:21:54 UTC
TRIGGER:schedule
