---METADATA---
HTTP_STATUS:200
TIME_TOTAL:3.438556
TIME_CONNECT:0.284094
SIZE_DOWNLOAD:1307
TIMESTAMP:2025-06-29 15:48:54 UTC
TRIGGER:schedule
