---METADATA---
HTTP_STATUS:200
TIME_TOTAL:3.536419
TIME_CONNECT:0.224527
SIZE_DOWNLOAD:1296
TIMESTAMP:2025-06-29 09:48:15 UTC
TRIGGER:schedule
