---METADATA---
HTTP_STATUS:200
TIME_TOTAL:3.293557
TIME_CONNECT:0.237897
SIZE_DOWNLOAD:1294
TIMESTAMP:2025-06-29 02:27:53 UTC
TRIGGER:schedule
