---METADATA---
HTTP_STATUS:200
TIME_TOTAL:3.515283
TIME_CONNECT:0.268335
SIZE_DOWNLOAD:1311
TIMESTAMP:2025-06-29 09:22:37 UTC
TRIGGER:schedule
