---METADATA---
HTTP_STATUS:200
TIME_TOTAL:3.314051
TIME_CONNECT:0.275904
SIZE_DOWNLOAD:1294
TIMESTAMP:2025-06-29 08:53:54 UTC
TRIGGER:schedule
