---METADATA---
HTTP_STATUS:200
TIME_TOTAL:3.647681
TIME_CONNECT:0.281891
SIZE_DOWNLOAD:1308
TIMESTAMP:2025-06-29 07:29:36 UTC
TRIGGER:schedule
