---METADATA---
HTTP_STATUS:200
TIME_TOTAL:3.643815
TIME_CONNECT:0.277855
SIZE_DOWNLOAD:1307
TIMESTAMP:2025-06-29 10:43:17 UTC
TRIGGER:schedule
