---METADATA---
HTTP_STATUS:200
TIME_TOTAL:3.290132
TIME_CONNECT:0.279665
SIZE_DOWNLOAD:1307
TIMESTAMP:2025-06-29 16:56:14 UTC
TRIGGER:schedule
