---METADATA---
HTTP_STATUS:200
TIME_TOTAL:3.380988
TIME_CONNECT:0.281280
SIZE_DOWNLOAD:1309
TIMESTAMP:2025-06-29 07:56:45 UTC
TRIGGER:schedule
