---METADATA---
HTTP_STATUS:200
TIME_TOTAL:3.768715
TIME_CONNECT:0.275893
SIZE_DOWNLOAD:1294
TIMESTAMP:2025-06-29 07:21:29 UTC
TRIGGER:schedule
