---METADATA---
HTTP_STATUS:200
TIME_TOTAL:3.405818
TIME_CONNECT:0.279045
SIZE_DOWNLOAD:1307
TIMESTAMP:2025-06-29 17:31:49 UTC
TRIGGER:schedule
