---METADATA---
HTTP_STATUS:200
TIME_TOTAL:3.354008
TIME_CONNECT:0.218289
SIZE_DOWNLOAD:1307
TIMESTAMP:2025-06-29 15:42:27 UTC
TRIGGER:schedule
