---METADATA---
HTTP_STATUS:200
TIME_TOTAL:3.269341
TIME_CONNECT:0.231148
SIZE_DOWNLOAD:1293
TIMESTAMP:2025-06-29 04:04:02 UTC
TRIGGER:schedule
