---METADATA---
HTTP_STATUS:200
TIME_TOTAL:3.375785
TIME_CONNECT:0.287016
SIZE_DOWNLOAD:1296
TIMESTAMP:2025-06-29 04:49:31 UTC
TRIGGER:schedule
