---METADATA---
HTTP_STATUS:200
TIME_TOTAL:3.499500
TIME_CONNECT:0.283440
SIZE_DOWNLOAD:1307
TIMESTAMP:2025-06-29 23:50:53 UTC
TRIGGER:schedule
