---METADATA---
HTTP_STATUS:200
TIME_TOTAL:3.448910
TIME_CONNECT:0.262522
SIZE_DOWNLOAD:1307
TIMESTAMP:2025-06-29 16:15:45 UTC
TRIGGER:schedule
