---METADATA---
HTTP_STATUS:200
TIME_TOTAL:3.304322
TIME_CONNECT:0.288789
SIZE_DOWNLOAD:1309
TIMESTAMP:2025-06-29 09:41:23 UTC
TRIGGER:schedule
