---METADATA---
HTTP_STATUS:200
TIME_TOTAL:3.501313
TIME_CONNECT:0.266264
SIZE_DOWNLOAD:1307
TIMESTAMP:2025-06-29 10:48:01 UTC
TRIGGER:schedule
