---METADATA---
HTTP_STATUS:200
TIME_TOTAL:3.254248
TIME_CONNECT:0.282243
SIZE_DOWNLOAD:1307
TIMESTAMP:2025-06-29 21:23:45 UTC
TRIGGER:schedule
