---METADATA---
HTTP_STATUS:200
TIME_TOTAL:3.432137
TIME_CONNECT:0.311716
SIZE_DOWNLOAD:1307
TIMESTAMP:2025-06-29 01:17:38 UTC
TRIGGER:schedule
