---METADATA---
HTTP_STATUS:200
TIME_TOTAL:3.547924
TIME_CONNECT:0.276401
SIZE_DOWNLOAD:1294
TIMESTAMP:2025-06-29 08:52:23 UTC
TRIGGER:schedule
