---METADATA---
HTTP_STATUS:200
TIME_TOTAL:3.577633
TIME_CONNECT:0.296740
SIZE_DOWNLOAD:1307
TIMESTAMP:2025-06-29 15:31:37 UTC
TRIGGER:schedule
