---METADATA---
HTTP_STATUS:200
TIME_TOTAL:3.102209
TIME_CONNECT:0.229947
SIZE_DOWNLOAD:1292
TIMESTAMP:2025-06-29 05:51:25 UTC
TRIGGER:schedule
