---METADATA---
HTTP_STATUS:200
TIME_TOTAL:3.331575
TIME_CONNECT:0.231198
SIZE_DOWNLOAD:1291
TIMESTAMP:2025-06-29 11:50:47 UTC
TRIGGER:schedule
