---METADATA---
HTTP_STATUS:200
TIME_TOTAL:3.526731
TIME_CONNECT:0.275521
SIZE_DOWNLOAD:1308
TIMESTAMP:2025-06-29 08:32:17 UTC
TRIGGER:schedule
