---METADATA---
HTTP_STATUS:200
TIME_TOTAL:3.531648
TIME_CONNECT:0.292646
SIZE_DOWNLOAD:1307
TIMESTAMP:2025-06-29 15:12:54 UTC
TRIGGER:schedule
