---METADATA---
HTTP_STATUS:200
TIME_TOTAL:0.980489
TIME_CONNECT:0.275555
SIZE_DOWNLOAD:1292
TIMESTAMP:2025-06-29 05:53:39 UTC
TRIGGER:schedule
