---METADATA---
HTTP_STATUS:200
TIME_TOTAL:3.375628
TIME_CONNECT:0.279048
SIZE_DOWNLOAD:1307
TIMESTAMP:2025-06-29 18:13:22 UTC
TRIGGER:schedule
