---METADATA---
HTTP_STATUS:200
TIME_TOTAL:3.265660
TIME_CONNECT:0.275256
SIZE_DOWNLOAD:1307
TIMESTAMP:2025-06-29 14:48:46 UTC
TRIGGER:schedule
