---METADATA---
HTTP_STATUS:200
TIME_TOTAL:3.349717
TIME_CONNECT:0.287527
SIZE_DOWNLOAD:1307
TIMESTAMP:2025-06-29 23:13:00 UTC
TRIGGER:schedule
