---METADATA---
HTTP_STATUS:200
TIME_TOTAL:3.307750
TIME_CONNECT:0.283837
SIZE_DOWNLOAD:1292
TIMESTAMP:2025-06-29 06:47:41 UTC
TRIGGER:schedule
