---METADATA---
HTTP_STATUS:200
TIME_TOTAL:3.234170
TIME_CONNECT:0.246909
SIZE_DOWNLOAD:1292
TIMESTAMP:2025-06-29 13:50:25 UTC
TRIGGER:schedule
