---METADATA---
HTTP_STATUS:200
TIME_TOTAL:3.486325
TIME_CONNECT:0.286055
SIZE_DOWNLOAD:1307
TIMESTAMP:2025-06-29 19:20:15 UTC
TRIGGER:schedule
