---METADATA---
HTTP_STATUS:200
TIME_TOTAL:3.416781
TIME_CONNECT:0.305798
SIZE_DOWNLOAD:1309
TIMESTAMP:2025-06-29 11:11:09 UTC
TRIGGER:schedule
