---METADATA---
HTTP_STATUS:200
TIME_TOTAL:3.657395
TIME_CONNECT:0.273339
SIZE_DOWNLOAD:1291
TIMESTAMP:2025-06-29 13:02:39 UTC
TRIGGER:schedule
