---METADATA---
HTTP_STATUS:200
TIME_TOTAL:0.921114
TIME_CONNECT:0.271851
SIZE_DOWNLOAD:1296
TIMESTAMP:2025-06-29 07:40:48 UTC
TRIGGER:schedule
