---METADATA---
HTTP_STATUS:200
TIME_TOTAL:3.332663
TIME_CONNECT:0.303193
SIZE_DOWNLOAD:1307
TIMESTAMP:2025-06-29 21:12:37 UTC
TRIGGER:schedule
