---METADATA---
HTTP_STATUS:200
TIME_TOTAL:3.466874
TIME_CONNECT:0.302578
SIZE_DOWNLOAD:1291
TIMESTAMP:2025-06-29 11:35:48 UTC
TRIGGER:schedule
