---METADATA---
HTTP_STATUS:200
TIME_TOTAL:3.382121
TIME_CONNECT:0.290137
SIZE_DOWNLOAD:1309
TIMESTAMP:2025-06-29 10:59:37 UTC
TRIGGER:schedule
