---METADATA---
HTTP_STATUS:200
TIME_TOTAL:3.344067
TIME_CONNECT:0.325665
SIZE_DOWNLOAD:1307
TIMESTAMP:2025-06-29 22:33:37 UTC
TRIGGER:schedule
