---METADATA---
HTTP_STATUS:200
TIME_TOTAL:3.197437
TIME_CONNECT:0.234305
SIZE_DOWNLOAD:1307
TIMESTAMP:2025-06-29 20:56:56 UTC
TRIGGER:schedule
