---METADATA---
HTTP_STATUS:200
TIME_TOTAL:3.326568
TIME_CONNECT:0.284026
SIZE_DOWNLOAD:1307
TIMESTAMP:2025-06-29 22:49:41 UTC
TRIGGER:schedule
