---METADATA---
HTTP_STATUS:200
TIME_TOTAL:3.561040
TIME_CONNECT:0.248601
SIZE_DOWNLOAD:1307
TIMESTAMP:2025-06-29 16:31:14 UTC
TRIGGER:schedule
