---METADATA---
HTTP_STATUS:200
TIME_TOTAL:3.400883
TIME_CONNECT:0.295932
SIZE_DOWNLOAD:1291
TIMESTAMP:2025-06-29 11:48:24 UTC
TRIGGER:schedule
