---METADATA---
HTTP_STATUS:200
TIME_TOTAL:3.504254
TIME_CONNECT:0.254825
SIZE_DOWNLOAD:1307
TIMESTAMP:2025-06-29 18:17:56 UTC
TRIGGER:schedule
