---METADATA---
HTTP_STATUS:200
TIME_TOTAL:3.579493
TIME_CONNECT:0.268375
SIZE_DOWNLOAD:1307
TIMESTAMP:2025-06-29 08:16:56 UTC
TRIGGER:schedule
