---METADATA---
HTTP_STATUS:200
TIME_TOTAL:3.468596
TIME_CONNECT:0.337765
SIZE_DOWNLOAD:1307
TIMESTAMP:2025-06-29 19:50:48 UTC
TRIGGER:schedule
