---METADATA---
HTTP_STATUS:200
TIME_TOTAL:0.902070
TIME_CONNECT:0.241717
SIZE_DOWNLOAD:1307
TIMESTAMP:2025-06-29 21:40:38 UTC
TRIGGER:schedule
