---METADATA---
HTTP_STATUS:200
TIME_TOTAL:3.642025
TIME_CONNECT:0.304593
SIZE_DOWNLOAD:1307
TIMESTAMP:2025-06-29 17:18:57 UTC
TRIGGER:schedule
