---METADATA---
HTTP_STATUS:200
TIME_TOTAL:3.406897
TIME_CONNECT:0.222543
SIZE_DOWNLOAD:1307
TIMESTAMP:2025-06-29 20:14:35 UTC
TRIGGER:schedule
