---METADATA---
HTTP_STATUS:200
TIME_TOTAL:3.177098
TIME_CONNECT:0.247411
SIZE_DOWNLOAD:1307
TIMESTAMP:2025-06-29 20:42:26 UTC
TRIGGER:schedule
