---METADATA---
HTTP_STATUS:200
TIME_TOTAL:3.466857
TIME_CONNECT:0.239706
SIZE_DOWNLOAD:1307
TIMESTAMP:2025-06-29 22:25:10 UTC
TRIGGER:schedule
