---METADATA---
HTTP_STATUS:200
TIME_TOTAL:3.389303
TIME_CONNECT:0.229964
SIZE_DOWNLOAD:1307
TIMESTAMP:2025-06-29 18:43:01 UTC
TRIGGER:schedule
