---METADATA---
HTTP_STATUS:200
TIME_TOTAL:3.186360
TIME_CONNECT:0.236390
SIZE_DOWNLOAD:1307
TIMESTAMP:2025-06-29 23:42:37 UTC
TRIGGER:schedule
