---METADATA---
HTTP_STATUS:200
TIME_TOTAL:3.552275
TIME_CONNECT:0.279327
SIZE_DOWNLOAD:1292
TIMESTAMP:2025-06-29 05:44:11 UTC
TRIGGER:schedule
