---METADATA---
HTTP_STATUS:200
TIME_TOTAL:3.318554
TIME_CONNECT:0.226059
SIZE_DOWNLOAD:1307
TIMESTAMP:2025-06-29 19:48:29 UTC
TRIGGER:schedule
