---METADATA---
HTTP_STATUS:200
TIME_TOTAL:3.369424
TIME_CONNECT:0.241790
SIZE_DOWNLOAD:1302
TIMESTAMP:2025-06-29 06:19:26 UTC
TRIGGER:schedule
