---METADATA---
HTTP_STATUS:200
TIME_TOTAL:3.321202
TIME_CONNECT:0.314780
SIZE_DOWNLOAD:1307
TIMESTAMP:2025-06-29 23:57:03 UTC
TRIGGER:schedule
