---METADATA---
HTTP_STATUS:200
TIME_TOTAL:3.275262
TIME_CONNECT:0.276909
SIZE_DOWNLOAD:1307
TIMESTAMP:2025-06-29 17:48:18 UTC
TRIGGER:schedule
