---METADATA---
HTTP_STATUS:200
TIME_TOTAL:3.642201
TIME_CONNECT:0.236774
SIZE_DOWNLOAD:1307
TIMESTAMP:2025-06-29 13:56:49 UTC
TRIGGER:schedule
