---METADATA---
HTTP_STATUS:200
TIME_TOTAL:3.630037
TIME_CONNECT:0.233210
SIZE_DOWNLOAD:1305
TIMESTAMP:2025-06-29 04:24:05 UTC
TRIGGER:schedule
