---METADATA---
HTTP_STATUS:200
TIME_TOTAL:3.522487
TIME_CONNECT:0.237874
SIZE_DOWNLOAD:1294
TIMESTAMP:2025-06-29 09:30:58 UTC
TRIGGER:schedule
