---METADATA---
HTTP_STATUS:200
TIME_TOTAL:3.374121
TIME_CONNECT:0.301277
SIZE_DOWNLOAD:1307
TIMESTAMP:2025-06-29 22:57:09 UTC
TRIGGER:schedule
