---METADATA---
HTTP_STATUS:200
TIME_TOTAL:3.281339
TIME_CONNECT:0.231567
SIZE_DOWNLOAD:1294
TIMESTAMP:2025-06-29 07:48:51 UTC
TRIGGER:schedule
