---METADATA---
HTTP_STATUS:200
TIME_TOTAL:3.491928
TIME_CONNECT:0.274223
SIZE_DOWNLOAD:1294
TIMESTAMP:2025-06-29 07:40:08 UTC
TRIGGER:schedule
