---METADATA---
HTTP_STATUS:200
TIME_TOTAL:3.567903
TIME_CONNECT:0.250809
SIZE_DOWNLOAD:1305
TIMESTAMP:2025-06-08 03:59:24 UTC
TRIGGER:schedule
