---METADATA---
HTTP_STATUS:200
TIME_TOTAL:3.295102
TIME_CONNECT:0.245095
SIZE_DOWNLOAD:1292
TIMESTAMP:2025-06-08 11:59:23 UTC
TRIGGER:schedule
