---METADATA---
HTTP_STATUS:200
TIME_TOTAL:1.025388
TIME_CONNECT:0.278053
SIZE_DOWNLOAD:1292
TIMESTAMP:2025-06-08 19:34:24 UTC
TRIGGER:schedule
