---METADATA---
HTTP_STATUS:200
TIME_TOTAL:3.273653
TIME_CONNECT:0.272214
SIZE_DOWNLOAD:1292
TIMESTAMP:2025-06-08 15:48:23 UTC
TRIGGER:schedule
