---METADATA---
HTTP_STATUS:200
TIME_TOTAL:3.500676
TIME_CONNECT:0.363760
SIZE_DOWNLOAD:1307
TIMESTAMP:2025-06-08 07:20:21 UTC
TRIGGER:schedule
