---METADATA---
HTTP_STATUS:200
TIME_TOTAL:3.366487
TIME_CONNECT:0.269706
SIZE_DOWNLOAD:1292
TIMESTAMP:2025-06-08 14:48:15 UTC
TRIGGER:schedule
