---METADATA---
HTTP_STATUS:200
TIME_TOTAL:3.313843
TIME_CONNECT:0.318157
SIZE_DOWNLOAD:1292
TIMESTAMP:2025-06-08 17:58:45 UTC
TRIGGER:schedule
