---METADATA---
HTTP_STATUS:200
TIME_TOTAL:1.027142
TIME_CONNECT:0.257065
SIZE_DOWNLOAD:1296
TIMESTAMP:2025-06-08 07:39:48 UTC
TRIGGER:schedule
