---METADATA---
HTTP_STATUS:200
TIME_TOTAL:3.490398
TIME_CONNECT:0.289622
SIZE_DOWNLOAD:1292
TIMESTAMP:2025-06-08 17:11:12 UTC
TRIGGER:schedule
