---METADATA---
HTTP_STATUS:200
TIME_TOTAL:3.082681
TIME_CONNECT:0.240836
SIZE_DOWNLOAD:1294
TIMESTAMP:2025-06-08 07:27:48 UTC
TRIGGER:schedule
