---METADATA---
HTTP_STATUS:200
TIME_TOTAL:3.014296
TIME_CONNECT:0.219800
SIZE_DOWNLOAD:1292
TIMESTAMP:2025-06-08 18:33:51 UTC
TRIGGER:schedule
