---METADATA---
HTTP_STATUS:200
TIME_TOTAL:3.232708
TIME_CONNECT:0.237987
SIZE_DOWNLOAD:1294
TIMESTAMP:2025-06-08 09:47:52 UTC
TRIGGER:schedule
