---METADATA---
HTTP_STATUS:200
TIME_TOTAL:3.460740
TIME_CONNECT:0.223081
SIZE_DOWNLOAD:1294
TIMESTAMP:2025-06-08 05:28:54 UTC
TRIGGER:schedule
