---METADATA---
HTTP_STATUS:200
TIME_TOTAL:3.324272
TIME_CONNECT:0.287819
SIZE_DOWNLOAD:1292
TIMESTAMP:2025-06-08 19:10:37 UTC
TRIGGER:schedule
