---METADATA---
HTTP_STATUS:200
TIME_TOTAL:3.497204
TIME_CONNECT:0.376483
SIZE_DOWNLOAD:1292
TIMESTAMP:2025-06-08 11:48:08 UTC
TRIGGER:schedule
