---METADATA---
HTTP_STATUS:200
TIME_TOTAL:3.318264
TIME_CONNECT:0.242146
SIZE_DOWNLOAD:1308
TIMESTAMP:2025-06-08 06:36:29 UTC
TRIGGER:schedule
