---METADATA---
HTTP_STATUS:200
TIME_TOTAL:3.319822
TIME_CONNECT:0.240448
SIZE_DOWNLOAD:1292
TIMESTAMP:2025-06-08 10:57:14 UTC
TRIGGER:schedule
