---METADATA---
HTTP_STATUS:200
TIME_TOTAL:3.591195
TIME_CONNECT:0.236768
SIZE_DOWNLOAD:1292
TIMESTAMP:2025-06-08 14:41:39 UTC
TRIGGER:schedule
