---METADATA---
HTTP_STATUS:200
TIME_TOTAL:3.582514
TIME_CONNECT:0.278910
SIZE_DOWNLOAD:1294
TIMESTAMP:2025-06-08 05:45:45 UTC
TRIGGER:schedule
