---METADATA---
HTTP_STATUS:200
TIME_TOTAL:3.470991
TIME_CONNECT:0.259564
SIZE_DOWNLOAD:1294
TIMESTAMP:2025-06-08 13:29:11 UTC
TRIGGER:schedule
