---METADATA---
HTTP_STATUS:200
TIME_TOTAL:3.414223
TIME_CONNECT:0.246519
SIZE_DOWNLOAD:1292
TIMESTAMP:2025-06-08 17:34:50 UTC
TRIGGER:schedule
