---METADATA---
HTTP_STATUS:200
TIME_TOTAL:3.230281
TIME_CONNECT:0.279424
SIZE_DOWNLOAD:1292
TIMESTAMP:2025-06-08 16:43:26 UTC
TRIGGER:schedule
