---METADATA---
HTTP_STATUS:200
TIME_TOTAL:1.097795
TIME_CONNECT:0.245044
SIZE_DOWNLOAD:1305
TIMESTAMP:2025-06-08 13:34:56 UTC
TRIGGER:schedule
