---METADATA---
HTTP_STATUS:200
TIME_TOTAL:3.468191
TIME_CONNECT:0.277936
SIZE_DOWNLOAD:1309
TIMESTAMP:2025-06-08 08:53:07 UTC
TRIGGER:schedule
