---METADATA---
HTTP_STATUS:200
TIME_TOTAL:3.311415
TIME_CONNECT:0.237760
SIZE_DOWNLOAD:1292
TIMESTAMP:2025-06-08 15:13:27 UTC
TRIGGER:schedule
