---METADATA---
HTTP_STATUS:200
TIME_TOTAL:3.359219
TIME_CONNECT:0.274183
SIZE_DOWNLOAD:1292
TIMESTAMP:2025-06-08 21:50:49 UTC
TRIGGER:schedule
