---METADATA---
HTTP_STATUS:200
TIME_TOTAL:3.732727
TIME_CONNECT:0.247168
SIZE_DOWNLOAD:1296
TIMESTAMP:2025-06-08 04:17:44 UTC
TRIGGER:schedule
