---METADATA---
HTTP_STATUS:200
TIME_TOTAL:3.255857
TIME_CONNECT:0.241371
SIZE_DOWNLOAD:1292
TIMESTAMP:2025-06-08 16:51:22 UTC
TRIGGER:schedule
