---METADATA---
HTTP_STATUS:200
TIME_TOTAL:3.471883
TIME_CONNECT:0.307306
SIZE_DOWNLOAD:1294
TIMESTAMP:2025-06-08 07:51:39 UTC
TRIGGER:schedule
