---METADATA---
HTTP_STATUS:200
TIME_TOTAL:3.216015
TIME_CONNECT:0.248194
SIZE_DOWNLOAD:1292
TIMESTAMP:2025-06-08 15:27:53 UTC
TRIGGER:schedule
