---METADATA---
HTTP_STATUS:200
TIME_TOTAL:1.031894
TIME_CONNECT:0.242801
SIZE_DOWNLOAD:1292
TIMESTAMP:2025-06-08 19:29:26 UTC
TRIGGER:schedule
