---METADATA---
HTTP_STATUS:200
TIME_TOTAL:3.624746
TIME_CONNECT:0.299277
SIZE_DOWNLOAD:1302
TIMESTAMP:2025-06-08 13:48:12 UTC
TRIGGER:schedule
