---METADATA---
HTTP_STATUS:200
TIME_TOTAL:3.789950
TIME_CONNECT:0.286722
SIZE_DOWNLOAD:1292
TIMESTAMP:2025-06-08 11:32:55 UTC
TRIGGER:schedule
