---METADATA---
HTTP_STATUS:200
TIME_TOTAL:3.443448
TIME_CONNECT:0.299672
SIZE_DOWNLOAD:1304
TIMESTAMP:2025-06-08 10:13:21 UTC
TRIGGER:schedule
