---METADATA---
HTTP_STATUS:200
TIME_TOTAL:1.160217
TIME_CONNECT:0.273585
SIZE_DOWNLOAD:1292
TIMESTAMP:2025-06-08 17:40:20 UTC
TRIGGER:schedule
