---METADATA---
HTTP_STATUS:200
TIME_TOTAL:3.282526
TIME_CONNECT:0.245776
SIZE_DOWNLOAD:1292
TIMESTAMP:2025-06-08 21:11:44 UTC
TRIGGER:schedule
