---METADATA---
HTTP_STATUS:200
TIME_TOTAL:3.449162
TIME_CONNECT:0.308721
SIZE_DOWNLOAD:1292
TIMESTAMP:2025-06-08 16:53:23 UTC
TRIGGER:schedule
