---METADATA---
HTTP_STATUS:200
TIME_TOTAL:3.526671
TIME_CONNECT:0.241731
SIZE_DOWNLOAD:1305
TIMESTAMP:2025-06-08 03:38:59 UTC
TRIGGER:schedule
