---METADATA---
HTTP_STATUS:200
TIME_TOTAL:1.022608
TIME_CONNECT:0.230138
SIZE_DOWNLOAD:1296
TIMESTAMP:2025-06-08 08:58:28 UTC
TRIGGER:schedule
