---METADATA---
HTTP_STATUS:200
TIME_TOTAL:3.520972
TIME_CONNECT:0.284946
SIZE_DOWNLOAD:1292
TIMESTAMP:2025-06-08 20:57:03 UTC
TRIGGER:schedule
