---METADATA---
HTTP_STATUS:200
TIME_TOTAL:3.203881
TIME_CONNECT:0.266208
SIZE_DOWNLOAD:1292
TIMESTAMP:2025-06-08 22:57:08 UTC
TRIGGER:schedule
