---METADATA---
HTTP_STATUS:200
TIME_TOTAL:3.556030
TIME_CONNECT:0.275953
SIZE_DOWNLOAD:1294
TIMESTAMP:2025-06-08 09:26:10 UTC
TRIGGER:schedule
