---METADATA---
HTTP_STATUS:200
TIME_TOTAL:3.608657
TIME_CONNECT:0.324757
SIZE_DOWNLOAD:1305
TIMESTAMP:2025-06-08 03:02:16 UTC
TRIGGER:schedule
