---METADATA---
HTTP_STATUS:200
TIME_TOTAL:3.161669
TIME_CONNECT:0.237738
SIZE_DOWNLOAD:1292
TIMESTAMP:2025-06-08 23:12:41 UTC
TRIGGER:schedule
