---METADATA---
HTTP_STATUS:200
TIME_TOTAL:3.265040
TIME_CONNECT:0.240018
SIZE_DOWNLOAD:1292
TIMESTAMP:2025-06-08 22:20:18 UTC
TRIGGER:schedule
