---METADATA---
HTTP_STATUS:200
TIME_TOTAL:3.422490
TIME_CONNECT:0.311473
SIZE_DOWNLOAD:1307
TIMESTAMP:2025-06-08 04:33:36 UTC
TRIGGER:schedule
