---METADATA---
HTTP_STATUS:200
TIME_TOTAL:3.242773
TIME_CONNECT:0.238574
SIZE_DOWNLOAD:1302
TIMESTAMP:2025-06-08 13:44:43 UTC
TRIGGER:schedule
