---METADATA---
HTTP_STATUS:200
TIME_TOTAL:3.389567
TIME_CONNECT:0.291808
SIZE_DOWNLOAD:1292
TIMESTAMP:2025-06-08 13:56:44 UTC
TRIGGER:schedule
