---METADATA---
HTTP_STATUS:200
TIME_TOTAL:3.436670
TIME_CONNECT:0.264739
SIZE_DOWNLOAD:1292
TIMESTAMP:2025-06-08 14:31:11 UTC
TRIGGER:schedule
