---METADATA---
HTTP_STATUS:200
TIME_TOTAL:3.313232
TIME_CONNECT:0.274378
SIZE_DOWNLOAD:1305
TIMESTAMP:2025-06-08 10:34:17 UTC
TRIGGER:schedule
