---METADATA---
HTTP_STATUS:200
TIME_TOTAL:3.196195
TIME_CONNECT:0.210288
SIZE_DOWNLOAD:1292
TIMESTAMP:2025-06-08 23:56:53 UTC
TRIGGER:schedule
