---METADATA---
HTTP_STATUS:200
TIME_TOTAL:3.388228
TIME_CONNECT:0.278408
SIZE_DOWNLOAD:1292
TIMESTAMP:2025-06-08 21:48:20 UTC
TRIGGER:schedule
