---METADATA---
HTTP_STATUS:200
TIME_TOTAL:3.404217
TIME_CONNECT:0.284771
SIZE_DOWNLOAD:1292
TIMESTAMP:2025-06-08 04:46:57 UTC
TRIGGER:schedule
