---METADATA---
HTTP_STATUS:200
TIME_TOTAL:3.340797
TIME_CONNECT:0.231820
SIZE_DOWNLOAD:1307
TIMESTAMP:2025-06-08 05:57:20 UTC
TRIGGER:schedule
