---METADATA---
HTTP_STATUS:200
TIME_TOTAL:3.277871
TIME_CONNECT:0.306986
SIZE_DOWNLOAD:1296
TIMESTAMP:2025-06-08 07:37:34 UTC
TRIGGER:schedule
