---METADATA---
HTTP_STATUS:200
TIME_TOTAL:3.296754
TIME_CONNECT:0.275378
SIZE_DOWNLOAD:1292
TIMESTAMP:2025-06-08 22:48:41 UTC
TRIGGER:schedule
