---METADATA---
HTTP_STATUS:200
TIME_TOTAL:3.274834
TIME_CONNECT:0.236886
SIZE_DOWNLOAD:1294
TIMESTAMP:2025-06-08 01:15:02 UTC
TRIGGER:schedule
