---METADATA---
HTTP_STATUS:200
TIME_TOTAL:3.501716
TIME_CONNECT:0.231480
SIZE_DOWNLOAD:1305
TIMESTAMP:2025-06-08 10:49:16 UTC
TRIGGER:schedule
