---METADATA---
HTTP_STATUS:200
TIME_TOTAL:3.312917
TIME_CONNECT:0.274924
SIZE_DOWNLOAD:1292
TIMESTAMP:2025-06-08 21:37:42 UTC
TRIGGER:schedule
