---METADATA---
HTTP_STATUS:200
TIME_TOTAL:3.298271
TIME_CONNECT:0.302193
SIZE_DOWNLOAD:1296
TIMESTAMP:2025-06-08 04:55:03 UTC
TRIGGER:schedule
