---METADATA---
HTTP_STATUS:200
TIME_TOTAL:3.484516
TIME_CONNECT:0.226911
SIZE_DOWNLOAD:1292
TIMESTAMP:2025-06-08 22:42:54 UTC
TRIGGER:schedule
