---METADATA---
HTTP_STATUS:200
TIME_TOTAL:3.214984
TIME_CONNECT:0.268366
SIZE_DOWNLOAD:1292
TIMESTAMP:2025-06-08 21:38:47 UTC
TRIGGER:schedule
