---METADATA---
HTTP_STATUS:200
TIME_TOTAL:3.542274
TIME_CONNECT:0.260460
SIZE_DOWNLOAD:1292
TIMESTAMP:2025-06-08 20:43:30 UTC
TRIGGER:schedule
