---METADATA---
HTTP_STATUS:200
TIME_TOTAL:3.484141
TIME_CONNECT:0.263001
SIZE_DOWNLOAD:1292
TIMESTAMP:2025-06-08 19:56:53 UTC
TRIGGER:schedule
