---METADATA---
HTTP_STATUS:200
TIME_TOTAL:3.491827
TIME_CONNECT:0.252734
SIZE_DOWNLOAD:1292
TIMESTAMP:2025-06-08 21:27:33 UTC
TRIGGER:schedule
