---METADATA---
HTTP_STATUS:200
TIME_TOTAL:3.360872
TIME_CONNECT:0.274552
SIZE_DOWNLOAD:1292
TIMESTAMP:2025-06-08 20:27:04 UTC
TRIGGER:schedule
