---METADATA---
HTTP_STATUS:200
TIME_TOTAL:3.437995
TIME_CONNECT:0.314920
SIZE_DOWNLOAD:1292
TIMESTAMP:2025-06-08 17:29:00 UTC
TRIGGER:schedule
