---METADATA---
HTTP_STATUS:200
TIME_TOTAL:3.211290
TIME_CONNECT:0.278670
SIZE_DOWNLOAD:1292
TIMESTAMP:2025-06-08 08:16:45 UTC
TRIGGER:schedule
