---METADATA---
HTTP_STATUS:200
TIME_TOTAL:3.633640
TIME_CONNECT:0.284066
SIZE_DOWNLOAD:1292
TIMESTAMP:2025-06-08 18:17:05 UTC
TRIGGER:schedule
