---METADATA---
HTTP_STATUS:200
TIME_TOTAL:3.410453
TIME_CONNECT:0.226886
SIZE_DOWNLOAD:1292
TIMESTAMP:2025-06-08 19:17:40 UTC
TRIGGER:schedule
