---METADATA---
HTTP_STATUS:200
TIME_TOTAL:3.585720
TIME_CONNECT:0.285079
SIZE_DOWNLOAD:1292
TIMESTAMP:2025-06-08 12:25:02 UTC
TRIGGER:schedule
