---METADATA---
HTTP_STATUS:200
TIME_TOTAL:3.161927
TIME_CONNECT:0.244435
SIZE_DOWNLOAD:1292
TIMESTAMP:2025-06-08 23:48:12 UTC
TRIGGER:schedule
