---METADATA---
HTTP_STATUS:200
TIME_TOTAL:1.106703
TIME_CONNECT:0.239084
SIZE_DOWNLOAD:1292
TIMESTAMP:2025-06-08 23:28:47 UTC
TRIGGER:schedule
