---METADATA---
HTTP_STATUS:200
TIME_TOTAL:3.348791
TIME_CONNECT:0.285536
SIZE_DOWNLOAD:1292
TIMESTAMP:2025-06-08 11:24:49 UTC
TRIGGER:schedule
