---METADATA---
HTTP_STATUS:200
TIME_TOTAL:3.422705
TIME_CONNECT:0.317381
SIZE_DOWNLOAD:1292
TIMESTAMP:2025-06-08 20:48:27 UTC
TRIGGER:schedule
