---METADATA---
HTTP_STATUS:200
TIME_TOTAL:3.138871
TIME_CONNECT:0.236616
SIZE_DOWNLOAD:1292
TIMESTAMP:2025-06-08 18:45:13 UTC
TRIGGER:schedule
