---METADATA---
HTTP_STATUS:200
TIME_TOTAL:3.364003
TIME_CONNECT:0.281098
SIZE_DOWNLOAD:1292
TIMESTAMP:2025-06-08 17:48:27 UTC
TRIGGER:schedule
