---METADATA---
HTTP_STATUS:200
TIME_TOTAL:3.408412
TIME_CONNECT:0.294754
SIZE_DOWNLOAD:1294
TIMESTAMP:2025-06-08 05:34:41 UTC
TRIGGER:schedule
