---METADATA---
HTTP_STATUS:200
TIME_TOTAL:3.574059
TIME_CONNECT:0.284353
SIZE_DOWNLOAD:1307
TIMESTAMP:2025-06-08 12:50:57 UTC
TRIGGER:schedule
