---METADATA---
HTTP_STATUS:200
TIME_TOTAL:3.488229
TIME_CONNECT:0.287713
SIZE_DOWNLOAD:1292
TIMESTAMP:2025-06-08 18:52:42 UTC
TRIGGER:schedule
