---METADATA---
HTTP_STATUS:200
TIME_TOTAL:3.613238
TIME_CONNECT:0.276687
SIZE_DOWNLOAD:1292
TIMESTAMP:2025-06-08 11:34:57 UTC
TRIGGER:schedule
