---METADATA---
HTTP_STATUS:200
TIME_TOTAL:3.203960
TIME_CONNECT:0.245072
SIZE_DOWNLOAD:1294
TIMESTAMP:2025-06-08 13:00:49 UTC
TRIGGER:schedule
