---METADATA---
HTTP_STATUS:200
TIME_TOTAL:3.287823
TIME_CONNECT:0.247706
SIZE_DOWNLOAD:1292
TIMESTAMP:2025-06-08 22:32:22 UTC
TRIGGER:schedule
