---METADATA---
HTTP_STATUS:200
TIME_TOTAL:3.200703
TIME_CONNECT:0.248468
SIZE_DOWNLOAD:1292
TIMESTAMP:2025-06-08 15:43:27 UTC
TRIGGER:schedule
