---METADATA---
HTTP_STATUS:200
TIME_TOTAL:3.706597
TIME_CONNECT:0.237413
SIZE_DOWNLOAD:1307
TIMESTAMP:2025-06-08 08:42:03 UTC
TRIGGER:schedule
