---METADATA---
HTTP_STATUS:200
TIME_TOTAL:3.237894
TIME_CONNECT:0.280434
SIZE_DOWNLOAD:1292
TIMESTAMP:2025-06-08 23:40:08 UTC
TRIGGER:schedule
