---METADATA---
HTTP_STATUS:200
TIME_TOTAL:3.658755
TIME_CONNECT:0.295199
SIZE_DOWNLOAD:1303
TIMESTAMP:2025-06-08 10:44:51 UTC
TRIGGER:schedule
