---METADATA---
HTTP_STATUS:200
TIME_TOTAL:3.317719
TIME_CONNECT:0.220806
SIZE_DOWNLOAD:1296
TIMESTAMP:2025-06-08 10:26:23 UTC
TRIGGER:schedule
