---METADATA---
HTTP_STATUS:200
TIME_TOTAL:3.499272
TIME_CONNECT:0.275765
SIZE_DOWNLOAD:1296
TIMESTAMP:2025-06-08 06:47:17 UTC
TRIGGER:schedule
