---METADATA---
HTTP_STATUS:200
TIME_TOTAL:3.289602
TIME_CONNECT:0.274115
SIZE_DOWNLOAD:1292
TIMESTAMP:2025-06-08 16:30:11 UTC
TRIGGER:schedule
