---METADATA---
HTTP_STATUS:200
TIME_TOTAL:3.520600
TIME_CONNECT:0.309390
SIZE_DOWNLOAD:1292
TIMESTAMP:2025-06-08 16:15:34 UTC
TRIGGER:schedule
