---METADATA---
HTTP_STATUS:200
TIME_TOTAL:3.200710
TIME_CONNECT:0.247711
SIZE_DOWNLOAD:1305
TIMESTAMP:2025-06-08 02:23:28 UTC
TRIGGER:schedule
