---METADATA---
HTTP_STATUS:200
TIME_TOTAL:3.322272
TIME_CONNECT:0.244883
SIZE_DOWNLOAD:1296
TIMESTAMP:2025-06-08 09:30:09 UTC
TRIGGER:schedule
