---METADATA---
HTTP_STATUS:200
TIME_TOTAL:3.528585
TIME_CONNECT:0.238797
SIZE_DOWNLOAD:1294
TIMESTAMP:2025-06-08 07:48:09 UTC
TRIGGER:schedule
