---METADATA---
HTTP_STATUS:200
TIME_TOTAL:3.181376
TIME_CONNECT:0.209705
SIZE_DOWNLOAD:1292
TIMESTAMP:2025-06-08 21:22:37 UTC
TRIGGER:schedule
