---METADATA---
HTTP_STATUS:200
TIME_TOTAL:3.547598
TIME_CONNECT:0.268075
SIZE_DOWNLOAD:1292
TIMESTAMP:2025-06-08 19:41:11 UTC
TRIGGER:schedule
