---METADATA---
HTTP_STATUS:200
TIME_TOTAL:3.448193
TIME_CONNECT:0.275851
SIZE_DOWNLOAD:1304
TIMESTAMP:2025-06-08 06:53:43 UTC
TRIGGER:schedule
