---METADATA---
HTTP_STATUS:200
TIME_TOTAL:3.383202
TIME_CONNECT:0.303647
SIZE_DOWNLOAD:1292
TIMESTAMP:2025-06-08 14:56:50 UTC
TRIGGER:schedule
