---METADATA---
HTTP_STATUS:200
TIME_TOTAL:3.270429
TIME_CONNECT:0.288231
SIZE_DOWNLOAD:1292
TIMESTAMP:2025-06-08 23:24:10 UTC
TRIGGER:schedule
