---METADATA---
HTTP_STATUS:200
TIME_TOTAL:3.317768
TIME_CONNECT:0.229166
SIZE_DOWNLOAD:1306
TIMESTAMP:2025-06-08 05:13:43 UTC
TRIGGER:schedule
