---METADATA---
HTTP_STATUS:200
TIME_TOTAL:3.258134
TIME_CONNECT:0.238247
SIZE_DOWNLOAD:1292
TIMESTAMP:2025-06-08 15:56:52 UTC
TRIGGER:schedule
