---METADATA---
HTTP_STATUS:200
TIME_TOTAL:3.544409
TIME_CONNECT:0.306101
SIZE_DOWNLOAD:1292
TIMESTAMP:2025-06-08 15:33:01 UTC
TRIGGER:schedule
