---METADATA---
HTTP_STATUS:200
TIME_TOTAL:3.496368
TIME_CONNECT:0.244662
SIZE_DOWNLOAD:1292
TIMESTAMP:2025-06-08 11:10:45 UTC
TRIGGER:schedule
