---METADATA---
HTTP_STATUS:200
TIME_TOTAL:3.459347
TIME_CONNECT:0.279669
SIZE_DOWNLOAD:1292
TIMESTAMP:2025-06-08 19:24:05 UTC
TRIGGER:schedule
