---METADATA---
HTTP_STATUS:200
TIME_TOTAL:3.463453
TIME_CONNECT:0.226573
SIZE_DOWNLOAD:1294
TIMESTAMP:2025-06-08 05:49:29 UTC
TRIGGER:schedule
