---METADATA---
HTTP_STATUS:200
TIME_TOTAL:0.883745
TIME_CONNECT:0.236454
SIZE_DOWNLOAD:1292
TIMESTAMP:2025-06-08 23:40:19 UTC
TRIGGER:schedule
