---METADATA---
HTTP_STATUS:200
TIME_TOTAL:3.344845
TIME_CONNECT:0.320168
SIZE_DOWNLOAD:1292
TIMESTAMP:2025-06-08 17:47:07 UTC
TRIGGER:schedule
