---METADATA---
HTTP_STATUS:200
TIME_TOTAL:3.729652
TIME_CONNECT:0.248177
SIZE_DOWNLOAD:1294
TIMESTAMP:2025-06-08 08:27:17 UTC
TRIGGER:schedule
