---METADATA---
HTTP_STATUS:200
TIME_TOTAL:1.155732
TIME_CONNECT:0.244066
SIZE_DOWNLOAD:1292
TIMESTAMP:2025-06-08 20:32:13 UTC
TRIGGER:schedule
