---METADATA---
HTTP_STATUS:200
TIME_TOTAL:3.360914
TIME_CONNECT:0.258792
SIZE_DOWNLOAD:1294
TIMESTAMP:2025-06-08 06:19:22 UTC
TRIGGER:schedule
