---METADATA---
HTTP_STATUS:200
TIME_TOTAL:3.377891
TIME_CONNECT:0.238461
SIZE_DOWNLOAD:1292
TIMESTAMP:2025-06-08 11:19:57 UTC
TRIGGER:schedule
