---METADATA---
HTTP_STATUS:200
TIME_TOTAL:3.384611
TIME_CONNECT:0.291737
SIZE_DOWNLOAD:1294
TIMESTAMP:2025-06-08 04:59:21 UTC
TRIGGER:schedule
