---METADATA---
HTTP_STATUS:200
TIME_TOTAL:3.195698
TIME_CONNECT:0.299435
SIZE_DOWNLOAD:1292
TIMESTAMP:2025-06-08 14:22:52 UTC
TRIGGER:schedule
