---METADATA---
HTTP_STATUS:200
TIME_TOTAL:3.309061
TIME_CONNECT:0.243663
SIZE_DOWNLOAD:1292
TIMESTAMP:2025-06-08 14:11:57 UTC
TRIGGER:schedule
