---METADATA---
HTTP_STATUS:200
TIME_TOTAL:3.307041
TIME_CONNECT:0.277044
SIZE_DOWNLOAD:1292
TIMESTAMP:2025-06-08 17:18:14 UTC
TRIGGER:schedule
