---METADATA---
HTTP_STATUS:200
TIME_TOTAL:3.362325
TIME_CONNECT:0.303853
SIZE_DOWNLOAD:1294
TIMESTAMP:2025-06-08 09:56:45 UTC
TRIGGER:schedule
