---METADATA---
HTTP_STATUS:200
TIME_TOTAL:3.331798
TIME_CONNECT:0.324233
SIZE_DOWNLOAD:1292
TIMESTAMP:2025-06-08 19:48:12 UTC
TRIGGER:schedule
