---METADATA---
HTTP_STATUS:200
TIME_TOTAL:3.705779
TIME_CONNECT:0.318675
SIZE_DOWNLOAD:1292
TIMESTAMP:2025-06-08 09:12:42 UTC
TRIGGER:schedule
