---METADATA---
HTTP_STATUS:200
TIME_TOTAL:3.418973
TIME_CONNECT:0.278730
SIZE_DOWNLOAD:1291
TIMESTAMP:2025-06-08 09:41:56 UTC
TRIGGER:schedule
