---METADATA---
HTTP_STATUS:200
TIME_TOTAL:3.309434
TIME_CONNECT:0.239534
SIZE_DOWNLOAD:1292
TIMESTAMP:2025-06-08 22:12:23 UTC
TRIGGER:schedule
