---METADATA---
HTTP_STATUS:200
TIME_TOTAL:3.355746
TIME_CONNECT:0.229760
SIZE_DOWNLOAD:1132
TIMESTAMP:2025-08-28 17:18:56 UTC
TRIGGER:schedule
