---METADATA---
HTTP_STATUS:200
TIME_TOTAL:3.698197
TIME_CONNECT:0.286388
SIZE_DOWNLOAD:1293
TIMESTAMP:2025-08-28 04:57:04 UTC
TRIGGER:schedule
