---METADATA---
HTTP_STATUS:200
TIME_TOTAL:3.694546
TIME_CONNECT:0.308029
SIZE_DOWNLOAD:1308
TIMESTAMP:2025-08-28 10:27:51 UTC
TRIGGER:schedule
