---METADATA---
HTTP_STATUS:200
TIME_TOTAL:3.398005
TIME_CONNECT:0.281228
SIZE_DOWNLOAD:1132
TIMESTAMP:2025-08-28 20:42:57 UTC
TRIGGER:schedule
