---METADATA---
HTTP_STATUS:200
TIME_TOTAL:3.346522
TIME_CONNECT:0.252305
SIZE_DOWNLOAD:1132
TIMESTAMP:2025-08-28 21:50:53 UTC
TRIGGER:schedule
