---METADATA---
HTTP_STATUS:200
TIME_TOTAL:3.425659
TIME_CONNECT:0.235509
SIZE_DOWNLOAD:1294
TIMESTAMP:2025-08-28 05:13:35 UTC
TRIGGER:schedule
