---METADATA---
HTTP_STATUS:200
TIME_TOTAL:3.479597
TIME_CONNECT:0.242175
SIZE_DOWNLOAD:1132
TIMESTAMP:2025-08-28 22:12:35 UTC
TRIGGER:schedule
