---METADATA---
HTTP_STATUS:200
TIME_TOTAL:3.380432
TIME_CONNECT:0.257869
SIZE_DOWNLOAD:1132
TIMESTAMP:2025-08-28 15:43:01 UTC
TRIGGER:schedule
