---METADATA---
HTTP_STATUS:200
TIME_TOTAL:1.419236
TIME_CONNECT:0.339210
SIZE_DOWNLOAD:1132
TIMESTAMP:2025-08-28 20:32:40 UTC
TRIGGER:schedule
