---METADATA---
HTTP_STATUS:200
TIME_TOTAL:3.439526
TIME_CONNECT:0.282716
SIZE_DOWNLOAD:1132
TIMESTAMP:2025-08-28 18:39:25 UTC
TRIGGER:schedule
