---METADATA---
HTTP_STATUS:200
TIME_TOTAL:3.851355
TIME_CONNECT:0.274382
SIZE_DOWNLOAD:1295
TIMESTAMP:2025-08-28 12:27:33 UTC
TRIGGER:schedule
