---METADATA---
HTTP_STATUS:200
TIME_TOTAL:3.468717
TIME_CONNECT:0.250347
SIZE_DOWNLOAD:1294
TIMESTAMP:2025-08-28 11:38:55 UTC
TRIGGER:schedule
