---METADATA---
HTTP_STATUS:200
TIME_TOTAL:3.276631
TIME_CONNECT:0.244606
SIZE_DOWNLOAD:1296
TIMESTAMP:2025-08-28 03:25:20 UTC
TRIGGER:schedule
