---METADATA---
HTTP_STATUS:200
TIME_TOTAL:3.357931
TIME_CONNECT:0.264204
SIZE_DOWNLOAD:1132
TIMESTAMP:2025-08-28 18:00:13 UTC
TRIGGER:schedule
