---METADATA---
HTTP_STATUS:200
TIME_TOTAL:3.624012
TIME_CONNECT:0.314080
SIZE_DOWNLOAD:1132
TIMESTAMP:2025-08-28 21:38:54 UTC
TRIGGER:schedule
