---METADATA---
HTTP_STATUS:200
TIME_TOTAL:3.432933
TIME_CONNECT:0.267885
SIZE_DOWNLOAD:1132
TIMESTAMP:2025-08-28 14:50:21 UTC
TRIGGER:schedule
