---METADATA---
HTTP_STATUS:200
TIME_TOTAL:3.551585
TIME_CONNECT:0.248300
SIZE_DOWNLOAD:1294
TIMESTAMP:2025-08-28 10:36:08 UTC
TRIGGER:schedule
