---METADATA---
HTTP_STATUS:200
TIME_TOTAL:1.063152
TIME_CONNECT:0.343965
SIZE_DOWNLOAD:1132
TIMESTAMP:2025-08-28 19:34:41 UTC
TRIGGER:schedule
