---METADATA---
HTTP_STATUS:200
TIME_TOTAL:3.639701
TIME_CONNECT:0.211158
SIZE_DOWNLOAD:1132
TIMESTAMP:2025-08-28 17:29:58 UTC
TRIGGER:schedule
