---METADATA---
HTTP_STATUS:200
TIME_TOTAL:1.214716
TIME_CONNECT:0.297472
SIZE_DOWNLOAD:1132
TIMESTAMP:2025-08-28 13:43:05 UTC
TRIGGER:schedule
