---METADATA---
HTTP_STATUS:200
TIME_TOTAL:3.927502
TIME_CONNECT:0.238742
SIZE_DOWNLOAD:1294
TIMESTAMP:2025-08-28 10:45:02 UTC
TRIGGER:schedule
