---METADATA---
HTTP_STATUS:200
TIME_TOTAL:3.472273
TIME_CONNECT:0.210693
SIZE_DOWNLOAD:1132
TIMESTAMP:2025-08-28 19:23:53 UTC
TRIGGER:schedule
