---METADATA---
HTTP_STATUS:200
TIME_TOTAL:3.427766
TIME_CONNECT:0.212913
SIZE_DOWNLOAD:1132
TIMESTAMP:2025-08-28 23:09:22 UTC
TRIGGER:schedule
