---METADATA---
HTTP_STATUS:200
TIME_TOTAL:3.273041
TIME_CONNECT:0.230119
SIZE_DOWNLOAD:1132
TIMESTAMP:2025-08-28 23:56:53 UTC
TRIGGER:schedule
