---METADATA---
HTTP_STATUS:200
TIME_TOTAL:3.295915
TIME_CONNECT:0.266607
SIZE_DOWNLOAD:1296
TIMESTAMP:2025-08-28 01:46:43 UTC
TRIGGER:schedule
