---METADATA---
HTTP_STATUS:200
TIME_TOTAL:3.422792
TIME_CONNECT:0.243830
SIZE_DOWNLOAD:1132
TIMESTAMP:2025-08-28 15:56:46 UTC
TRIGGER:schedule
