---METADATA---
HTTP_STATUS:200
TIME_TOTAL:3.238177
TIME_CONNECT:0.278607
SIZE_DOWNLOAD:1132
TIMESTAMP:2025-08-28 19:17:44 UTC
TRIGGER:schedule
