---METADATA---
HTTP_STATUS:200
TIME_TOTAL:3.336512
TIME_CONNECT:0.229701
SIZE_DOWNLOAD:1132
TIMESTAMP:2025-08-28 16:52:14 UTC
TRIGGER:schedule
