---METADATA---
HTTP_STATUS:200
TIME_TOTAL:3.579556
TIME_CONNECT:0.236919
SIZE_DOWNLOAD:1294
TIMESTAMP:2025-08-28 05:42:37 UTC
TRIGGER:schedule
