---METADATA---
HTTP_STATUS:200
TIME_TOTAL:3.587472
TIME_CONNECT:0.258309
SIZE_DOWNLOAD:1305
TIMESTAMP:2025-08-28 09:48:25 UTC
TRIGGER:schedule
