---METADATA---
HTTP_STATUS:200
TIME_TOTAL:3.348423
TIME_CONNECT:0.209072
SIZE_DOWNLOAD:1132
TIMESTAMP:2025-08-28 19:48:16 UTC
TRIGGER:schedule
