---METADATA---
HTTP_STATUS:200
TIME_TOTAL:3.554435
TIME_CONNECT:0.261848
SIZE_DOWNLOAD:1296
TIMESTAMP:2025-08-28 06:48:07 UTC
TRIGGER:schedule
