---METADATA---
HTTP_STATUS:200
TIME_TOTAL:3.368809
TIME_CONNECT:0.257864
SIZE_DOWNLOAD:1132
TIMESTAMP:2025-08-28 23:40:53 UTC
TRIGGER:schedule
