---METADATA---
HTTP_STATUS:200
TIME_TOTAL:3.313544
TIME_CONNECT:0.242285
SIZE_DOWNLOAD:1132
TIMESTAMP:2025-08-28 21:22:40 UTC
TRIGGER:schedule
