---METADATA---
HTTP_STATUS:200
TIME_TOTAL:3.463971
TIME_CONNECT:0.297863
SIZE_DOWNLOAD:1132
TIMESTAMP:2025-08-28 16:55:03 UTC
TRIGGER:schedule
