---METADATA---
HTTP_STATUS:200
TIME_TOTAL:3.457121
TIME_CONNECT:0.289504
SIZE_DOWNLOAD:1294
TIMESTAMP:2025-08-28 03:53:14 UTC
TRIGGER:schedule
