---METADATA---
HTTP_STATUS:200
TIME_TOTAL:3.460141
TIME_CONNECT:0.243394
SIZE_DOWNLOAD:1132
TIMESTAMP:2025-08-28 16:17:07 UTC
TRIGGER:schedule
