---METADATA---
HTTP_STATUS:200
TIME_TOTAL:3.601182
TIME_CONNECT:0.265832
SIZE_DOWNLOAD:1305
TIMESTAMP:2025-08-28 09:38:37 UTC
TRIGGER:schedule
