---METADATA---
HTTP_STATUS:200
TIME_TOTAL:3.616701
TIME_CONNECT:0.262239
SIZE_DOWNLOAD:1294
TIMESTAMP:2025-08-28 06:20:47 UTC
TRIGGER:schedule
