---METADATA---
HTTP_STATUS:200
TIME_TOTAL:3.445549
TIME_CONNECT:0.217781
SIZE_DOWNLOAD:1132
TIMESTAMP:2025-08-28 16:44:09 UTC
TRIGGER:schedule
