---METADATA---
HTTP_STATUS:200
TIME_TOTAL:3.522886
TIME_CONNECT:0.283509
SIZE_DOWNLOAD:1296
TIMESTAMP:2025-08-28 05:25:47 UTC
TRIGGER:schedule
