---METADATA---
HTTP_STATUS:200
TIME_TOTAL:3.350017
TIME_CONNECT:0.243371
SIZE_DOWNLOAD:1132
TIMESTAMP:2025-08-28 23:27:50 UTC
TRIGGER:schedule
