---METADATA---
HTTP_STATUS:200
TIME_TOTAL:0.982234
TIME_CONNECT:0.218007
SIZE_DOWNLOAD:1307
TIMESTAMP:2025-08-28 07:40:50 UTC
TRIGGER:schedule
