---METADATA---
HTTP_STATUS:200
TIME_TOTAL:3.316189
TIME_CONNECT:0.234248
SIZE_DOWNLOAD:1132
TIMESTAMP:2025-08-28 22:37:22 UTC
TRIGGER:schedule
