---METADATA---
HTTP_STATUS:200
TIME_TOTAL:3.487406
TIME_CONNECT:0.277239
SIZE_DOWNLOAD:1295
TIMESTAMP:2025-08-28 11:35:45 UTC
TRIGGER:schedule
