---METADATA---
HTTP_STATUS:200
TIME_TOTAL:3.505839
TIME_CONNECT:0.282075
SIZE_DOWNLOAD:1132
TIMESTAMP:2025-08-28 19:10:58 UTC
TRIGGER:schedule
