---METADATA---
HTTP_STATUS:200
TIME_TOTAL:3.547040
TIME_CONNECT:0.253393
SIZE_DOWNLOAD:1305
TIMESTAMP:2025-08-28 08:52:52 UTC
TRIGGER:schedule
