---METADATA---
HTTP_STATUS:200
TIME_TOTAL:3.843446
TIME_CONNECT:0.236409
SIZE_DOWNLOAD:1132
TIMESTAMP:2025-08-28 23:36:49 UTC
TRIGGER:schedule
