---METADATA---
HTTP_STATUS:200
TIME_TOTAL:0.966009
TIME_CONNECT:0.273228
SIZE_DOWNLOAD:1132
TIMESTAMP:2025-08-28 22:49:25 UTC
TRIGGER:schedule
