---METADATA---
HTTP_STATUS:200
TIME_TOTAL:3.546755
TIME_CONNECT:0.277154
SIZE_DOWNLOAD:1305
TIMESTAMP:2025-08-28 09:41:33 UTC
TRIGGER:schedule
