---METADATA---
HTTP_STATUS:200
TIME_TOTAL:3.587560
TIME_CONNECT:0.285131
SIZE_DOWNLOAD:1294
TIMESTAMP:2025-08-28 10:49:27 UTC
TRIGGER:schedule
