---METADATA---
HTTP_STATUS:200
TIME_TOTAL:3.547094
TIME_CONNECT:0.293394
SIZE_DOWNLOAD:1294
TIMESTAMP:2025-08-28 10:14:26 UTC
TRIGGER:schedule
