---METADATA---
HTTP_STATUS:200
TIME_TOTAL:3.498128
TIME_CONNECT:0.224621
SIZE_DOWNLOAD:1296
TIMESTAMP:2025-08-28 05:48:15 UTC
TRIGGER:schedule
