---METADATA---
HTTP_STATUS:200
TIME_TOTAL:3.266623
TIME_CONNECT:0.228410
SIZE_DOWNLOAD:1132
TIMESTAMP:2025-08-28 14:45:12 UTC
TRIGGER:schedule
