---METADATA---
HTTP_STATUS:200
TIME_TOTAL:3.472510
TIME_CONNECT:0.269039
SIZE_DOWNLOAD:1132
TIMESTAMP:2025-08-28 13:50:23 UTC
TRIGGER:schedule
