---METADATA---
HTTP_STATUS:200
TIME_TOTAL:3.650334
TIME_CONNECT:0.258100
SIZE_DOWNLOAD:1132
TIMESTAMP:2025-08-28 23:12:52 UTC
TRIGGER:schedule
