---METADATA---
HTTP_STATUS:200
TIME_TOTAL:3.381297
TIME_CONNECT:0.231661
SIZE_DOWNLOAD:1294
TIMESTAMP:2025-08-28 08:44:24 UTC
TRIGGER:schedule
