---METADATA---
HTTP_STATUS:200
TIME_TOTAL:3.270677
TIME_CONNECT:0.275781
SIZE_DOWNLOAD:1132
TIMESTAMP:2025-08-28 22:47:59 UTC
TRIGGER:schedule
