---METADATA---
HTTP_STATUS:200
TIME_TOTAL:3.380761
TIME_CONNECT:0.274021
SIZE_DOWNLOAD:1294
TIMESTAMP:2025-08-28 07:48:59 UTC
TRIGGER:schedule
