---METADATA---
HTTP_STATUS:200
TIME_TOTAL:3.498994
TIME_CONNECT:0.283208
SIZE_DOWNLOAD:1132
TIMESTAMP:2025-08-28 22:19:59 UTC
TRIGGER:schedule
