---METADATA---
HTTP_STATUS:200
TIME_TOTAL:3.581491
TIME_CONNECT:0.257269
SIZE_DOWNLOAD:1132
TIMESTAMP:2025-08-28 15:14:01 UTC
TRIGGER:schedule
