---METADATA---
HTTP_STATUS:200
TIME_TOTAL:3.683978
TIME_CONNECT:0.303028
SIZE_DOWNLOAD:1298
TIMESTAMP:2025-08-28 09:15:51 UTC
TRIGGER:schedule
