---METADATA---
HTTP_STATUS:200
TIME_TOTAL:3.403772
TIME_CONNECT:0.272923
SIZE_DOWNLOAD:1132
TIMESTAMP:2025-08-28 17:36:04 UTC
TRIGGER:schedule
