---METADATA---
HTTP_STATUS:200
TIME_TOTAL:3.438326
TIME_CONNECT:0.281971
SIZE_DOWNLOAD:1132
TIMESTAMP:2025-08-28 19:56:53 UTC
TRIGGER:schedule
