---METADATA---
HTTP_STATUS:200
TIME_TOTAL:3.377295
TIME_CONNECT:0.213155
SIZE_DOWNLOAD:1298
TIMESTAMP:2025-08-28 03:47:36 UTC
TRIGGER:schedule
