---METADATA---
HTTP_STATUS:200
TIME_TOTAL:3.132853
TIME_CONNECT:0.222335
SIZE_DOWNLOAD:1132
TIMESTAMP:2025-08-28 17:49:54 UTC
TRIGGER:schedule
