---METADATA---
HTTP_STATUS:200
TIME_TOTAL:3.272691
TIME_CONNECT:0.222059
SIZE_DOWNLOAD:1132
TIMESTAMP:2025-08-28 22:30:50 UTC
TRIGGER:schedule
