---METADATA---
HTTP_STATUS:200
TIME_TOTAL:3.467435
TIME_CONNECT:0.246166
SIZE_DOWNLOAD:1132
TIMESTAMP:2025-08-28 20:57:15 UTC
TRIGGER:schedule
