---METADATA---
HTTP_STATUS:200
TIME_TOTAL:3.495574
TIME_CONNECT:0.257657
SIZE_DOWNLOAD:1307
TIMESTAMP:2025-08-28 07:29:25 UTC
TRIGGER:schedule
