---METADATA---
HTTP_STATUS:200
TIME_TOTAL:3.438571
TIME_CONNECT:0.290212
SIZE_DOWNLOAD:1132
TIMESTAMP:2025-08-28 17:12:01 UTC
TRIGGER:schedule
