---METADATA---
HTTP_STATUS:200
TIME_TOTAL:3.313860
TIME_CONNECT:0.252029
SIZE_DOWNLOAD:1132
TIMESTAMP:2025-08-28 15:26:47 UTC
TRIGGER:schedule
