---METADATA---
HTTP_STATUS:200
TIME_TOTAL:1.085127
TIME_CONNECT:0.245244
SIZE_DOWNLOAD:1132
TIMESTAMP:2025-08-28 19:29:25 UTC
TRIGGER:schedule
