---METADATA---
HTTP_STATUS:200
TIME_TOTAL:3.502896
TIME_CONNECT:0.293820
SIZE_DOWNLOAD:1307
TIMESTAMP:2025-08-28 08:18:20 UTC
TRIGGER:schedule
