---METADATA---
HTTP_STATUS:200
TIME_TOTAL:3.447318
TIME_CONNECT:0.232300
SIZE_DOWNLOAD:1307
TIMESTAMP:2025-08-28 11:11:10 UTC
TRIGGER:schedule
