---METADATA---
HTTP_STATUS:200
TIME_TOTAL:3.431918
TIME_CONNECT:0.249863
SIZE_DOWNLOAD:1132
TIMESTAMP:2025-08-28 14:13:41 UTC
TRIGGER:schedule
