---METADATA---
HTTP_STATUS:200
TIME_TOTAL:3.280205
TIME_CONNECT:0.240564
SIZE_DOWNLOAD:1132
TIMESTAMP:2025-08-28 21:27:24 UTC
TRIGGER:schedule
