---METADATA---
HTTP_STATUS:200
TIME_TOTAL:3.286432
TIME_CONNECT:0.241992
SIZE_DOWNLOAD:1132
TIMESTAMP:2025-08-28 15:48:58 UTC
TRIGGER:schedule
