---METADATA---
HTTP_STATUS:200
TIME_TOTAL:3.603243
TIME_CONNECT:0.289673
SIZE_DOWNLOAD:1132
TIMESTAMP:2025-08-28 15:32:32 UTC
TRIGGER:schedule
