---METADATA---
HTTP_STATUS:200
TIME_TOTAL:3.331677
TIME_CONNECT:0.217115
SIZE_DOWNLOAD:1132
TIMESTAMP:2025-08-28 16:32:15 UTC
TRIGGER:schedule
