---METADATA---
HTTP_STATUS:200
TIME_TOTAL:3.209415
TIME_CONNECT:0.278777
SIZE_DOWNLOAD:1296
TIMESTAMP:2025-08-28 02:56:02 UTC
TRIGGER:schedule
