---METADATA---
HTTP_STATUS:200
TIME_TOTAL:3.525659
TIME_CONNECT:0.237780
SIZE_DOWNLOAD:1294
TIMESTAMP:2025-08-28 06:38:06 UTC
TRIGGER:schedule
