---METADATA---
HTTP_STATUS:200
TIME_TOTAL:3.447100
TIME_CONNECT:0.274666
SIZE_DOWNLOAD:1132
TIMESTAMP:2025-08-28 14:34:20 UTC
TRIGGER:schedule
