---METADATA---
HTTP_STATUS:200
TIME_TOTAL:3.340389
TIME_CONNECT:0.234004
SIZE_DOWNLOAD:1132
TIMESTAMP:2025-08-28 20:27:39 UTC
TRIGGER:schedule
