---METADATA---
HTTP_STATUS:200
TIME_TOTAL:3.474810
TIME_CONNECT:0.277709
SIZE_DOWNLOAD:1304
TIMESTAMP:2025-08-28 07:13:30 UTC
TRIGGER:schedule
