---METADATA---
HTTP_STATUS:200
TIME_TOTAL:3.405363
TIME_CONNECT:0.247759
SIZE_DOWNLOAD:1132
TIMESTAMP:2025-08-28 23:47:52 UTC
TRIGGER:schedule
