---METADATA---
HTTP_STATUS:200
TIME_TOTAL:3.583953
TIME_CONNECT:0.296166
SIZE_DOWNLOAD:1292
TIMESTAMP:2025-08-28 08:33:24 UTC
TRIGGER:schedule
