---METADATA---
HTTP_STATUS:200
TIME_TOTAL:3.518554
TIME_CONNECT:0.271982
SIZE_DOWNLOAD:1306
TIMESTAMP:2025-08-28 04:44:36 UTC
TRIGGER:schedule
