---METADATA---
HTTP_STATUS:200
TIME_TOTAL:3.573586
TIME_CONNECT:0.285551
SIZE_DOWNLOAD:1309
TIMESTAMP:2025-08-28 09:56:55 UTC
TRIGGER:schedule
