---METADATA---
HTTP_STATUS:200
TIME_TOTAL:3.479951
TIME_CONNECT:0.220765
SIZE_DOWNLOAD:1132
TIMESTAMP:2025-08-28 13:20:00 UTC
TRIGGER:schedule
