---METADATA---
HTTP_STATUS:200
TIME_TOTAL:3.399738
TIME_CONNECT:0.297200
SIZE_DOWNLOAD:1132
TIMESTAMP:2025-08-28 23:27:17 UTC
TRIGGER:schedule
