---METADATA---
HTTP_STATUS:200
TIME_TOTAL:3.554130
TIME_CONNECT:0.276550
SIZE_DOWNLOAD:1294
TIMESTAMP:2025-08-28 07:56:48 UTC
TRIGGER:schedule
