---METADATA---
HTTP_STATUS:200
TIME_TOTAL:3.302265
TIME_CONNECT:0.257014
SIZE_DOWNLOAD:1132
TIMESTAMP:2025-08-28 21:12:18 UTC
TRIGGER:schedule
