---METADATA---
HTTP_STATUS:200
TIME_TOTAL:3.381609
TIME_CONNECT:0.238567
SIZE_DOWNLOAD:1132
TIMESTAMP:2025-08-28 13:56:55 UTC
TRIGGER:schedule
