---METADATA---
HTTP_STATUS:200
TIME_TOTAL:3.706899
TIME_CONNECT:0.306086
SIZE_DOWNLOAD:1298
TIMESTAMP:2025-08-28 04:50:36 UTC
TRIGGER:schedule
