---METADATA---
HTTP_STATUS:200
TIME_TOTAL:3.594741
TIME_CONNECT:0.288783
SIZE_DOWNLOAD:1305
TIMESTAMP:2025-08-28 07:22:15 UTC
TRIGGER:schedule
