---METADATA---
HTTP_STATUS:200
TIME_TOTAL:3.476739
TIME_CONNECT:0.221765
SIZE_DOWNLOAD:1296
TIMESTAMP:2025-08-28 03:37:11 UTC
TRIGGER:schedule
