---METADATA---
HTTP_STATUS:200
TIME_TOTAL:3.433798
TIME_CONNECT:0.274350
SIZE_DOWNLOAD:1307
TIMESTAMP:2025-08-28 07:40:10 UTC
TRIGGER:schedule
