---METADATA---
HTTP_STATUS:200
TIME_TOTAL:3.329904
TIME_CONNECT:0.326112
SIZE_DOWNLOAD:1132
TIMESTAMP:2025-08-28 18:54:32 UTC
TRIGGER:schedule
