---METADATA---
HTTP_STATUS:200
TIME_TOTAL:3.316102
TIME_CONNECT:0.286791
SIZE_DOWNLOAD:1132
TIMESTAMP:2025-08-28 20:48:25 UTC
TRIGGER:schedule
