---METADATA---
HTTP_STATUS:200
TIME_TOTAL:3.488280
TIME_CONNECT:0.277611
SIZE_DOWNLOAD:1294
TIMESTAMP:2025-08-28 11:50:55 UTC
TRIGGER:schedule
