---METADATA---
HTTP_STATUS:200
TIME_TOTAL:3.258018
TIME_CONNECT:0.232708
SIZE_DOWNLOAD:1132
TIMESTAMP:2025-08-28 20:14:51 UTC
TRIGGER:schedule
