---METADATA---
HTTP_STATUS:200
TIME_TOTAL:3.638312
TIME_CONNECT:0.278600
SIZE_DOWNLOAD:1294
TIMESTAMP:2025-08-28 11:20:50 UTC
TRIGGER:schedule
