---METADATA---
HTTP_STATUS:200
TIME_TOTAL:3.445916
TIME_CONNECT:0.240055
SIZE_DOWNLOAD:1132
TIMESTAMP:2025-08-28 17:48:14 UTC
TRIGGER:schedule
