---METADATA---
HTTP_STATUS:200
TIME_TOTAL:3.505949
TIME_CONNECT:0.266119
SIZE_DOWNLOAD:1296
TIMESTAMP:2025-08-28 05:32:11 UTC
TRIGGER:schedule
