---METADATA---
HTTP_STATUS:200
TIME_TOTAL:3.431072
TIME_CONNECT:0.263398
SIZE_DOWNLOAD:1132
TIMESTAMP:2025-08-28 13:37:55 UTC
TRIGGER:schedule
