---METADATA---
HTTP_STATUS:200
TIME_TOTAL:3.222622
TIME_CONNECT:0.273271
SIZE_DOWNLOAD:1132
TIMESTAMP:2025-08-28 21:48:20 UTC
TRIGGER:schedule
