---METADATA---
HTTP_STATUS:200
TIME_TOTAL:3.403951
TIME_CONNECT:0.245858
SIZE_DOWNLOAD:1132
TIMESTAMP:2025-08-28 14:26:10 UTC
TRIGGER:schedule
