---METADATA---
HTTP_STATUS:200
TIME_TOTAL:3.250574
TIME_CONNECT:0.252116
SIZE_DOWNLOAD:1132
TIMESTAMP:2025-08-28 18:45:57 UTC
TRIGGER:schedule
