---METADATA---
HTTP_STATUS:200
TIME_TOTAL:3.471235
TIME_CONNECT:0.273709
SIZE_DOWNLOAD:1311
TIMESTAMP:2025-08-28 04:16:21 UTC
TRIGGER:schedule
