---METADATA---
HTTP_STATUS:200
TIME_TOTAL:3.617267
TIME_CONNECT:0.281456
SIZE_DOWNLOAD:1307
TIMESTAMP:2025-08-28 10:57:08 UTC
TRIGGER:schedule
