---METADATA---
HTTP_STATUS:200
TIME_TOTAL:3.573191
TIME_CONNECT:0.296877
SIZE_DOWNLOAD:1294
TIMESTAMP:2025-08-28 06:55:15 UTC
TRIGGER:schedule
