---METADATA---
HTTP_STATUS:200
TIME_TOTAL:3.586415
TIME_CONNECT:0.252327
SIZE_DOWNLOAD:1294
TIMESTAMP:2025-08-28 04:26:27 UTC
TRIGGER:schedule
