---METADATA---
HTTP_STATUS:200
TIME_TOTAL:3.666819
TIME_CONNECT:0.285911
SIZE_DOWNLOAD:1309
TIMESTAMP:2025-08-28 09:23:54 UTC
TRIGGER:schedule
