---METADATA---
HTTP_STATUS:200
TIME_TOTAL:3.512834
TIME_CONNECT:0.366769
SIZE_DOWNLOAD:1307
TIMESTAMP:2025-08-28 01:03:34 UTC
TRIGGER:schedule
