---METADATA---
HTTP_STATUS:200
TIME_TOTAL:3.559619
TIME_CONNECT:0.286310
SIZE_DOWNLOAD:1294
TIMESTAMP:2025-08-28 11:48:21 UTC
TRIGGER:schedule
