---METADATA---
HTTP_STATUS:200
TIME_TOTAL:3.424620
TIME_CONNECT:0.241293
SIZE_DOWNLOAD:1132
TIMESTAMP:2025-08-28 21:36:56 UTC
TRIGGER:schedule
