---METADATA---
HTTP_STATUS:200
TIME_TOTAL:3.726563
TIME_CONNECT:0.273507
SIZE_DOWNLOAD:1308
TIMESTAMP:2025-08-28 05:57:03 UTC
TRIGGER:schedule
