---METADATA---
HTTP_STATUS:200
TIME_TOTAL:3.501559
TIME_CONNECT:0.292503
SIZE_DOWNLOAD:1296
TIMESTAMP:2025-08-28 02:40:29 UTC
TRIGGER:schedule
