---METADATA---
HTTP_STATUS:200
TIME_TOTAL:3.873639
TIME_CONNECT:0.219219
SIZE_DOWNLOAD:1306
TIMESTAMP:2025-08-28 04:41:19 UTC
TRIGGER:schedule
