---METADATA---
HTTP_STATUS:200
TIME_TOTAL:3.477024
TIME_CONNECT:0.243602
SIZE_DOWNLOAD:1295
TIMESTAMP:2025-08-28 12:46:37 UTC
TRIGGER:schedule
