---METADATA---
HTTP_STATUS:200
TIME_TOTAL:3.484122
TIME_CONNECT:0.241079
SIZE_DOWNLOAD:1132
TIMESTAMP:2025-08-28 14:57:05 UTC
TRIGGER:schedule
