---METADATA---
HTTP_STATUS:200
TIME_TOTAL:0.956900
TIME_CONNECT:0.215242
SIZE_DOWNLOAD:1132
TIMESTAMP:2025-08-28 17:41:41 UTC
TRIGGER:schedule
