---METADATA---
HTTP_STATUS:200
TIME_TOTAL:3.335327
TIME_CONNECT:0.237513
SIZE_DOWNLOAD:1132
TIMESTAMP:2025-08-28 13:04:39 UTC
TRIGGER:schedule
