---METADATA---
HTTP_STATUS:200
TIME_TOTAL:3.309669
TIME_CONNECT:0.230406
SIZE_DOWNLOAD:1311
TIMESTAMP:2025-08-28 08:55:46 UTC
TRIGGER:schedule
