---METADATA---
HTTP_STATUS:200
TIME_TOTAL:3.457459
TIME_CONNECT:0.292452
SIZE_DOWNLOAD:1132
TIMESTAMP:2025-08-28 19:41:28 UTC
TRIGGER:schedule
