---METADATA---
HTTP_STATUS:200
TIME_TOTAL:1.104026
TIME_CONNECT:0.277046
SIZE_DOWNLOAD:1294
TIMESTAMP:2025-08-28 11:25:46 UTC
TRIGGER:schedule
