---METADATA---
HTTP_STATUS:200
TIME_TOTAL:3.334886
TIME_CONNECT:0.292682
SIZE_DOWNLOAD:1132
TIMESTAMP:2025-08-28 18:19:03 UTC
TRIGGER:schedule
