---METADATA---
HTTP_STATUS:200
TIME_TOTAL:3.396586
TIME_CONNECT:0.236330
SIZE_DOWNLOAD:1294
TIMESTAMP:2025-06-18 19:21:09 UTC
TRIGGER:schedule
