---METADATA---
HTTP_STATUS:200
TIME_TOTAL:3.382489
TIME_CONNECT:0.237890
SIZE_DOWNLOAD:1294
TIMESTAMP:2025-06-18 17:35:46 UTC
TRIGGER:schedule
