---METADATA---
HTTP_STATUS:200
TIME_TOTAL:3.400552
TIME_CONNECT:0.229070
SIZE_DOWNLOAD:1294
TIMESTAMP:2025-06-18 09:29:12 UTC
TRIGGER:schedule
