---METADATA---
HTTP_STATUS:200
TIME_TOTAL:3.318039
TIME_CONNECT:0.236463
SIZE_DOWNLOAD:1294
TIMESTAMP:2025-06-18 18:48:34 UTC
TRIGGER:schedule
