---METADATA---
HTTP_STATUS:200
TIME_TOTAL:3.299182
TIME_CONNECT:0.241810
SIZE_DOWNLOAD:1305
TIMESTAMP:2025-06-18 11:47:46 UTC
TRIGGER:schedule
