---METADATA---
HTTP_STATUS:200
TIME_TOTAL:3.480270
TIME_CONNECT:0.293984
SIZE_DOWNLOAD:1292
TIMESTAMP:2025-06-18 07:28:24 UTC
TRIGGER:schedule
