---METADATA---
HTTP_STATUS:200
TIME_TOTAL:3.213725
TIME_CONNECT:0.225734
SIZE_DOWNLOAD:1294
TIMESTAMP:2025-06-18 16:48:42 UTC
TRIGGER:schedule
