---METADATA---
HTTP_STATUS:200
TIME_TOTAL:3.467113
TIME_CONNECT:0.319303
SIZE_DOWNLOAD:1292
TIMESTAMP:2025-06-18 04:40:56 UTC
TRIGGER:schedule
