---METADATA---
HTTP_STATUS:200
TIME_TOTAL:3.342975
TIME_CONNECT:0.289076
SIZE_DOWNLOAD:1294
TIMESTAMP:2025-06-18 19:39:21 UTC
TRIGGER:schedule
