---METADATA---
HTTP_STATUS:200
TIME_TOTAL:3.501615
TIME_CONNECT:0.275543
SIZE_DOWNLOAD:1305
TIMESTAMP:2025-06-18 11:59:33 UTC
TRIGGER:schedule
