---METADATA---
HTTP_STATUS:200
TIME_TOTAL:1.156692
TIME_CONNECT:0.278382
SIZE_DOWNLOAD:1292
TIMESTAMP:2025-06-18 07:33:06 UTC
TRIGGER:schedule
