---METADATA---
HTTP_STATUS:200
TIME_TOTAL:3.306550
TIME_CONNECT:0.295467
SIZE_DOWNLOAD:1305
TIMESTAMP:2025-06-18 11:35:49 UTC
TRIGGER:schedule
