---METADATA---
HTTP_STATUS:200
TIME_TOTAL:3.385696
TIME_CONNECT:0.250636
SIZE_DOWNLOAD:1294
TIMESTAMP:2025-06-18 23:24:53 UTC
TRIGGER:schedule
