---METADATA---
HTTP_STATUS:200
TIME_TOTAL:3.572918
TIME_CONNECT:0.288921
SIZE_DOWNLOAD:1294
TIMESTAMP:2025-06-18 09:15:42 UTC
TRIGGER:schedule
