---METADATA---
HTTP_STATUS:200
TIME_TOTAL:3.595704
TIME_CONNECT:0.274258
SIZE_DOWNLOAD:1305
TIMESTAMP:2025-06-18 10:51:51 UTC
TRIGGER:schedule
