---METADATA---
HTTP_STATUS:200
TIME_TOTAL:3.581489
TIME_CONNECT:0.212624
SIZE_DOWNLOAD:1294
TIMESTAMP:2025-06-18 09:58:53 UTC
TRIGGER:schedule
