---METADATA---
HTTP_STATUS:200
TIME_TOTAL:3.501923
TIME_CONNECT:0.282449
SIZE_DOWNLOAD:1292
TIMESTAMP:2025-06-18 06:44:13 UTC
TRIGGER:schedule
