---METADATA---
HTTP_STATUS:200
TIME_TOTAL:3.457170
TIME_CONNECT:0.269347
SIZE_DOWNLOAD:1294
TIMESTAMP:2025-06-18 09:46:56 UTC
TRIGGER:schedule
