---METADATA---
HTTP_STATUS:200
TIME_TOTAL:3.272423
TIME_CONNECT:0.253582
SIZE_DOWNLOAD:1294
TIMESTAMP:2025-06-18 15:42:17 UTC
TRIGGER:schedule
