---METADATA---
HTTP_STATUS:200
TIME_TOTAL:3.307080
TIME_CONNECT:0.242686
SIZE_DOWNLOAD:1294
TIMESTAMP:2025-06-18 14:16:52 UTC
TRIGGER:schedule
