---METADATA---
HTTP_STATUS:200
TIME_TOTAL:3.716827
TIME_CONNECT:0.309417
SIZE_DOWNLOAD:1294
TIMESTAMP:2025-06-18 22:25:58 UTC
TRIGGER:schedule
