---METADATA---
HTTP_STATUS:200
TIME_TOTAL:3.427086
TIME_CONNECT:0.273584
SIZE_DOWNLOAD:1294
TIMESTAMP:2025-06-18 22:34:20 UTC
TRIGGER:schedule
