---METADATA---
HTTP_STATUS:200
TIME_TOTAL:3.342797
TIME_CONNECT:0.287071
SIZE_DOWNLOAD:1294
TIMESTAMP:2025-06-18 13:09:19 UTC
TRIGGER:schedule
