---METADATA---
HTTP_STATUS:200
TIME_TOTAL:3.561334
TIME_CONNECT:0.275567
SIZE_DOWNLOAD:1294
TIMESTAMP:2025-06-18 10:15:12 UTC
TRIGGER:schedule
