---METADATA---
HTTP_STATUS:200
TIME_TOTAL:3.426116
TIME_CONNECT:0.235815
SIZE_DOWNLOAD:1292
TIMESTAMP:2025-06-18 04:04:15 UTC
TRIGGER:schedule
