---METADATA---
HTTP_STATUS:200
TIME_TOTAL:3.370583
TIME_CONNECT:0.353007
SIZE_DOWNLOAD:1294
TIMESTAMP:2025-06-18 21:48:11 UTC
TRIGGER:schedule
