---METADATA---
HTTP_STATUS:200
TIME_TOTAL:3.476584
TIME_CONNECT:0.270263
SIZE_DOWNLOAD:1292
TIMESTAMP:2025-06-18 05:14:49 UTC
TRIGGER:schedule
