---METADATA---
HTTP_STATUS:200
TIME_TOTAL:3.413783
TIME_CONNECT:0.244374
SIZE_DOWNLOAD:1294
TIMESTAMP:2025-06-18 18:38:11 UTC
TRIGGER:schedule
