---METADATA---
HTTP_STATUS:200
TIME_TOTAL:3.416477
TIME_CONNECT:0.283601
SIZE_DOWNLOAD:1292
TIMESTAMP:2025-06-18 02:54:19 UTC
TRIGGER:schedule
