---METADATA---
HTTP_STATUS:200
TIME_TOTAL:3.325455
TIME_CONNECT:0.246684
SIZE_DOWNLOAD:1292
TIMESTAMP:2025-06-18 04:48:11 UTC
TRIGGER:schedule
