---METADATA---
HTTP_STATUS:200
TIME_TOTAL:3.296312
TIME_CONNECT:0.275120
SIZE_DOWNLOAD:1292
TIMESTAMP:2025-06-18 05:51:08 UTC
TRIGGER:schedule
