---METADATA---
HTTP_STATUS:200
TIME_TOTAL:3.338644
TIME_CONNECT:0.248936
SIZE_DOWNLOAD:1292
TIMESTAMP:2025-06-18 07:49:51 UTC
TRIGGER:schedule
