---METADATA---
HTTP_STATUS:200
TIME_TOTAL:3.559351
TIME_CONNECT:0.245855
SIZE_DOWNLOAD:1294
TIMESTAMP:2025-06-18 14:25:24 UTC
TRIGGER:schedule
