---METADATA---
HTTP_STATUS:200
TIME_TOTAL:3.365255
TIME_CONNECT:0.276482
SIZE_DOWNLOAD:1294
TIMESTAMP:2025-06-18 20:26:54 UTC
TRIGGER:schedule
