---METADATA---
HTTP_STATUS:200
TIME_TOTAL:3.074992
TIME_CONNECT:0.220517
SIZE_DOWNLOAD:1292
TIMESTAMP:2025-06-18 04:59:33 UTC
TRIGGER:schedule
