---METADATA---
HTTP_STATUS:200
TIME_TOTAL:3.495390
TIME_CONNECT:0.283324
SIZE_DOWNLOAD:1294
TIMESTAMP:2025-06-18 16:30:11 UTC
TRIGGER:schedule
