---METADATA---
HTTP_STATUS:200
TIME_TOTAL:3.581716
TIME_CONNECT:0.299915
SIZE_DOWNLOAD:1294
TIMESTAMP:2025-06-18 21:30:15 UTC
TRIGGER:schedule
