---METADATA---
HTTP_STATUS:200
TIME_TOTAL:3.253518
TIME_CONNECT:0.284873
SIZE_DOWNLOAD:1294
TIMESTAMP:2025-06-18 23:30:17 UTC
TRIGGER:schedule
