---METADATA---
HTTP_STATUS:200
TIME_TOTAL:3.317217
TIME_CONNECT:0.283868
SIZE_DOWNLOAD:1294
TIMESTAMP:2025-06-18 18:56:32 UTC
TRIGGER:schedule
