---METADATA---
HTTP_STATUS:200
TIME_TOTAL:3.417035
TIME_CONNECT:0.238579
SIZE_DOWNLOAD:1294
TIMESTAMP:2025-06-18 20:57:34 UTC
TRIGGER:schedule
