---METADATA---
HTTP_STATUS:200
TIME_TOTAL:3.248451
TIME_CONNECT:0.230951
SIZE_DOWNLOAD:1294
TIMESTAMP:2025-06-18 22:44:49 UTC
TRIGGER:schedule
