---METADATA---
HTTP_STATUS:200
TIME_TOTAL:3.297458
TIME_CONNECT:0.279565
SIZE_DOWNLOAD:1292
TIMESTAMP:2025-06-18 08:56:24 UTC
TRIGGER:schedule
