---METADATA---
HTTP_STATUS:200
TIME_TOTAL:3.291675
TIME_CONNECT:0.237577
SIZE_DOWNLOAD:1294
TIMESTAMP:2025-06-18 17:52:17 UTC
TRIGGER:schedule
