---METADATA---
HTTP_STATUS:200
TIME_TOTAL:3.192440
TIME_CONNECT:0.236064
SIZE_DOWNLOAD:1292
TIMESTAMP:2025-06-18 06:20:59 UTC
TRIGGER:schedule
