---METADATA---
HTTP_STATUS:200
TIME_TOTAL:3.660468
TIME_CONNECT:0.292524
SIZE_DOWNLOAD:1305
TIMESTAMP:2025-06-18 13:39:24 UTC
TRIGGER:schedule
