---METADATA---
HTTP_STATUS:200
TIME_TOTAL:3.337746
TIME_CONNECT:0.266612
SIZE_DOWNLOAD:1292
TIMESTAMP:2025-06-18 03:44:08 UTC
TRIGGER:schedule
