---METADATA---
HTTP_STATUS:200
TIME_TOTAL:3.448606
TIME_CONNECT:0.275227
SIZE_DOWNLOAD:1294
TIMESTAMP:2025-06-18 10:43:53 UTC
TRIGGER:schedule
