---METADATA---
HTTP_STATUS:200
TIME_TOTAL:3.449871
TIME_CONNECT:0.289700
SIZE_DOWNLOAD:1294
TIMESTAMP:2025-06-18 14:43:57 UTC
TRIGGER:schedule
