---METADATA---
HTTP_STATUS:200
TIME_TOTAL:3.532751
TIME_CONNECT:0.224999
SIZE_DOWNLOAD:1292
TIMESTAMP:2025-06-18 08:35:49 UTC
TRIGGER:schedule
