---METADATA---
HTTP_STATUS:200
TIME_TOTAL:3.370483
TIME_CONNECT:0.278779
SIZE_DOWNLOAD:1292
TIMESTAMP:2025-06-18 05:30:02 UTC
TRIGGER:schedule
