---METADATA---
HTTP_STATUS:200
TIME_TOTAL:3.252505
TIME_CONNECT:0.273754
SIZE_DOWNLOAD:1292
TIMESTAMP:2025-06-18 07:57:29 UTC
TRIGGER:schedule
