---METADATA---
HTTP_STATUS:200
TIME_TOTAL:3.434879
TIME_CONNECT:0.234785
SIZE_DOWNLOAD:1294
TIMESTAMP:2025-06-18 09:41:46 UTC
TRIGGER:schedule
