---METADATA---
HTTP_STATUS:200
TIME_TOTAL:3.261733
TIME_CONNECT:0.320205
SIZE_DOWNLOAD:1294
TIMESTAMP:2025-06-18 23:43:15 UTC
TRIGGER:schedule
