---METADATA---
HTTP_STATUS:200
TIME_TOTAL:3.366306
TIME_CONNECT:0.294273
SIZE_DOWNLOAD:1305
TIMESTAMP:2025-06-18 10:54:01 UTC
TRIGGER:schedule
