---METADATA---
HTTP_STATUS:200
TIME_TOTAL:3.368426
TIME_CONNECT:0.236741
SIZE_DOWNLOAD:1294
TIMESTAMP:2025-06-18 20:41:53 UTC
TRIGGER:schedule
