---METADATA---
HTTP_STATUS:200
TIME_TOTAL:3.481351
TIME_CONNECT:0.289102
SIZE_DOWNLOAD:1294
TIMESTAMP:2025-06-18 15:15:26 UTC
TRIGGER:schedule
