---METADATA---
HTTP_STATUS:200
TIME_TOTAL:3.286478
TIME_CONNECT:0.266570
SIZE_DOWNLOAD:1294
TIMESTAMP:2025-06-18 19:26:20 UTC
TRIGGER:schedule
