---METADATA---
HTTP_STATUS:200
TIME_TOTAL:3.542420
TIME_CONNECT:0.235149
SIZE_DOWNLOAD:1294
TIMESTAMP:2025-06-18 19:48:14 UTC
TRIGGER:schedule
