---METADATA---
HTTP_STATUS:200
TIME_TOTAL:1.072182
TIME_CONNECT:0.273660
SIZE_DOWNLOAD:1305
TIMESTAMP:2025-06-18 11:39:35 UTC
TRIGGER:schedule
