---METADATA---
HTTP_STATUS:200
TIME_TOTAL:3.303927
TIME_CONNECT:0.249178
SIZE_DOWNLOAD:1294
TIMESTAMP:2025-06-18 17:14:18 UTC
TRIGGER:schedule
