---METADATA---
HTTP_STATUS:200
TIME_TOTAL:3.266191
TIME_CONNECT:0.202764
SIZE_DOWNLOAD:1292
TIMESTAMP:2025-06-18 02:09:34 UTC
TRIGGER:schedule
