---METADATA---
HTTP_STATUS:200
TIME_TOTAL:3.272074
TIME_CONNECT:0.237335
SIZE_DOWNLOAD:1292
TIMESTAMP:2025-06-18 03:30:19 UTC
TRIGGER:schedule
