---METADATA---
HTTP_STATUS:200
TIME_TOTAL:3.562609
TIME_CONNECT:0.234774
SIZE_DOWNLOAD:1294
TIMESTAMP:2025-06-18 15:52:38 UTC
TRIGGER:schedule
