---METADATA---
HTTP_STATUS:200
TIME_TOTAL:3.586496
TIME_CONNECT:0.311214
SIZE_DOWNLOAD:1294
TIMESTAMP:2025-06-18 14:54:37 UTC
TRIGGER:schedule
