---METADATA---
HTTP_STATUS:200
TIME_TOTAL:3.454651
TIME_CONNECT:0.289574
SIZE_DOWNLOAD:1292
TIMESTAMP:2025-06-18 06:00:11 UTC
TRIGGER:schedule
