---METADATA---
HTTP_STATUS:200
TIME_TOTAL:3.429077
TIME_CONNECT:0.350005
SIZE_DOWNLOAD:1292
TIMESTAMP:2025-06-18 05:48:05 UTC
TRIGGER:schedule
