---METADATA---
HTTP_STATUS:200
TIME_TOTAL:3.425616
TIME_CONNECT:0.313415
SIZE_DOWNLOAD:1294
TIMESTAMP:2025-06-18 23:50:27 UTC
TRIGGER:schedule
