---METADATA---
HTTP_STATUS:200
TIME_TOTAL:3.176728
TIME_CONNECT:0.238079
SIZE_DOWNLOAD:1294
TIMESTAMP:2025-06-18 21:13:04 UTC
TRIGGER:schedule
