---METADATA---
HTTP_STATUS:200
TIME_TOTAL:3.554564
TIME_CONNECT:0.282482
SIZE_DOWNLOAD:1292
TIMESTAMP:2025-06-18 01:09:18 UTC
TRIGGER:schedule
