---METADATA---
HTTP_STATUS:200
TIME_TOTAL:3.394074
TIME_CONNECT:0.261684
SIZE_DOWNLOAD:1292
TIMESTAMP:2025-06-18 08:19:40 UTC
TRIGGER:schedule
