---METADATA---
HTTP_STATUS:200
TIME_TOTAL:3.585430
TIME_CONNECT:0.272484
SIZE_DOWNLOAD:1294
TIMESTAMP:2025-06-18 22:13:17 UTC
TRIGGER:schedule
