---METADATA---
HTTP_STATUS:200
TIME_TOTAL:3.318569
TIME_CONNECT:0.262744
SIZE_DOWNLOAD:1294
TIMESTAMP:2025-06-18 19:11:12 UTC
TRIGGER:schedule
