---METADATA---
HTTP_STATUS:200
TIME_TOTAL:3.503970
TIME_CONNECT:0.246984
SIZE_DOWNLOAD:1294
TIMESTAMP:2025-06-18 17:46:28 UTC
TRIGGER:schedule
