---METADATA---
HTTP_STATUS:200
TIME_TOTAL:3.259066
TIME_CONNECT:0.235497
SIZE_DOWNLOAD:1305
TIMESTAMP:2025-06-18 11:28:05 UTC
TRIGGER:schedule
