---METADATA---
HTTP_STATUS:200
TIME_TOTAL:3.312062
TIME_CONNECT:0.233467
SIZE_DOWNLOAD:1294
TIMESTAMP:2025-06-18 20:16:38 UTC
TRIGGER:schedule
