---METADATA---
HTTP_STATUS:200
TIME_TOTAL:3.425597
TIME_CONNECT:0.288460
SIZE_DOWNLOAD:1292
TIMESTAMP:2025-06-18 05:36:37 UTC
TRIGGER:schedule
