---METADATA---
HTTP_STATUS:200
TIME_TOTAL:3.227823
TIME_CONNECT:0.298340
SIZE_DOWNLOAD:1294
TIMESTAMP:2025-06-18 15:31:10 UTC
TRIGGER:schedule
