---METADATA---
HTTP_STATUS:200
TIME_TOTAL:3.366327
TIME_CONNECT:0.293130
SIZE_DOWNLOAD:1294
TIMESTAMP:2025-06-18 16:17:49 UTC
TRIGGER:schedule
