---METADATA---
HTTP_STATUS:200
TIME_TOTAL:3.556826
TIME_CONNECT:0.265336
SIZE_DOWNLOAD:1292
TIMESTAMP:2025-06-18 08:47:29 UTC
TRIGGER:schedule
