---METADATA---
HTTP_STATUS:200
TIME_TOTAL:3.617049
TIME_CONNECT:0.272354
SIZE_DOWNLOAD:1294
TIMESTAMP:2025-06-18 16:56:47 UTC
TRIGGER:schedule
