---METADATA---
HTTP_STATUS:200
TIME_TOTAL:3.215863
TIME_CONNECT:0.275093
SIZE_DOWNLOAD:1305
TIMESTAMP:2025-06-18 11:12:40 UTC
TRIGGER:schedule
