---METADATA---
HTTP_STATUS:200
TIME_TOTAL:3.294360
TIME_CONNECT:0.306716
SIZE_DOWNLOAD:1294
TIMESTAMP:2025-06-18 10:31:29 UTC
TRIGGER:schedule
