---METADATA---
HTTP_STATUS:200
TIME_TOTAL:3.257661
TIME_CONNECT:0.277826
SIZE_DOWNLOAD:1294
TIMESTAMP:2025-06-18 20:52:16 UTC
TRIGGER:schedule
