---METADATA---
HTTP_STATUS:200
TIME_TOTAL:3.641982
TIME_CONNECT:0.303514
SIZE_DOWNLOAD:1294
TIMESTAMP:2025-06-18 17:58:14 UTC
TRIGGER:schedule
