---METADATA---
HTTP_STATUS:200
TIME_TOTAL:3.358513
TIME_CONNECT:0.229011
SIZE_DOWNLOAD:1294
TIMESTAMP:2025-06-18 15:51:03 UTC
TRIGGER:schedule
