---METADATA---
HTTP_STATUS:200
TIME_TOTAL:3.338192
TIME_CONNECT:0.286546
SIZE_DOWNLOAD:1292
TIMESTAMP:2025-06-18 07:45:24 UTC
TRIGGER:schedule
