---METADATA---
HTTP_STATUS:200
TIME_TOTAL:3.349962
TIME_CONNECT:0.325442
SIZE_DOWNLOAD:1294
TIMESTAMP:2025-06-18 22:50:06 UTC
TRIGGER:schedule
