---METADATA---
HTTP_STATUS:200
TIME_TOTAL:3.259179
TIME_CONNECT:0.238774
SIZE_DOWNLOAD:1292
TIMESTAMP:2025-06-18 07:00:01 UTC
TRIGGER:schedule
