---METADATA---
HTTP_STATUS:200
TIME_TOTAL:3.446499
TIME_CONNECT:0.304999
SIZE_DOWNLOAD:1292
TIMESTAMP:2025-06-18 07:14:22 UTC
TRIGGER:schedule
