---METADATA---
HTTP_STATUS:200
TIME_TOTAL:3.248083
TIME_CONNECT:0.212859
SIZE_DOWNLOAD:1294
TIMESTAMP:2025-06-18 20:45:41 UTC
TRIGGER:schedule
