---METADATA---
HTTP_STATUS:200
TIME_TOTAL:1.040188
TIME_CONNECT:0.248902
SIZE_DOWNLOAD:1305
TIMESTAMP:2025-06-18 11:48:16 UTC
TRIGGER:schedule
