---METADATA---
HTTP_STATUS:200
TIME_TOTAL:3.240027
TIME_CONNECT:0.230306
SIZE_DOWNLOAD:1292
TIMESTAMP:2025-06-18 04:15:41 UTC
TRIGGER:schedule
