---METADATA---
HTTP_STATUS:200
TIME_TOTAL:3.117862
TIME_CONNECT:0.296544
SIZE_DOWNLOAD:1294
TIMESTAMP:2025-06-18 23:13:27 UTC
TRIGGER:schedule
