---METADATA---
HTTP_STATUS:200
TIME_TOTAL:3.436920
TIME_CONNECT:0.288514
SIZE_DOWNLOAD:1308
TIMESTAMP:2025-06-18 13:55:37 UTC
TRIGGER:schedule
