---METADATA---
HTTP_STATUS:200
TIME_TOTAL:3.502660
TIME_CONNECT:0.246378
SIZE_DOWNLOAD:1308
TIMESTAMP:2025-06-18 13:56:22 UTC
TRIGGER:schedule
