---METADATA---
HTTP_STATUS:200
TIME_TOTAL:3.365174
TIME_CONNECT:0.274499
SIZE_DOWNLOAD:1292
TIMESTAMP:2025-06-18 06:50:12 UTC
TRIGGER:schedule
