---METADATA---
HTTP_STATUS:200
TIME_TOTAL:1.173825
TIME_CONNECT:0.288853
SIZE_DOWNLOAD:1307
TIMESTAMP:2025-06-18 13:44:23 UTC
TRIGGER:schedule
