---METADATA---
HTTP_STATUS:200
TIME_TOTAL:3.362801
TIME_CONNECT:0.234223
SIZE_DOWNLOAD:1305
TIMESTAMP:2025-06-18 11:19:50 UTC
TRIGGER:schedule
