---METADATA---
HTTP_STATUS:200
TIME_TOTAL:3.485586
TIME_CONNECT:0.275614
SIZE_DOWNLOAD:1294
TIMESTAMP:2025-06-18 21:41:30 UTC
TRIGGER:schedule
