---METADATA---
HTTP_STATUS:200
TIME_TOTAL:3.643796
TIME_CONNECT:0.297543
SIZE_DOWNLOAD:1305
TIMESTAMP:2025-06-18 12:57:35 UTC
TRIGGER:schedule
