---METADATA---
HTTP_STATUS:200
TIME_TOTAL:3.222441
TIME_CONNECT:0.235974
SIZE_DOWNLOAD:1294
TIMESTAMP:2025-06-18 21:57:09 UTC
TRIGGER:schedule
