---METADATA---
HTTP_STATUS:200
TIME_TOTAL:3.242419
TIME_CONNECT:0.277267
SIZE_DOWNLOAD:1294
TIMESTAMP:2025-06-18 21:25:21 UTC
TRIGGER:schedule
