---METADATA---
HTTP_STATUS:200
TIME_TOTAL:3.401341
TIME_CONNECT:0.264922
SIZE_DOWNLOAD:1294
TIMESTAMP:2025-06-18 19:37:03 UTC
TRIGGER:schedule
