---METADATA---
HTTP_STATUS:200
TIME_TOTAL:1.233107
TIME_CONNECT:0.234216
SIZE_DOWNLOAD:1294
TIMESTAMP:2025-06-18 09:51:46 UTC
TRIGGER:schedule
