---METADATA---
HTTP_STATUS:200
TIME_TOTAL:1.062086
TIME_CONNECT:0.209995
SIZE_DOWNLOAD:1294
TIMESTAMP:2025-06-18 14:59:13 UTC
TRIGGER:schedule
