---METADATA---
HTTP_STATUS:200
TIME_TOTAL:4.264505
TIME_CONNECT:1.212263
SIZE_DOWNLOAD:1294
TIMESTAMP:2025-06-18 17:25:37 UTC
TRIGGER:schedule
