---METADATA---
HTTP_STATUS:200
TIME_TOTAL:3.472354
TIME_CONNECT:0.209154
SIZE_DOWNLOAD:1305
TIMESTAMP:2025-06-18 12:29:00 UTC
TRIGGER:schedule
