---METADATA---
HTTP_STATUS:200
TIME_TOTAL:3.285468
TIME_CONNECT:0.277645
SIZE_DOWNLOAD:1294
TIMESTAMP:2025-06-18 22:56:58 UTC
TRIGGER:schedule
