---METADATA---
HTTP_STATUS:200
TIME_TOTAL:3.618961
TIME_CONNECT:0.297484
SIZE_DOWNLOAD:1296
TIMESTAMP:2025-08-01 08:15:33 UTC
TRIGGER:schedule
