---METADATA---
HTTP_STATUS:200
TIME_TOTAL:3.502093
TIME_CONNECT:0.283489
SIZE_DOWNLOAD:1308
TIMESTAMP:2025-08-01 15:16:03 UTC
TRIGGER:schedule
