---METADATA---
HTTP_STATUS:200
TIME_TOTAL:3.544198
TIME_CONNECT:0.301716
SIZE_DOWNLOAD:1309
TIMESTAMP:2025-08-01 09:59:00 UTC
TRIGGER:schedule
