---METADATA---
HTTP_STATUS:200
TIME_TOTAL:3.511355
TIME_CONNECT:0.294396
SIZE_DOWNLOAD:1308
TIMESTAMP:2025-08-01 18:36:21 UTC
TRIGGER:schedule
