---METADATA---
HTTP_STATUS:200
TIME_TOTAL:3.648553
TIME_CONNECT:0.273787
SIZE_DOWNLOAD:1308
TIMESTAMP:2025-08-01 19:49:07 UTC
TRIGGER:schedule
