---METADATA---
HTTP_STATUS:200
TIME_TOTAL:3.361647
TIME_CONNECT:0.287538
SIZE_DOWNLOAD:1308
TIMESTAMP:2025-08-01 23:14:48 UTC
TRIGGER:schedule
