---METADATA---
HTTP_STATUS:200
TIME_TOTAL:3.352868
TIME_CONNECT:0.280305
SIZE_DOWNLOAD:1308
TIMESTAMP:2025-08-01 16:32:42 UTC
TRIGGER:schedule
