---METADATA---
HTTP_STATUS:200
TIME_TOTAL:3.740408
TIME_CONNECT:0.294964
SIZE_DOWNLOAD:1294
TIMESTAMP:2025-08-01 13:00:28 UTC
TRIGGER:schedule
