---METADATA---
HTTP_STATUS:200
TIME_TOTAL:3.423117
TIME_CONNECT:0.266362
SIZE_DOWNLOAD:1308
TIMESTAMP:2025-08-01 15:32:11 UTC
TRIGGER:schedule
