---METADATA---
HTTP_STATUS:200
TIME_TOTAL:3.375803
TIME_CONNECT:0.223143
SIZE_DOWNLOAD:1308
TIMESTAMP:2025-08-01 14:58:22 UTC
TRIGGER:schedule
