---METADATA---
HTTP_STATUS:200
TIME_TOTAL:3.633884
TIME_CONNECT:0.270214
SIZE_DOWNLOAD:1308
TIMESTAMP:2025-08-01 23:50:03 UTC
TRIGGER:schedule
