---METADATA---
HTTP_STATUS:200
TIME_TOTAL:3.534183
TIME_CONNECT:0.270611
SIZE_DOWNLOAD:1294
TIMESTAMP:2025-08-01 12:30:42 UTC
TRIGGER:schedule
