---METADATA---
HTTP_STATUS:200
TIME_TOTAL:3.528224
TIME_CONNECT:0.275138
SIZE_DOWNLOAD:1294
TIMESTAMP:2025-08-01 11:13:21 UTC
TRIGGER:schedule
