---METADATA---
HTTP_STATUS:200
TIME_TOTAL:3.505752
TIME_CONNECT:0.356149
SIZE_DOWNLOAD:1311
TIMESTAMP:2025-08-01 06:24:38 UTC
TRIGGER:schedule
