---METADATA---
HTTP_STATUS:200
TIME_TOTAL:3.501987
TIME_CONNECT:0.343546
SIZE_DOWNLOAD:1308
TIMESTAMP:2025-08-01 21:57:08 UTC
TRIGGER:schedule
