---METADATA---
HTTP_STATUS:200
TIME_TOTAL:3.433312
TIME_CONNECT:0.352750
SIZE_DOWNLOAD:1308
TIMESTAMP:2025-08-01 22:48:49 UTC
TRIGGER:schedule
