---METADATA---
HTTP_STATUS:200
TIME_TOTAL:3.643870
TIME_CONNECT:0.335072
SIZE_DOWNLOAD:1296
TIMESTAMP:2025-08-01 09:20:37 UTC
TRIGGER:schedule
