---METADATA---
HTTP_STATUS:200
TIME_TOTAL:3.349154
TIME_CONNECT:0.246363
SIZE_DOWNLOAD:1308
TIMESTAMP:2025-08-01 19:14:05 UTC
TRIGGER:schedule
