---METADATA---
HTTP_STATUS:200
TIME_TOTAL:3.444560
TIME_CONNECT:0.216707
SIZE_DOWNLOAD:1306
TIMESTAMP:2025-08-01 10:55:22 UTC
TRIGGER:schedule
