---METADATA---
HTTP_STATUS:200
TIME_TOTAL:3.452363
TIME_CONNECT:0.325984
SIZE_DOWNLOAD:1308
TIMESTAMP:2025-08-01 23:32:26 UTC
TRIGGER:schedule
