---METADATA---
HTTP_STATUS:200
TIME_TOTAL:3.463439
TIME_CONNECT:0.276701
SIZE_DOWNLOAD:1308
TIMESTAMP:2025-08-01 15:43:27 UTC
TRIGGER:schedule
