---METADATA---
HTTP_STATUS:200
TIME_TOTAL:3.467456
TIME_CONNECT:0.342210
SIZE_DOWNLOAD:1308
TIMESTAMP:2025-08-01 18:58:45 UTC
TRIGGER:schedule
