---METADATA---
HTTP_STATUS:200
TIME_TOTAL:3.583190
TIME_CONNECT:0.276265
SIZE_DOWNLOAD:1307
TIMESTAMP:2025-08-01 07:29:54 UTC
TRIGGER:schedule
