---METADATA---
HTTP_STATUS:200
TIME_TOTAL:3.429313
TIME_CONNECT:0.275171
SIZE_DOWNLOAD:1308
TIMESTAMP:2025-08-01 20:54:47 UTC
TRIGGER:schedule
