---METADATA---
HTTP_STATUS:200
TIME_TOTAL:3.342919
TIME_CONNECT:0.276786
SIZE_DOWNLOAD:1296
TIMESTAMP:2025-08-01 09:14:17 UTC
TRIGGER:schedule
