---METADATA---
HTTP_STATUS:200
TIME_TOTAL:3.553270
TIME_CONNECT:0.217269
SIZE_DOWNLOAD:1292
TIMESTAMP:2025-08-01 13:48:41 UTC
TRIGGER:schedule
