---METADATA---
HTTP_STATUS:200
TIME_TOTAL:3.826792
TIME_CONNECT:0.269784
SIZE_DOWNLOAD:1308
TIMESTAMP:2025-08-01 17:16:37 UTC
TRIGGER:schedule
