---METADATA---
HTTP_STATUS:200
TIME_TOTAL:3.385270
TIME_CONNECT:0.253003
SIZE_DOWNLOAD:1308
TIMESTAMP:2025-08-01 10:47:29 UTC
TRIGGER:schedule
