---METADATA---
HTTP_STATUS:200
TIME_TOTAL:3.515489
TIME_CONNECT:0.272205
SIZE_DOWNLOAD:1294
TIMESTAMP:2025-08-01 11:22:31 UTC
TRIGGER:schedule
