---METADATA---
HTTP_STATUS:200
TIME_TOTAL:3.463974
TIME_CONNECT:0.224304
SIZE_DOWNLOAD:1308
TIMESTAMP:2025-08-01 21:43:02 UTC
TRIGGER:schedule
