---METADATA---
HTTP_STATUS:200
TIME_TOTAL:3.522781
TIME_CONNECT:0.281749
SIZE_DOWNLOAD:1309
TIMESTAMP:2025-08-01 05:52:25 UTC
TRIGGER:schedule
