---METADATA---
HTTP_STATUS:200
TIME_TOTAL:3.478205
TIME_CONNECT:0.277584
SIZE_DOWNLOAD:1308
TIMESTAMP:2025-08-01 16:51:06 UTC
TRIGGER:schedule
