---METADATA---
HTTP_STATUS:200
TIME_TOTAL:3.470491
TIME_CONNECT:0.216068
SIZE_DOWNLOAD:1292
TIMESTAMP:2025-08-01 06:01:14 UTC
TRIGGER:schedule
