---METADATA---
HTTP_STATUS:200
TIME_TOTAL:3.400692
TIME_CONNECT:0.289079
SIZE_DOWNLOAD:1308
TIMESTAMP:2025-08-01 18:25:52 UTC
TRIGGER:schedule
