---METADATA---
HTTP_STATUS:200
TIME_TOTAL:3.479279
TIME_CONNECT:0.219294
SIZE_DOWNLOAD:1308
TIMESTAMP:2025-08-01 19:40:55 UTC
TRIGGER:schedule
