---METADATA---
HTTP_STATUS:200
TIME_TOTAL:3.502778
TIME_CONNECT:0.237662
SIZE_DOWNLOAD:1308
TIMESTAMP:2025-08-01 21:50:38 UTC
TRIGGER:schedule
