---METADATA---
HTTP_STATUS:200
TIME_TOTAL:3.424527
TIME_CONNECT:0.293994
SIZE_DOWNLOAD:1308
TIMESTAMP:2025-08-01 20:52:41 UTC
TRIGGER:schedule
