---METADATA---
HTTP_STATUS:200
TIME_TOTAL:3.404121
TIME_CONNECT:0.275532
SIZE_DOWNLOAD:1308
TIMESTAMP:2025-08-01 19:57:00 UTC
TRIGGER:schedule
