---METADATA---
HTTP_STATUS:200
TIME_TOTAL:1.045105
TIME_CONNECT:0.225005
SIZE_DOWNLOAD:1308
TIMESTAMP:2025-08-01 17:56:25 UTC
TRIGGER:schedule
