---METADATA---
HTTP_STATUS:200
TIME_TOTAL:3.345187
TIME_CONNECT:0.239286
SIZE_DOWNLOAD:1308
TIMESTAMP:2025-08-01 20:31:22 UTC
TRIGGER:schedule
