---METADATA---
HTTP_STATUS:200
TIME_TOTAL:3.439851
TIME_CONNECT:0.295485
SIZE_DOWNLOAD:1308
TIMESTAMP:2025-08-01 22:28:32 UTC
TRIGGER:schedule
