---METADATA---
HTTP_STATUS:200
TIME_TOTAL:3.521034
TIME_CONNECT:0.306009
SIZE_DOWNLOAD:1306
TIMESTAMP:2025-08-01 06:50:25 UTC
TRIGGER:schedule
