---METADATA---
HTTP_STATUS:200
TIME_TOTAL:3.685027
TIME_CONNECT:0.307161
SIZE_DOWNLOAD:1294
TIMESTAMP:2025-08-01 11:50:06 UTC
TRIGGER:schedule
