---METADATA---
HTTP_STATUS:200
TIME_TOTAL:3.777907
TIME_CONNECT:0.279860
SIZE_DOWNLOAD:1294
TIMESTAMP:2025-08-01 07:49:31 UTC
TRIGGER:schedule
