---METADATA---
HTTP_STATUS:200
TIME_TOTAL:3.440349
TIME_CONNECT:0.274750
SIZE_DOWNLOAD:1308
TIMESTAMP:2025-08-01 19:24:30 UTC
TRIGGER:schedule
