---METADATA---
HTTP_STATUS:200
TIME_TOTAL:0.978239
TIME_CONNECT:0.213788
SIZE_DOWNLOAD:1308
TIMESTAMP:2025-08-01 23:33:41 UTC
TRIGGER:schedule
