---METADATA---
HTTP_STATUS:200
TIME_TOTAL:3.507512
TIME_CONNECT:0.212440
SIZE_DOWNLOAD:1309
TIMESTAMP:2025-08-01 02:23:20 UTC
TRIGGER:schedule
