---METADATA---
HTTP_STATUS:200
TIME_TOTAL:1.151352
TIME_CONNECT:0.283994
SIZE_DOWNLOAD:1308
TIMESTAMP:2025-08-01 14:17:00 UTC
TRIGGER:schedule
