---METADATA---
HTTP_STATUS:200
TIME_TOTAL:1.033700
TIME_CONNECT:0.283319
SIZE_DOWNLOAD:1308
TIMESTAMP:2025-08-01 13:53:40 UTC
TRIGGER:schedule
