---METADATA---
HTTP_STATUS:200
TIME_TOTAL:3.496813
TIME_CONNECT:0.270825
SIZE_DOWNLOAD:1308
TIMESTAMP:2025-08-01 15:52:38 UTC
TRIGGER:schedule
