---METADATA---
HTTP_STATUS:200
TIME_TOTAL:3.474383
TIME_CONNECT:0.283354
SIZE_DOWNLOAD:1308
TIMESTAMP:2025-08-01 17:30:13 UTC
TRIGGER:schedule
