---METADATA---
HTTP_STATUS:200
TIME_TOTAL:3.637794
TIME_CONNECT:0.273387
SIZE_DOWNLOAD:1307
TIMESTAMP:2025-08-01 13:24:41 UTC
TRIGGER:schedule
