---METADATA---
HTTP_STATUS:200
TIME_TOTAL:3.451784
TIME_CONNECT:0.269122
SIZE_DOWNLOAD:1308
TIMESTAMP:2025-08-01 17:52:33 UTC
TRIGGER:schedule
