---METADATA---
HTTP_STATUS:200
TIME_TOTAL:3.636015
TIME_CONNECT:0.259829
SIZE_DOWNLOAD:1308
TIMESTAMP:2025-08-01 16:58:03 UTC
TRIGGER:schedule
