---METADATA---
HTTP_STATUS:200
TIME_TOTAL:3.505550
TIME_CONNECT:0.276066
SIZE_DOWNLOAD:1308
TIMESTAMP:2025-08-01 14:43:27 UTC
TRIGGER:schedule
