---METADATA---
HTTP_STATUS:200
TIME_TOTAL:3.744795
TIME_CONNECT:0.242177
SIZE_DOWNLOAD:1294
TIMESTAMP:2025-08-01 07:45:01 UTC
TRIGGER:schedule
