---METADATA---
HTTP_STATUS:200
TIME_TOTAL:3.585883
TIME_CONNECT:0.286269
SIZE_DOWNLOAD:1294
TIMESTAMP:2025-08-01 11:56:53 UTC
TRIGGER:schedule
