---METADATA---
HTTP_STATUS:200
TIME_TOTAL:3.547565
TIME_CONNECT:0.282310
SIZE_DOWNLOAD:1307
TIMESTAMP:2025-08-01 01:22:50 UTC
TRIGGER:schedule
