---METADATA---
HTTP_STATUS:200
TIME_TOTAL:3.466962
TIME_CONNECT:0.277900
SIZE_DOWNLOAD:1296
TIMESTAMP:2025-08-01 08:47:23 UTC
TRIGGER:schedule
