---METADATA---
HTTP_STATUS:200
TIME_TOTAL:3.807251
TIME_CONNECT:0.314670
SIZE_DOWNLOAD:1309
TIMESTAMP:2025-08-01 08:50:41 UTC
TRIGGER:schedule
