---METADATA---
HTTP_STATUS:200
TIME_TOTAL:3.453122
TIME_CONNECT:0.213877
SIZE_DOWNLOAD:1309
TIMESTAMP:2025-08-01 10:34:45 UTC
TRIGGER:schedule
