---METADATA---
HTTP_STATUS:200
TIME_TOTAL:3.286035
TIME_CONNECT:0.236916
SIZE_DOWNLOAD:1308
TIMESTAMP:2025-08-01 20:16:23 UTC
TRIGGER:schedule
