---METADATA---
HTTP_STATUS:200
TIME_TOTAL:3.479736
TIME_CONNECT:0.319506
SIZE_DOWNLOAD:1308
TIMESTAMP:2025-08-01 21:33:11 UTC
TRIGGER:schedule
