---METADATA---
HTTP_STATUS:200
TIME_TOTAL:3.425241
TIME_CONNECT:0.277433
SIZE_DOWNLOAD:1308
TIMESTAMP:2025-08-01 22:38:32 UTC
TRIGGER:schedule
