---METADATA---
HTTP_STATUS:200
TIME_TOTAL:1.069015
TIME_CONNECT:0.316543
SIZE_DOWNLOAD:1308
TIMESTAMP:2025-08-01 23:50:46 UTC
TRIGGER:schedule
