---METADATA---
HTTP_STATUS:200
TIME_TOTAL:3.665906
TIME_CONNECT:0.290047
SIZE_DOWNLOAD:1309
TIMESTAMP:2025-08-01 10:16:42 UTC
TRIGGER:schedule
