---METADATA---
HTTP_STATUS:200
TIME_TOTAL:3.759900
TIME_CONNECT:0.303539
SIZE_DOWNLOAD:1294
TIMESTAMP:2025-08-01 11:30:52 UTC
TRIGGER:schedule
