---METADATA---
HTTP_STATUS:200
TIME_TOTAL:3.567734
TIME_CONNECT:0.277776
SIZE_DOWNLOAD:1298
TIMESTAMP:2025-08-01 05:18:58 UTC
TRIGGER:schedule
