---METADATA---
HTTP_STATUS:200
TIME_TOTAL:3.456164
TIME_CONNECT:0.280722
SIZE_DOWNLOAD:1311
TIMESTAMP:2025-08-01 05:46:26 UTC
TRIGGER:schedule
