---METADATA---
HTTP_STATUS:200
TIME_TOTAL:3.601138
TIME_CONNECT:0.301990
SIZE_DOWNLOAD:1308
TIMESTAMP:2025-08-01 21:23:37 UTC
TRIGGER:schedule
