---METADATA---
HTTP_STATUS:200
TIME_TOTAL:3.347806
TIME_CONNECT:0.273821
SIZE_DOWNLOAD:1308
TIMESTAMP:2025-08-01 18:53:06 UTC
TRIGGER:schedule
