---METADATA---
HTTP_STATUS:200
TIME_TOTAL:1.134729
TIME_CONNECT:0.292103
SIZE_DOWNLOAD:1296
TIMESTAMP:2025-08-01 07:55:18 UTC
TRIGGER:schedule
