---METADATA---
HTTP_STATUS:200
TIME_TOTAL:3.483945
TIME_CONNECT:0.232643
SIZE_DOWNLOAD:1307
TIMESTAMP:2025-08-01 05:00:42 UTC
TRIGGER:schedule
