---METADATA---
HTTP_STATUS:200
TIME_TOTAL:3.553676
TIME_CONNECT:0.285290
SIZE_DOWNLOAD:1294
TIMESTAMP:2025-08-01 07:23:58 UTC
TRIGGER:schedule
