---METADATA---
HTTP_STATUS:200
TIME_TOTAL:3.375718
TIME_CONNECT:0.272961
SIZE_DOWNLOAD:1308
TIMESTAMP:2025-08-01 22:53:08 UTC
TRIGGER:schedule
