---METADATA---
HTTP_STATUS:200
TIME_TOTAL:0.998386
TIME_CONNECT:0.285540
SIZE_DOWNLOAD:1309
TIMESTAMP:2025-08-01 09:46:37 UTC
TRIGGER:schedule
