---METADATA---
HTTP_STATUS:200
TIME_TOTAL:3.561303
TIME_CONNECT:0.271343
SIZE_DOWNLOAD:1309
TIMESTAMP:2025-08-01 03:28:37 UTC
TRIGGER:schedule
