---METADATA---
HTTP_STATUS:200
TIME_TOTAL:3.465383
TIME_CONNECT:0.259697
SIZE_DOWNLOAD:1308
TIMESTAMP:2025-08-01 22:14:19 UTC
TRIGGER:schedule
