---METADATA---
HTTP_STATUS:200
TIME_TOTAL:3.504461
TIME_CONNECT:0.279877
SIZE_DOWNLOAD:1307
TIMESTAMP:2025-08-01 06:56:35 UTC
TRIGGER:schedule
