---METADATA---
HTTP_STATUS:200
TIME_TOTAL:3.720890
TIME_CONNECT:0.268171
SIZE_DOWNLOAD:1308
TIMESTAMP:2025-08-01 15:55:40 UTC
TRIGGER:schedule
