---METADATA---
HTTP_STATUS:200
TIME_TOTAL:3.650223
TIME_CONNECT:0.273245
SIZE_DOWNLOAD:1294
TIMESTAMP:2025-08-01 11:42:33 UTC
TRIGGER:schedule
