---METADATA---
HTTP_STATUS:200
TIME_TOTAL:3.554238
TIME_CONNECT:0.272298
SIZE_DOWNLOAD:1308
TIMESTAMP:2025-08-01 21:14:02 UTC
TRIGGER:schedule
