---METADATA---
HTTP_STATUS:200
TIME_TOTAL:3.433933
TIME_CONNECT:0.296041
SIZE_DOWNLOAD:1308
TIMESTAMP:2025-08-01 14:46:33 UTC
TRIGGER:schedule
