---METADATA---
HTTP_STATUS:200
TIME_TOTAL:3.455059
TIME_CONNECT:0.294814
SIZE_DOWNLOAD:1308
TIMESTAMP:2025-08-01 20:43:20 UTC
TRIGGER:schedule
