---METADATA---
HTTP_STATUS:200
TIME_TOTAL:3.370725
TIME_CONNECT:0.279112
SIZE_DOWNLOAD:1309
TIMESTAMP:2025-08-01 09:44:15 UTC
TRIGGER:schedule
