---METADATA---
HTTP_STATUS:200
TIME_TOTAL:3.684871
TIME_CONNECT:0.274121
SIZE_DOWNLOAD:1305
TIMESTAMP:2025-08-01 04:38:04 UTC
TRIGGER:schedule
