---METADATA---
HTTP_STATUS:200
TIME_TOTAL:3.572100
TIME_CONNECT:0.290180
SIZE_DOWNLOAD:1311
TIMESTAMP:2025-08-01 04:05:19 UTC
TRIGGER:schedule
