---METADATA---
HTTP_STATUS:200
TIME_TOTAL:3.539453
TIME_CONNECT:0.219223
SIZE_DOWNLOAD:1308
TIMESTAMP:2025-08-01 17:44:32 UTC
TRIGGER:schedule
