---METADATA---
HTTP_STATUS:200
TIME_TOTAL:3.304772
TIME_CONNECT:0.244019
SIZE_DOWNLOAD:1308
TIMESTAMP:2025-08-01 19:28:42 UTC
TRIGGER:schedule
