---METADATA---
HTTP_STATUS:200
TIME_TOTAL:3.449443
TIME_CONNECT:0.285083
SIZE_DOWNLOAD:1308
TIMESTAMP:2025-08-01 14:11:47 UTC
TRIGGER:schedule
