---METADATA---
HTTP_STATUS:200
TIME_TOTAL:3.394239
TIME_CONNECT:0.262871
SIZE_DOWNLOAD:1308
TIMESTAMP:2025-08-01 23:09:11 UTC
TRIGGER:schedule
