---METADATA---
HTTP_STATUS:200
TIME_TOTAL:1.157330
TIME_CONNECT:0.295220
SIZE_DOWNLOAD:1309
TIMESTAMP:2025-08-01 08:21:05 UTC
TRIGGER:schedule
