---METADATA---
HTTP_STATUS:200
TIME_TOTAL:3.419617
TIME_CONNECT:0.279742
SIZE_DOWNLOAD:1308
TIMESTAMP:2025-08-01 16:20:39 UTC
TRIGGER:schedule
