---METADATA---
HTTP_STATUS:200
TIME_TOTAL:3.376398
TIME_CONNECT:0.309763
SIZE_DOWNLOAD:1298
TIMESTAMP:2025-07-16 11:13:06 UTC
TRIGGER:schedule
