---METADATA---
HTTP_STATUS:200
TIME_TOTAL:3.404629
TIME_CONNECT:0.295337
SIZE_DOWNLOAD:1307
TIMESTAMP:2025-07-16 08:20:24 UTC
TRIGGER:schedule
