---METADATA---
HTTP_STATUS:200
TIME_TOTAL:3.406186
TIME_CONNECT:0.275189
SIZE_DOWNLOAD:1295
TIMESTAMP:2025-07-16 06:36:46 UTC
TRIGGER:schedule
