---METADATA---
HTTP_STATUS:200
TIME_TOTAL:3.462034
TIME_CONNECT:0.283852
SIZE_DOWNLOAD:1309
TIMESTAMP:2025-07-16 12:30:27 UTC
TRIGGER:schedule
