---METADATA---
HTTP_STATUS:200
TIME_TOTAL:3.266162
TIME_CONNECT:0.307237
SIZE_DOWNLOAD:1294
TIMESTAMP:2025-07-16 17:30:09 UTC
TRIGGER:schedule
