---METADATA---
HTTP_STATUS:200
TIME_TOTAL:3.618945
TIME_CONNECT:0.317141
SIZE_DOWNLOAD:1293
TIMESTAMP:2025-07-16 13:45:44 UTC
TRIGGER:schedule
