---METADATA---
HTTP_STATUS:200
TIME_TOTAL:3.398579
TIME_CONNECT:0.246249
SIZE_DOWNLOAD:1294
TIMESTAMP:2025-07-16 15:27:29 UTC
TRIGGER:schedule
