---METADATA---
HTTP_STATUS:200
TIME_TOTAL:3.535827
TIME_CONNECT:0.274647
SIZE_DOWNLOAD:1294
TIMESTAMP:2025-07-16 22:27:44 UTC
TRIGGER:schedule
