---METADATA---
HTTP_STATUS:200
TIME_TOTAL:3.390691
TIME_CONNECT:0.306719
SIZE_DOWNLOAD:1294
TIMESTAMP:2025-07-16 12:59:20 UTC
TRIGGER:schedule
