---METADATA---
HTTP_STATUS:200
TIME_TOTAL:3.495814
TIME_CONNECT:0.304868
SIZE_DOWNLOAD:1296
TIMESTAMP:2025-07-16 11:42:28 UTC
TRIGGER:schedule
