---METADATA---
HTTP_STATUS:200
TIME_TOTAL:3.375271
TIME_CONNECT:0.296081
SIZE_DOWNLOAD:1294
TIMESTAMP:2025-07-16 05:20:37 UTC
TRIGGER:schedule
