---METADATA---
HTTP_STATUS:200
TIME_TOTAL:3.537216
TIME_CONNECT:0.264434
SIZE_DOWNLOAD:1296
TIMESTAMP:2025-07-16 11:21:33 UTC
TRIGGER:schedule
