---METADATA---
HTTP_STATUS:200
TIME_TOTAL:3.392747
TIME_CONNECT:0.270718
SIZE_DOWNLOAD:1294
TIMESTAMP:2025-07-16 18:51:51 UTC
TRIGGER:schedule
