---METADATA---
HTTP_STATUS:200
TIME_TOTAL:3.324575
TIME_CONNECT:0.259997
SIZE_DOWNLOAD:1294
TIMESTAMP:2025-07-16 19:24:14 UTC
TRIGGER:schedule
