---METADATA---
HTTP_STATUS:200
TIME_TOTAL:3.338467
TIME_CONNECT:0.310578
SIZE_DOWNLOAD:1292
TIMESTAMP:2025-07-16 07:51:40 UTC
TRIGGER:schedule
