---METADATA---
HTTP_STATUS:200
TIME_TOTAL:3.440126
TIME_CONNECT:0.293411
SIZE_DOWNLOAD:1294
TIMESTAMP:2025-07-16 14:14:10 UTC
TRIGGER:schedule
