---METADATA---
HTTP_STATUS:200
TIME_TOTAL:3.443165
TIME_CONNECT:0.243459
SIZE_DOWNLOAD:1294
TIMESTAMP:2025-07-16 15:47:43 UTC
TRIGGER:schedule
