---METADATA---
HTTP_STATUS:200
TIME_TOTAL:3.324344
TIME_CONNECT:0.319792
SIZE_DOWNLOAD:1307
TIMESTAMP:2025-07-16 04:26:21 UTC
TRIGGER:schedule
