---METADATA---
HTTP_STATUS:200
TIME_TOTAL:3.374153
TIME_CONNECT:0.287198
SIZE_DOWNLOAD:1294
TIMESTAMP:2025-07-16 23:32:14 UTC
TRIGGER:schedule
