---METADATA---
HTTP_STATUS:200
TIME_TOTAL:3.560059
TIME_CONNECT:0.245313
SIZE_DOWNLOAD:1306
TIMESTAMP:2025-07-16 03:45:30 UTC
TRIGGER:schedule
