---METADATA---
HTTP_STATUS:200
TIME_TOTAL:3.316258
TIME_CONNECT:0.237890
SIZE_DOWNLOAD:1294
TIMESTAMP:2025-07-16 05:36:11 UTC
TRIGGER:schedule
