---METADATA---
HTTP_STATUS:200
TIME_TOTAL:3.289032
TIME_CONNECT:0.272709
SIZE_DOWNLOAD:1294
TIMESTAMP:2025-07-16 20:54:46 UTC
TRIGGER:schedule
