---METADATA---
HTTP_STATUS:200
TIME_TOTAL:3.777644
TIME_CONNECT:0.341931
SIZE_DOWNLOAD:1294
TIMESTAMP:2025-07-16 23:08:52 UTC
TRIGGER:schedule
