---METADATA---
HTTP_STATUS:200
TIME_TOTAL:3.149091
TIME_CONNECT:0.213109
SIZE_DOWNLOAD:1294
TIMESTAMP:2025-07-16 21:33:08 UTC
TRIGGER:schedule
