---METADATA---
HTTP_STATUS:200
TIME_TOTAL:3.598671
TIME_CONNECT:0.232255
SIZE_DOWNLOAD:1295
TIMESTAMP:2025-07-16 09:19:56 UTC
TRIGGER:schedule
