---METADATA---
HTTP_STATUS:200
TIME_TOTAL:3.463206
TIME_CONNECT:0.283662
SIZE_DOWNLOAD:1311
TIMESTAMP:2025-07-16 10:46:35 UTC
TRIGGER:schedule
