---METADATA---
HTTP_STATUS:200
TIME_TOTAL:1.082834
TIME_CONNECT:0.247708
SIZE_DOWNLOAD:1294
TIMESTAMP:2025-07-16 14:39:26 UTC
TRIGGER:schedule
