---METADATA---
HTTP_STATUS:200
TIME_TOTAL:3.228318
TIME_CONNECT:0.225826
SIZE_DOWNLOAD:1294
TIMESTAMP:2025-07-16 21:50:27 UTC
TRIGGER:schedule
