---METADATA---
HTTP_STATUS:200
TIME_TOTAL:3.593065
TIME_CONNECT:0.232469
SIZE_DOWNLOAD:1294
TIMESTAMP:2025-07-16 08:49:51 UTC
TRIGGER:schedule
