---METADATA---
HTTP_STATUS:200
TIME_TOTAL:3.225533
TIME_CONNECT:0.241483
SIZE_DOWNLOAD:1306
TIMESTAMP:2025-07-16 02:23:09 UTC
TRIGGER:schedule
