---METADATA---
HTTP_STATUS:200
TIME_TOTAL:3.344947
TIME_CONNECT:0.250372
SIZE_DOWNLOAD:1298
TIMESTAMP:2025-07-16 07:41:16 UTC
TRIGGER:schedule
