---METADATA---
HTTP_STATUS:200
TIME_TOTAL:3.345258
TIME_CONNECT:0.275847
SIZE_DOWNLOAD:1294
TIMESTAMP:2025-07-16 20:31:25 UTC
TRIGGER:schedule
