---METADATA---
HTTP_STATUS:200
TIME_TOTAL:3.501152
TIME_CONNECT:0.233765
SIZE_DOWNLOAD:1294
TIMESTAMP:2025-07-16 19:29:00 UTC
TRIGGER:schedule
