---METADATA---
HTTP_STATUS:200
TIME_TOTAL:3.289320
TIME_CONNECT:0.285451
SIZE_DOWNLOAD:1311
TIMESTAMP:2025-07-16 04:50:36 UTC
TRIGGER:schedule
