---METADATA---
HTTP_STATUS:200
TIME_TOTAL:3.313962
TIME_CONNECT:0.274692
SIZE_DOWNLOAD:1294
TIMESTAMP:2025-07-16 14:54:01 UTC
TRIGGER:schedule
