---METADATA---
HTTP_STATUS:200
TIME_TOTAL:3.351863
TIME_CONNECT:0.281090
SIZE_DOWNLOAD:1296
TIMESTAMP:2025-07-16 08:58:12 UTC
TRIGGER:schedule
