---METADATA---
HTTP_STATUS:200
TIME_TOTAL:3.352727
TIME_CONNECT:0.310985
SIZE_DOWNLOAD:1306
TIMESTAMP:2025-07-16 04:05:17 UTC
TRIGGER:schedule
