---METADATA---
HTTP_STATUS:200
TIME_TOTAL:3.388292
TIME_CONNECT:0.270682
SIZE_DOWNLOAD:1294
TIMESTAMP:2025-07-16 21:56:47 UTC
TRIGGER:schedule
