---METADATA---
HTTP_STATUS:200
TIME_TOTAL:1.139473
TIME_CONNECT:0.298826
SIZE_DOWNLOAD:1298
TIMESTAMP:2025-07-16 10:50:51 UTC
TRIGGER:schedule
