---METADATA---
HTTP_STATUS:200
TIME_TOTAL:3.396395
TIME_CONNECT:0.265923
SIZE_DOWNLOAD:1294
TIMESTAMP:2025-07-16 18:35:22 UTC
TRIGGER:schedule
