---METADATA---
HTTP_STATUS:200
TIME_TOTAL:3.342989
TIME_CONNECT:0.327188
SIZE_DOWNLOAD:1294
TIMESTAMP:2025-07-16 11:57:03 UTC
TRIGGER:schedule
