---METADATA---
HTTP_STATUS:200
TIME_TOTAL:3.494731
TIME_CONNECT:0.276161
SIZE_DOWNLOAD:1294
TIMESTAMP:2025-07-16 20:42:48 UTC
TRIGGER:schedule
