---METADATA---
HTTP_STATUS:200
TIME_TOTAL:3.429184
TIME_CONNECT:0.275355
SIZE_DOWNLOAD:1294
TIMESTAMP:2025-07-16 05:54:14 UTC
TRIGGER:schedule
