---METADATA---
HTTP_STATUS:200
TIME_TOTAL:3.418606
TIME_CONNECT:0.247953
SIZE_DOWNLOAD:1294
TIMESTAMP:2025-07-16 17:15:53 UTC
TRIGGER:schedule
