---METADATA---
HTTP_STATUS:200
TIME_TOTAL:3.373783
TIME_CONNECT:0.268454
SIZE_DOWNLOAD:1294
TIMESTAMP:2025-07-16 15:42:43 UTC
TRIGGER:schedule
