---METADATA---
HTTP_STATUS:200
TIME_TOTAL:3.438192
TIME_CONNECT:0.272213
SIZE_DOWNLOAD:1292
TIMESTAMP:2025-07-16 10:27:37 UTC
TRIGGER:schedule
