---METADATA---
HTTP_STATUS:200
TIME_TOTAL:3.681866
TIME_CONNECT:0.311320
SIZE_DOWNLOAD:1296
TIMESTAMP:2025-07-16 11:30:22 UTC
TRIGGER:schedule
