---METADATA---
HTTP_STATUS:200
TIME_TOTAL:3.489295
TIME_CONNECT:0.262718
SIZE_DOWNLOAD:1307
TIMESTAMP:2025-07-16 09:45:42 UTC
TRIGGER:schedule
