---METADATA---
HTTP_STATUS:200
TIME_TOTAL:3.364805
TIME_CONNECT:0.290777
SIZE_DOWNLOAD:1294
TIMESTAMP:2025-07-16 20:52:32 UTC
TRIGGER:schedule
