---METADATA---
HTTP_STATUS:200
TIME_TOTAL:3.508489
TIME_CONNECT:0.221506
SIZE_DOWNLOAD:1294
TIMESTAMP:2025-07-16 15:16:19 UTC
TRIGGER:schedule
