---METADATA---
HTTP_STATUS:200
TIME_TOTAL:3.509639
TIME_CONNECT:0.251326
SIZE_DOWNLOAD:1305
TIMESTAMP:2025-07-16 09:53:08 UTC
TRIGGER:schedule
