---METADATA---
HTTP_STATUS:200
TIME_TOTAL:3.651419
TIME_CONNECT:0.303770
SIZE_DOWNLOAD:1294
TIMESTAMP:2025-07-16 16:50:25 UTC
TRIGGER:schedule
