---METADATA---
HTTP_STATUS:200
TIME_TOTAL:3.920675
TIME_CONNECT:0.312352
SIZE_DOWNLOAD:1309
TIMESTAMP:2025-07-16 08:33:17 UTC
TRIGGER:schedule
