---METADATA---
HTTP_STATUS:200
TIME_TOTAL:3.498947
TIME_CONNECT:0.282927
SIZE_DOWNLOAD:1294
TIMESTAMP:2025-07-16 23:49:14 UTC
TRIGGER:schedule
