---METADATA---
HTTP_STATUS:200
TIME_TOTAL:3.828883
TIME_CONNECT:0.271880
SIZE_DOWNLOAD:1305
TIMESTAMP:2025-07-16 07:30:12 UTC
TRIGGER:schedule
