---METADATA---
HTTP_STATUS:200
TIME_TOTAL:3.597477
TIME_CONNECT:0.258650
SIZE_DOWNLOAD:1294
TIMESTAMP:2025-07-16 17:52:06 UTC
TRIGGER:schedule
