---METADATA---
HTTP_STATUS:200
TIME_TOTAL:3.482570
TIME_CONNECT:0.238166
SIZE_DOWNLOAD:1292
TIMESTAMP:2025-07-16 06:52:48 UTC
TRIGGER:schedule
