---METADATA---
HTTP_STATUS:200
TIME_TOTAL:3.383675
TIME_CONNECT:0.285779
SIZE_DOWNLOAD:1294
TIMESTAMP:2025-07-16 20:16:24 UTC
TRIGGER:schedule
