---METADATA---
HTTP_STATUS:200
TIME_TOTAL:3.469326
TIME_CONNECT:0.273547
SIZE_DOWNLOAD:1294
TIMESTAMP:2025-07-16 22:39:37 UTC
TRIGGER:schedule
