---METADATA---
HTTP_STATUS:200
TIME_TOTAL:3.304354
TIME_CONNECT:0.262683
SIZE_DOWNLOAD:1307
TIMESTAMP:2025-07-16 01:13:20 UTC
TRIGGER:schedule
