---METADATA---
HTTP_STATUS:200
TIME_TOTAL:1.166548
TIME_CONNECT:0.244053
SIZE_DOWNLOAD:1294
TIMESTAMP:2025-07-16 19:49:01 UTC
TRIGGER:schedule
