---METADATA---
HTTP_STATUS:200
TIME_TOTAL:3.347325
TIME_CONNECT:0.271406
SIZE_DOWNLOAD:1294
TIMESTAMP:2025-07-16 16:38:08 UTC
TRIGGER:schedule
