---METADATA---
HTTP_STATUS:200
TIME_TOTAL:3.664016
TIME_CONNECT:0.434895
SIZE_DOWNLOAD:1298
TIMESTAMP:2025-07-16 09:34:36 UTC
TRIGGER:schedule
