---METADATA---
HTTP_STATUS:200
TIME_TOTAL:3.265787
TIME_CONNECT:0.226849
SIZE_DOWNLOAD:1294
TIMESTAMP:2025-07-16 14:53:11 UTC
TRIGGER:schedule
