---METADATA---
HTTP_STATUS:200
TIME_TOTAL:3.436115
TIME_CONNECT:0.228528
SIZE_DOWNLOAD:1294
TIMESTAMP:2025-07-16 21:43:02 UTC
TRIGGER:schedule
