---METADATA---
HTTP_STATUS:200
TIME_TOTAL:3.440766
TIME_CONNECT:0.315507
SIZE_DOWNLOAD:1294
TIMESTAMP:2025-07-16 06:59:00 UTC
TRIGGER:schedule
