---METADATA---
HTTP_STATUS:200
TIME_TOTAL:3.557060
TIME_CONNECT:0.266548
SIZE_DOWNLOAD:1294
TIMESTAMP:2025-07-16 14:00:55 UTC
TRIGGER:schedule
