---METADATA---
HTTP_STATUS:200
TIME_TOTAL:1.020557
TIME_CONNECT:0.293490
SIZE_DOWNLOAD:1294
TIMESTAMP:2025-07-16 23:50:27 UTC
TRIGGER:schedule
