---METADATA---
HTTP_STATUS:200
TIME_TOTAL:3.524619
TIME_CONNECT:0.253903
SIZE_DOWNLOAD:1294
TIMESTAMP:2025-07-16 21:14:22 UTC
TRIGGER:schedule
