---METADATA---
HTTP_STATUS:200
TIME_TOTAL:3.671935
TIME_CONNECT:0.272720
SIZE_DOWNLOAD:1306
TIMESTAMP:2025-07-16 03:04:42 UTC
TRIGGER:schedule
