---METADATA---
HTTP_STATUS:200
TIME_TOTAL:1.031709
TIME_CONNECT:0.279189
SIZE_DOWNLOAD:1294
TIMESTAMP:2025-07-16 23:33:00 UTC
TRIGGER:schedule
