---METADATA---
HTTP_STATUS:200
TIME_TOTAL:3.638104
TIME_CONNECT:0.283448
SIZE_DOWNLOAD:1294
TIMESTAMP:2025-07-16 14:34:42 UTC
TRIGGER:schedule
