---METADATA---
HTTP_STATUS:200
TIME_TOTAL:3.660566
TIME_CONNECT:0.278112
SIZE_DOWNLOAD:1294
TIMESTAMP:2025-07-16 13:23:53 UTC
TRIGGER:schedule
