---METADATA---
HTTP_STATUS:200
TIME_TOTAL:3.254596
TIME_CONNECT:0.222935
SIZE_DOWNLOAD:1294
TIMESTAMP:2025-07-16 19:41:09 UTC
TRIGGER:schedule
