---METADATA---
HTTP_STATUS:200
TIME_TOTAL:1.027322
TIME_CONNECT:0.241980
SIZE_DOWNLOAD:1294
TIMESTAMP:2025-07-16 17:54:39 UTC
TRIGGER:schedule
