---METADATA---
HTTP_STATUS:200
TIME_TOTAL:3.386726
TIME_CONNECT:0.285497
SIZE_DOWNLOAD:1294
TIMESTAMP:2025-07-16 18:20:53 UTC
TRIGGER:schedule
