---METADATA---
HTTP_STATUS:200
TIME_TOTAL:3.306189
TIME_CONNECT:0.238114
SIZE_DOWNLOAD:1294
TIMESTAMP:2025-07-16 22:48:52 UTC
TRIGGER:schedule
