---METADATA---
HTTP_STATUS:200
TIME_TOTAL:3.473100
TIME_CONNECT:0.276581
SIZE_DOWNLOAD:1294
TIMESTAMP:2025-07-16 17:44:28 UTC
TRIGGER:schedule
