---METADATA---
HTTP_STATUS:200
TIME_TOTAL:3.388163
TIME_CONNECT:0.230114
SIZE_DOWNLOAD:1294
TIMESTAMP:2025-07-16 21:23:33 UTC
TRIGGER:schedule
