---METADATA---
HTTP_STATUS:200
TIME_TOTAL:3.666576
TIME_CONNECT:0.273365
SIZE_DOWNLOAD:1294
TIMESTAMP:2025-07-16 13:53:24 UTC
TRIGGER:schedule
