---METADATA---
HTTP_STATUS:200
TIME_TOTAL:3.505413
TIME_CONNECT:0.253748
SIZE_DOWNLOAD:1292
TIMESTAMP:2025-07-16 07:50:27 UTC
TRIGGER:schedule
