---METADATA---
HTTP_STATUS:200
TIME_TOTAL:3.248946
TIME_CONNECT:0.215983
SIZE_DOWNLOAD:1294
TIMESTAMP:2025-07-16 23:14:03 UTC
TRIGGER:schedule
