---METADATA---
HTTP_STATUS:200
TIME_TOTAL:3.523479
TIME_CONNECT:0.272232
SIZE_DOWNLOAD:1292
TIMESTAMP:2025-07-16 10:16:01 UTC
TRIGGER:schedule
