---METADATA---
HTTP_STATUS:200
TIME_TOTAL:3.483860
TIME_CONNECT:0.274674
SIZE_DOWNLOAD:1294
TIMESTAMP:2025-07-16 15:59:47 UTC
TRIGGER:schedule
