---METADATA---
HTTP_STATUS:200
TIME_TOTAL:3.236259
TIME_CONNECT:0.272666
SIZE_DOWNLOAD:1294
TIMESTAMP:2025-07-16 19:57:04 UTC
TRIGGER:schedule
