---METADATA---
HTTP_STATUS:200
TIME_TOTAL:3.386581
TIME_CONNECT:0.218120
SIZE_DOWNLOAD:1294
TIMESTAMP:2025-07-16 05:48:14 UTC
TRIGGER:schedule
