---METADATA---
HTTP_STATUS:200
TIME_TOTAL:3.496379
TIME_CONNECT:0.304262
SIZE_DOWNLOAD:1294
TIMESTAMP:2025-07-16 06:21:58 UTC
TRIGGER:schedule
