---METADATA---
HTTP_STATUS:200
TIME_TOTAL:3.475442
TIME_CONNECT:0.283196
SIZE_DOWNLOAD:1294
TIMESTAMP:2025-07-16 15:54:49 UTC
TRIGGER:schedule
