---METADATA---
HTTP_STATUS:200
TIME_TOTAL:3.401020
TIME_CONNECT:0.298917
SIZE_DOWNLOAD:1294
TIMESTAMP:2025-07-16 18:57:56 UTC
TRIGGER:schedule
