---METADATA---
HTTP_STATUS:200
TIME_TOTAL:3.640020
TIME_CONNECT:0.283172
SIZE_DOWNLOAD:1294
TIMESTAMP:2025-07-16 16:58:42 UTC
TRIGGER:schedule
