---METADATA---
HTTP_STATUS:200
TIME_TOTAL:3.349807
TIME_CONNECT:0.238230
SIZE_DOWNLOAD:1296
TIMESTAMP:2025-07-16 07:17:04 UTC
TRIGGER:schedule
