---METADATA---
HTTP_STATUS:200
TIME_TOTAL:3.274296
TIME_CONNECT:0.215418
SIZE_DOWNLOAD:1294
TIMESTAMP:2025-07-16 22:53:15 UTC
TRIGGER:schedule
