---METADATA---
HTTP_STATUS:200
TIME_TOTAL:3.565310
TIME_CONNECT:0.283854
SIZE_DOWNLOAD:1292
TIMESTAMP:2025-07-16 11:49:01 UTC
TRIGGER:schedule
