---METADATA---
HTTP_STATUS:200
TIME_TOTAL:3.461097
TIME_CONNECT:0.211823
SIZE_DOWNLOAD:1294
TIMESTAMP:2025-07-16 22:14:10 UTC
TRIGGER:schedule
