---METADATA---
HTTP_STATUS:200
TIME_TOTAL:3.759088
TIME_CONNECT:0.284229
SIZE_DOWNLOAD:1292
TIMESTAMP:2025-06-17 10:15:49 UTC
TRIGGER:schedule
