---METADATA---
HTTP_STATUS:200
TIME_TOTAL:3.296338
TIME_CONNECT:0.247526
SIZE_DOWNLOAD:1292
TIMESTAMP:2025-06-17 23:42:46 UTC
TRIGGER:schedule
