---METADATA---
HTTP_STATUS:200
TIME_TOTAL:3.290902
TIME_CONNECT:0.275219
SIZE_DOWNLOAD:1292
TIMESTAMP:2025-06-17 08:35:54 UTC
TRIGGER:schedule
