---METADATA---
HTTP_STATUS:200
TIME_TOTAL:3.382365
TIME_CONNECT:0.239811
SIZE_DOWNLOAD:1294
TIMESTAMP:2025-06-17 02:55:17 UTC
TRIGGER:schedule
