---METADATA---
HTTP_STATUS:200
TIME_TOTAL:3.194630
TIME_CONNECT:0.247419
SIZE_DOWNLOAD:1292
TIMESTAMP:2025-06-17 23:30:04 UTC
TRIGGER:schedule
