---METADATA---
HTTP_STATUS:200
TIME_TOTAL:3.444445
TIME_CONNECT:0.257260
SIZE_DOWNLOAD:1292
TIMESTAMP:2025-06-17 05:29:03 UTC
TRIGGER:schedule
