---METADATA---
HTTP_STATUS:200
TIME_TOTAL:3.575665
TIME_CONNECT:0.263275
SIZE_DOWNLOAD:1292
TIMESTAMP:2025-06-17 15:31:07 UTC
TRIGGER:schedule
