---METADATA---
HTTP_STATUS:200
TIME_TOTAL:3.238642
TIME_CONNECT:0.223847
SIZE_DOWNLOAD:1292
TIMESTAMP:2025-06-17 22:50:14 UTC
TRIGGER:schedule
