---METADATA---
HTTP_STATUS:200
TIME_TOTAL:0.939057
TIME_CONNECT:0.303808
SIZE_DOWNLOAD:1292
TIMESTAMP:2025-06-17 11:48:14 UTC
TRIGGER:schedule
