---METADATA---
HTTP_STATUS:200
TIME_TOTAL:3.331159
TIME_CONNECT:0.296079
SIZE_DOWNLOAD:1292
TIMESTAMP:2025-06-17 09:59:17 UTC
TRIGGER:schedule
