---METADATA---
HTTP_STATUS:200
TIME_TOTAL:3.528730
TIME_CONNECT:0.298627
SIZE_DOWNLOAD:1305
TIMESTAMP:2025-06-17 05:14:13 UTC
TRIGGER:schedule
