---METADATA---
HTTP_STATUS:200
TIME_TOTAL:3.373224
TIME_CONNECT:0.316543
SIZE_DOWNLOAD:1292
TIMESTAMP:2025-06-17 22:25:48 UTC
TRIGGER:schedule
