---METADATA---
HTTP_STATUS:200
TIME_TOTAL:3.297991
TIME_CONNECT:0.279915
SIZE_DOWNLOAD:1294
TIMESTAMP:2025-06-17 04:40:20 UTC
TRIGGER:schedule
