---METADATA---
HTTP_STATUS:200
TIME_TOTAL:3.513126
TIME_CONNECT:0.245833
SIZE_DOWNLOAD:1292
TIMESTAMP:2025-06-17 18:55:51 UTC
TRIGGER:schedule
