---METADATA---
HTTP_STATUS:200
TIME_TOTAL:3.564910
TIME_CONNECT:0.244412
SIZE_DOWNLOAD:1292
TIMESTAMP:2025-06-17 06:39:29 UTC
TRIGGER:schedule
