---METADATA---
HTTP_STATUS:200
TIME_TOTAL:3.343030
TIME_CONNECT:0.295343
SIZE_DOWNLOAD:1292
TIMESTAMP:2025-06-17 17:13:17 UTC
TRIGGER:schedule
