---METADATA---
HTTP_STATUS:200
TIME_TOTAL:3.226776
TIME_CONNECT:0.266960
SIZE_DOWNLOAD:1292
TIMESTAMP:2025-06-17 10:52:18 UTC
TRIGGER:schedule
