---METADATA---
HTTP_STATUS:200
TIME_TOTAL:3.616664
TIME_CONNECT:0.288362
SIZE_DOWNLOAD:1292
TIMESTAMP:2025-06-17 09:41:42 UTC
TRIGGER:schedule
