---METADATA---
HTTP_STATUS:200
TIME_TOTAL:3.748820
TIME_CONNECT:0.279994
SIZE_DOWNLOAD:1292
TIMESTAMP:2025-06-17 11:35:47 UTC
TRIGGER:schedule
