---METADATA---
HTTP_STATUS:200
TIME_TOTAL:3.531207
TIME_CONNECT:0.229430
SIZE_DOWNLOAD:1292
TIMESTAMP:2025-06-17 17:33:58 UTC
TRIGGER:schedule
