---METADATA---
HTTP_STATUS:200
TIME_TOTAL:3.504685
TIME_CONNECT:0.307580
SIZE_DOWNLOAD:1292
TIMESTAMP:2025-06-17 07:49:00 UTC
TRIGGER:schedule
