---METADATA---
HTTP_STATUS:200
TIME_TOTAL:3.260889
TIME_CONNECT:0.275698
SIZE_DOWNLOAD:1292
TIMESTAMP:2025-06-17 23:57:09 UTC
TRIGGER:schedule
