---METADATA---
HTTP_STATUS:200
TIME_TOTAL:3.230360
TIME_CONNECT:0.239024
SIZE_DOWNLOAD:1292
TIMESTAMP:2025-06-17 05:47:23 UTC
TRIGGER:schedule
