---METADATA---
HTTP_STATUS:200
TIME_TOTAL:3.009782
TIME_CONNECT:0.237203
SIZE_DOWNLOAD:1292
TIMESTAMP:2025-06-17 09:51:58 UTC
TRIGGER:schedule
