---METADATA---
HTTP_STATUS:200
TIME_TOTAL:3.331175
TIME_CONNECT:0.285360
SIZE_DOWNLOAD:1292
TIMESTAMP:2025-06-17 16:30:32 UTC
TRIGGER:schedule
