---METADATA---
HTTP_STATUS:200
TIME_TOTAL:3.556404
TIME_CONNECT:0.253740
SIZE_DOWNLOAD:1292
TIMESTAMP:2025-06-17 11:12:31 UTC
TRIGGER:schedule
