---METADATA---
HTTP_STATUS:200
TIME_TOTAL:3.261387
TIME_CONNECT:0.235203
SIZE_DOWNLOAD:1292
TIMESTAMP:2025-06-17 20:56:46 UTC
TRIGGER:schedule
