---METADATA---
HTTP_STATUS:200
TIME_TOTAL:3.573676
TIME_CONNECT:0.280607
SIZE_DOWNLOAD:1292
TIMESTAMP:2025-06-17 10:32:19 UTC
TRIGGER:schedule
