---METADATA---
HTTP_STATUS:200
TIME_TOTAL:3.414228
TIME_CONNECT:0.320156
SIZE_DOWNLOAD:1292
TIMESTAMP:2025-06-17 09:47:18 UTC
TRIGGER:schedule
