---METADATA---
HTTP_STATUS:200
TIME_TOTAL:3.625234
TIME_CONNECT:0.277645
SIZE_DOWNLOAD:1294
TIMESTAMP:2025-06-17 04:16:09 UTC
TRIGGER:schedule
