---METADATA---
HTTP_STATUS:200
TIME_TOTAL:3.589680
TIME_CONNECT:0.288401
SIZE_DOWNLOAD:1294
TIMESTAMP:2025-06-17 03:44:49 UTC
TRIGGER:schedule
