---METADATA---
HTTP_STATUS:200
TIME_TOTAL:3.274194
TIME_CONNECT:0.294058
SIZE_DOWNLOAD:1292
TIMESTAMP:2025-06-17 22:57:09 UTC
TRIGGER:schedule
