---METADATA---
HTTP_STATUS:200
TIME_TOTAL:3.461568
TIME_CONNECT:0.247589
SIZE_DOWNLOAD:1292
TIMESTAMP:2025-06-17 17:49:32 UTC
TRIGGER:schedule
