---METADATA---
HTTP_STATUS:200
TIME_TOTAL:3.237664
TIME_CONNECT:0.260654
SIZE_DOWNLOAD:1292
TIMESTAMP:2025-06-17 20:15:15 UTC
TRIGGER:schedule
