---METADATA---
HTTP_STATUS:200
TIME_TOTAL:3.330133
TIME_CONNECT:0.273838
SIZE_DOWNLOAD:1292
TIMESTAMP:2025-06-17 21:13:22 UTC
TRIGGER:schedule
