---METADATA---
HTTP_STATUS:200
TIME_TOTAL:3.363946
TIME_CONNECT:0.251739
SIZE_DOWNLOAD:1292
TIMESTAMP:2025-06-17 17:44:03 UTC
TRIGGER:schedule
