---METADATA---
HTTP_STATUS:200
TIME_TOTAL:3.470338
TIME_CONNECT:0.250454
SIZE_DOWNLOAD:1292
TIMESTAMP:2025-06-17 07:32:44 UTC
TRIGGER:schedule
