---METADATA---
HTTP_STATUS:200
TIME_TOTAL:3.757930
TIME_CONNECT:0.314151
SIZE_DOWNLOAD:1292
TIMESTAMP:2025-06-17 16:48:58 UTC
TRIGGER:schedule
