---METADATA---
HTTP_STATUS:200
TIME_TOTAL:3.335153
TIME_CONNECT:0.268279
SIZE_DOWNLOAD:1292
TIMESTAMP:2025-06-17 23:41:41 UTC
TRIGGER:schedule
