---METADATA---
HTTP_STATUS:200
TIME_TOTAL:3.504431
TIME_CONNECT:0.342154
SIZE_DOWNLOAD:1292
TIMESTAMP:2025-06-17 17:23:10 UTC
TRIGGER:schedule
