---METADATA---
HTTP_STATUS:200
TIME_TOTAL:3.610174
TIME_CONNECT:0.291492
SIZE_DOWNLOAD:1292
TIMESTAMP:2025-06-17 13:38:19 UTC
TRIGGER:schedule
