---METADATA---
HTTP_STATUS:200
TIME_TOTAL:3.607974
TIME_CONNECT:0.270434
SIZE_DOWNLOAD:1292
TIMESTAMP:2025-06-17 19:40:31 UTC
TRIGGER:schedule
