---METADATA---
HTTP_STATUS:200
TIME_TOTAL:3.643469
TIME_CONNECT:0.304619
SIZE_DOWNLOAD:1292
TIMESTAMP:2025-06-17 16:18:00 UTC
TRIGGER:schedule
