---METADATA---
HTTP_STATUS:200
TIME_TOTAL:3.428983
TIME_CONNECT:0.406721
SIZE_DOWNLOAD:1292
TIMESTAMP:2025-06-17 18:37:45 UTC
TRIGGER:schedule
