---METADATA---
HTTP_STATUS:200
TIME_TOTAL:3.467389
TIME_CONNECT:0.283652
SIZE_DOWNLOAD:1292
TIMESTAMP:2025-06-17 10:44:47 UTC
TRIGGER:schedule
