---METADATA---
HTTP_STATUS:200
TIME_TOTAL:3.366857
TIME_CONNECT:0.250468
SIZE_DOWNLOAD:1292
TIMESTAMP:2025-06-17 16:56:03 UTC
TRIGGER:schedule
