---METADATA---
HTTP_STATUS:200
TIME_TOTAL:3.356723
TIME_CONNECT:0.294585
SIZE_DOWNLOAD:1305
TIMESTAMP:2025-06-17 01:09:34 UTC
TRIGGER:schedule
