---METADATA---
HTTP_STATUS:200
TIME_TOTAL:3.421770
TIME_CONNECT:0.266733
SIZE_DOWNLOAD:1292
TIMESTAMP:2025-06-17 06:49:56 UTC
TRIGGER:schedule
