---METADATA---
HTTP_STATUS:200
TIME_TOTAL:3.506454
TIME_CONNECT:0.315496
SIZE_DOWNLOAD:1292
TIMESTAMP:2025-06-17 15:51:05 UTC
TRIGGER:schedule
