---METADATA---
HTTP_STATUS:200
TIME_TOTAL:3.339410
TIME_CONNECT:0.285275
SIZE_DOWNLOAD:1292
TIMESTAMP:2025-06-17 06:20:43 UTC
TRIGGER:schedule
