---METADATA---
HTTP_STATUS:200
TIME_TOTAL:3.367334
TIME_CONNECT:0.239758
SIZE_DOWNLOAD:1292
TIMESTAMP:2025-06-17 21:25:34 UTC
TRIGGER:schedule
