---METADATA---
HTTP_STATUS:200
TIME_TOTAL:3.186216
TIME_CONNECT:0.230170
SIZE_DOWNLOAD:1292
TIMESTAMP:2025-06-17 14:40:08 UTC
TRIGGER:schedule
