---METADATA---
HTTP_STATUS:200
TIME_TOTAL:3.547977
TIME_CONNECT:0.238351
SIZE_DOWNLOAD:1292
TIMESTAMP:2025-06-17 10:54:41 UTC
TRIGGER:schedule
