---METADATA---
HTTP_STATUS:200
TIME_TOTAL:3.490129
TIME_CONNECT:0.289381
SIZE_DOWNLOAD:1292
TIMESTAMP:2025-06-17 09:29:26 UTC
TRIGGER:schedule
