---METADATA---
HTTP_STATUS:200
TIME_TOTAL:3.546997
TIME_CONNECT:0.246195
SIZE_DOWNLOAD:1292
TIMESTAMP:2025-06-17 05:51:05 UTC
TRIGGER:schedule
