---METADATA---
HTTP_STATUS:200
TIME_TOTAL:3.299819
TIME_CONNECT:0.237430
SIZE_DOWNLOAD:1294
TIMESTAMP:2025-06-17 04:47:43 UTC
TRIGGER:schedule
