---METADATA---
HTTP_STATUS:200
TIME_TOTAL:3.339216
TIME_CONNECT:0.270076
SIZE_DOWNLOAD:1292
TIMESTAMP:2025-06-17 19:19:36 UTC
TRIGGER:schedule
