---METADATA---
HTTP_STATUS:200
TIME_TOTAL:3.326091
TIME_CONNECT:0.283349
SIZE_DOWNLOAD:1292
TIMESTAMP:2025-06-17 19:54:39 UTC
TRIGGER:schedule
