---METADATA---
HTTP_STATUS:200
TIME_TOTAL:3.413710
TIME_CONNECT:0.282375
SIZE_DOWNLOAD:1292
TIMESTAMP:2025-06-17 12:29:05 UTC
TRIGGER:schedule
