---METADATA---
HTTP_STATUS:200
TIME_TOTAL:3.361935
TIME_CONNECT:0.247810
SIZE_DOWNLOAD:1292
TIMESTAMP:2025-06-17 20:40:47 UTC
TRIGGER:schedule
