---METADATA---
HTTP_STATUS:200
TIME_TOTAL:3.322140
TIME_CONNECT:0.255877
SIZE_DOWNLOAD:1294
TIMESTAMP:2025-06-17 03:32:13 UTC
TRIGGER:schedule
