---METADATA---
HTTP_STATUS:200
TIME_TOTAL:3.639271
TIME_CONNECT:0.275793
SIZE_DOWNLOAD:1292
TIMESTAMP:2025-06-17 11:59:38 UTC
TRIGGER:schedule
