---METADATA---
HTTP_STATUS:200
TIME_TOTAL:3.481672
TIME_CONNECT:0.280824
SIZE_DOWNLOAD:1292
TIMESTAMP:2025-06-17 11:19:49 UTC
TRIGGER:schedule
