---METADATA---
HTTP_STATUS:200
TIME_TOTAL:3.432009
TIME_CONNECT:0.310454
SIZE_DOWNLOAD:1292
TIMESTAMP:2025-06-17 17:56:53 UTC
TRIGGER:schedule
