---METADATA---
HTTP_STATUS:200
TIME_TOTAL:3.663230
TIME_CONNECT:0.286755
SIZE_DOWNLOAD:1292
TIMESTAMP:2025-06-17 11:28:07 UTC
TRIGGER:schedule
