---METADATA---
HTTP_STATUS:200
TIME_TOTAL:3.496334
TIME_CONNECT:0.295356
SIZE_DOWNLOAD:1292
TIMESTAMP:2025-06-17 20:25:25 UTC
TRIGGER:schedule
