---METADATA---
HTTP_STATUS:200
TIME_TOTAL:3.338185
TIME_CONNECT:0.282758
SIZE_DOWNLOAD:1292
TIMESTAMP:2025-06-17 18:48:52 UTC
TRIGGER:schedule
