---METADATA---
HTTP_STATUS:200
TIME_TOTAL:3.282690
TIME_CONNECT:0.276476
SIZE_DOWNLOAD:1292
TIMESTAMP:2025-06-17 23:13:02 UTC
TRIGGER:schedule
