---METADATA---
HTTP_STATUS:200
TIME_TOTAL:3.324856
TIME_CONNECT:0.273591
SIZE_DOWNLOAD:1292
TIMESTAMP:2025-06-17 23:50:45 UTC
TRIGGER:schedule
