---METADATA---
HTTP_STATUS:200
TIME_TOTAL:3.360603
TIME_CONNECT:0.269452
SIZE_DOWNLOAD:1292
TIMESTAMP:2025-06-17 14:53:18 UTC
TRIGGER:schedule
