---METADATA---
HTTP_STATUS:200
TIME_TOTAL:3.134010
TIME_CONNECT:0.279731
SIZE_DOWNLOAD:1292
TIMESTAMP:2025-06-17 08:48:01 UTC
TRIGGER:schedule
