---METADATA---
HTTP_STATUS:200
TIME_TOTAL:3.204752
TIME_CONNECT:0.235324
SIZE_DOWNLOAD:1292
TIMESTAMP:2025-06-17 22:13:10 UTC
TRIGGER:schedule
