---METADATA---
HTTP_STATUS:200
TIME_TOTAL:3.349411
TIME_CONNECT:0.287118
SIZE_DOWNLOAD:1292
TIMESTAMP:2025-06-17 14:24:09 UTC
TRIGGER:schedule
