---METADATA---
HTTP_STATUS:200
TIME_TOTAL:3.462547
TIME_CONNECT:0.283045
SIZE_DOWNLOAD:1294
TIMESTAMP:2025-06-17 04:58:33 UTC
TRIGGER:schedule
