---METADATA---
HTTP_STATUS:200
TIME_TOTAL:3.421292
TIME_CONNECT:0.258116
SIZE_DOWNLOAD:1292
TIMESTAMP:2025-06-17 13:09:46 UTC
TRIGGER:schedule
