---METADATA---
HTTP_STATUS:200
TIME_TOTAL:3.645474
TIME_CONNECT:0.296487
SIZE_DOWNLOAD:1292
TIMESTAMP:2025-06-17 15:41:59 UTC
TRIGGER:schedule
