---METADATA---
HTTP_STATUS:200
TIME_TOTAL:3.331356
TIME_CONNECT:0.238851
SIZE_DOWNLOAD:1292
TIMESTAMP:2025-06-17 15:52:37 UTC
TRIGGER:schedule
