---METADATA---
HTTP_STATUS:200
TIME_TOTAL:3.376257
TIME_CONNECT:0.245653
SIZE_DOWNLOAD:1292
TIMESTAMP:2025-06-17 14:14:57 UTC
TRIGGER:schedule
