---METADATA---
HTTP_STATUS:200
TIME_TOTAL:3.639388
TIME_CONNECT:0.299774
SIZE_DOWNLOAD:1292
TIMESTAMP:2025-06-17 19:25:42 UTC
TRIGGER:schedule
