---METADATA---
HTTP_STATUS:200
TIME_TOTAL:3.260336
TIME_CONNECT:0.228610
SIZE_DOWNLOAD:1292
TIMESTAMP:2025-06-17 13:55:33 UTC
TRIGGER:schedule
