---METADATA---
HTTP_STATUS:200
TIME_TOTAL:3.238123
TIME_CONNECT:0.237626
SIZE_DOWNLOAD:1292
TIMESTAMP:2025-06-17 21:30:53 UTC
TRIGGER:schedule
