---METADATA---
HTTP_STATUS:200
TIME_TOTAL:1.099701
TIME_CONNECT:0.304460
SIZE_DOWNLOAD:1292
TIMESTAMP:2025-06-17 14:59:04 UTC
TRIGGER:schedule
