---METADATA---
HTTP_STATUS:200
TIME_TOTAL:3.766024
TIME_CONNECT:0.254278
SIZE_DOWNLOAD:1292
TIMESTAMP:2025-06-17 09:16:11 UTC
TRIGGER:schedule
