---METADATA---
HTTP_STATUS:200
TIME_TOTAL:3.578604
TIME_CONNECT:0.239757
SIZE_DOWNLOAD:1292
TIMESTAMP:2025-06-17 12:58:00 UTC
TRIGGER:schedule
