---METADATA---
HTTP_STATUS:200
TIME_TOTAL:3.673788
TIME_CONNECT:0.224259
SIZE_DOWNLOAD:1292
TIMESTAMP:2025-06-17 05:35:26 UTC
TRIGGER:schedule
