---METADATA---
HTTP_STATUS:200
TIME_TOTAL:3.617774
TIME_CONNECT:0.241353
SIZE_DOWNLOAD:1292
TIMESTAMP:2025-06-17 06:57:27 UTC
TRIGGER:schedule
