---METADATA---
HTTP_STATUS:200
TIME_TOTAL:3.522853
TIME_CONNECT:0.266503
SIZE_DOWNLOAD:1292
TIMESTAMP:2025-06-17 19:10:52 UTC
TRIGGER:schedule
