---METADATA---
HTTP_STATUS:200
TIME_TOTAL:3.227477
TIME_CONNECT:0.243825
SIZE_DOWNLOAD:1292
TIMESTAMP:2025-06-17 07:57:05 UTC
TRIGGER:schedule
