---METADATA---
HTTP_STATUS:200
TIME_TOTAL:3.396238
TIME_CONNECT:0.245480
SIZE_DOWNLOAD:1292
TIMESTAMP:2025-06-17 08:19:55 UTC
TRIGGER:schedule
