---METADATA---
HTTP_STATUS:200
TIME_TOTAL:3.264332
TIME_CONNECT:0.268465
SIZE_DOWNLOAD:1292
TIMESTAMP:2025-06-17 23:25:15 UTC
TRIGGER:schedule
