---METADATA---
HTTP_STATUS:200
TIME_TOTAL:3.377424
TIME_CONNECT:0.293695
SIZE_DOWNLOAD:1292
TIMESTAMP:2025-06-17 14:47:19 UTC
TRIGGER:schedule
