---METADATA---
HTTP_STATUS:200
TIME_TOTAL:3.476164
TIME_CONNECT:0.285954
SIZE_DOWNLOAD:1292
TIMESTAMP:2025-06-17 11:39:38 UTC
TRIGGER:schedule
