---METADATA---
HTTP_STATUS:200
TIME_TOTAL:3.866893
TIME_CONNECT:0.299371
SIZE_DOWNLOAD:1292
TIMESTAMP:2025-06-17 07:43:42 UTC
TRIGGER:schedule
