---METADATA---
HTTP_STATUS:200
TIME_TOTAL:3.303495
TIME_CONNECT:0.216610
SIZE_DOWNLOAD:1292
TIMESTAMP:2025-06-17 20:50:59 UTC
TRIGGER:schedule
