---METADATA---
HTTP_STATUS:200
TIME_TOTAL:3.727643
TIME_CONNECT:0.257381
SIZE_DOWNLOAD:1292
TIMESTAMP:2025-06-17 07:26:30 UTC
TRIGGER:schedule
