---METADATA---
HTTP_STATUS:200
TIME_TOTAL:3.688218
TIME_CONNECT:0.305450
SIZE_DOWNLOAD:1294
TIMESTAMP:2025-06-17 02:10:30 UTC
TRIGGER:schedule
