---METADATA---
HTTP_STATUS:200
TIME_TOTAL:3.359315
TIME_CONNECT:0.284748
SIZE_DOWNLOAD:1292
TIMESTAMP:2025-06-17 20:43:51 UTC
TRIGGER:schedule
