---METADATA---
HTTP_STATUS:200
TIME_TOTAL:3.533337
TIME_CONNECT:0.214371
SIZE_DOWNLOAD:1294
TIMESTAMP:2025-06-17 04:04:15 UTC
TRIGGER:schedule
