---METADATA---
HTTP_STATUS:200
TIME_TOTAL:1.159992
TIME_CONNECT:0.238822
SIZE_DOWNLOAD:1292
TIMESTAMP:2025-06-17 13:43:24 UTC
TRIGGER:schedule
