---METADATA---
HTTP_STATUS:200
TIME_TOTAL:3.697609
TIME_CONNECT:0.291568
SIZE_DOWNLOAD:1292
TIMESTAMP:2025-06-17 07:13:58 UTC
TRIGGER:schedule
