---METADATA---
HTTP_STATUS:200
TIME_TOTAL:3.260444
TIME_CONNECT:0.298319
SIZE_DOWNLOAD:1292
TIMESTAMP:2025-06-17 22:34:42 UTC
TRIGGER:schedule
