---METADATA---
HTTP_STATUS:200
TIME_TOTAL:3.332906
TIME_CONNECT:0.297293
SIZE_DOWNLOAD:1292
TIMESTAMP:2025-06-17 21:44:04 UTC
TRIGGER:schedule
