---METADATA---
HTTP_STATUS:200
TIME_TOTAL:3.531737
TIME_CONNECT:0.225988
SIZE_DOWNLOAD:1292
TIMESTAMP:2025-06-17 08:56:41 UTC
TRIGGER:schedule
