---METADATA---
HTTP_STATUS:200
TIME_TOTAL:3.623407
TIME_CONNECT:0.287747
SIZE_DOWNLOAD:1292
TIMESTAMP:2025-06-17 05:59:20 UTC
TRIGGER:schedule
