---METADATA---
HTTP_STATUS:200
TIME_TOTAL:3.617834
TIME_CONNECT:0.286264
SIZE_DOWNLOAD:1292
TIMESTAMP:2025-06-17 13:54:43 UTC
TRIGGER:schedule
