---METADATA---
HTTP_STATUS:200
TIME_TOTAL:3.472350
TIME_CONNECT:0.292760
SIZE_DOWNLOAD:1292
TIMESTAMP:2025-06-17 22:45:01 UTC
TRIGGER:schedule
