---METADATA---
HTTP_STATUS:200
TIME_TOTAL:3.565413
TIME_CONNECT:0.300455
SIZE_DOWNLOAD:1292
TIMESTAMP:2025-06-17 19:37:28 UTC
TRIGGER:schedule
