---METADATA---
HTTP_STATUS:200
TIME_TOTAL:3.379948
TIME_CONNECT:0.257599
SIZE_DOWNLOAD:1292
TIMESTAMP:2025-06-17 15:15:29 UTC
TRIGGER:schedule
