---METADATA---
HTTP_STATUS:200
TIME_TOTAL:3.467325
TIME_CONNECT:0.292106
SIZE_DOWNLOAD:1292
TIMESTAMP:2025-06-17 11:47:54 UTC
TRIGGER:schedule
