---METADATA---
HTTP_STATUS:200
TIME_TOTAL:3.669125
TIME_CONNECT:0.268345
SIZE_DOWNLOAD:1292
TIMESTAMP:2025-06-17 21:49:56 UTC
TRIGGER:schedule
