---METADATA---
HTTP_STATUS:200
TIME_TOTAL:3.312225
TIME_CONNECT:0.286503
SIZE_DOWNLOAD:1292
TIMESTAMP:2025-06-17 18:19:50 UTC
TRIGGER:schedule
