---METADATA---
HTTP_STATUS:200
TIME_TOTAL:3.445051
TIME_CONNECT:0.252202
SIZE_DOWNLOAD:1292
TIMESTAMP:2025-06-17 21:57:00 UTC
TRIGGER:schedule
