---METADATA---
HTTP_STATUS:200
TIME_TOTAL:3.564158
TIME_CONNECT:0.215853
SIZE_DOWNLOAD:1307
TIMESTAMP:2025-07-11 07:15:51 UTC
TRIGGER:schedule
