---METADATA---
HTTP_STATUS:200
TIME_TOTAL:3.580995
TIME_CONNECT:0.262316
SIZE_DOWNLOAD:1297
TIMESTAMP:2025-07-11 17:44:17 UTC
TRIGGER:schedule
