---METADATA---
HTTP_STATUS:200
TIME_TOTAL:3.556195
TIME_CONNECT:0.219298
SIZE_DOWNLOAD:1297
TIMESTAMP:2025-07-11 19:39:41 UTC
TRIGGER:schedule
