---METADATA---
HTTP_STATUS:200
TIME_TOTAL:3.511728
TIME_CONNECT:0.294600
SIZE_DOWNLOAD:1296
TIMESTAMP:2025-07-11 04:57:19 UTC
TRIGGER:schedule
