---METADATA---
HTTP_STATUS:200
TIME_TOTAL:3.421240
TIME_CONNECT:0.219861
SIZE_DOWNLOAD:1307
TIMESTAMP:2025-07-11 03:03:33 UTC
TRIGGER:schedule
