---METADATA---
HTTP_STATUS:200
TIME_TOTAL:3.288049
TIME_CONNECT:0.270444
SIZE_DOWNLOAD:1297
TIMESTAMP:2025-07-11 18:49:07 UTC
TRIGGER:schedule
