---METADATA---
HTTP_STATUS:200
TIME_TOTAL:3.613122
TIME_CONNECT:0.333101
SIZE_DOWNLOAD:1297
TIMESTAMP:2025-07-11 22:58:39 UTC
TRIGGER:schedule
