---METADATA---
HTTP_STATUS:200
TIME_TOTAL:3.467206
TIME_CONNECT:0.281162
SIZE_DOWNLOAD:1297
TIMESTAMP:2025-07-11 14:52:40 UTC
TRIGGER:schedule
