---METADATA---
HTTP_STATUS:200
TIME_TOTAL:3.431509
TIME_CONNECT:0.301724
SIZE_DOWNLOAD:1307
TIMESTAMP:2025-07-11 09:16:32 UTC
TRIGGER:schedule
