---METADATA---
HTTP_STATUS:200
TIME_TOTAL:3.395942
TIME_CONNECT:0.276579
SIZE_DOWNLOAD:1297
TIMESTAMP:2025-07-11 16:47:46 UTC
TRIGGER:schedule
