---METADATA---
HTTP_STATUS:200
TIME_TOTAL:3.609867
TIME_CONNECT:0.285462
SIZE_DOWNLOAD:1294
TIMESTAMP:2025-07-11 08:47:53 UTC
TRIGGER:schedule
