---METADATA---
HTTP_STATUS:200
TIME_TOTAL:3.417977
TIME_CONNECT:0.283096
SIZE_DOWNLOAD:1292
TIMESTAMP:2025-07-11 11:56:48 UTC
TRIGGER:schedule
