---METADATA---
HTTP_STATUS:200
TIME_TOTAL:3.353546
TIME_CONNECT:0.248045
SIZE_DOWNLOAD:1307
TIMESTAMP:2025-07-11 12:28:20 UTC
TRIGGER:schedule
