---METADATA---
HTTP_STATUS:200
TIME_TOTAL:3.527921
TIME_CONNECT:0.280063
SIZE_DOWNLOAD:1309
TIMESTAMP:2025-07-11 11:50:05 UTC
TRIGGER:schedule
