---METADATA---
HTTP_STATUS:200
TIME_TOTAL:3.459012
TIME_CONNECT:0.273195
SIZE_DOWNLOAD:1307
TIMESTAMP:2025-07-11 06:51:02 UTC
TRIGGER:schedule
