---METADATA---
HTTP_STATUS:200
TIME_TOTAL:3.360855
TIME_CONNECT:0.239901
SIZE_DOWNLOAD:1297
TIMESTAMP:2025-07-11 20:47:28 UTC
TRIGGER:schedule
