---METADATA---
HTTP_STATUS:200
TIME_TOTAL:3.351985
TIME_CONNECT:0.276276
SIZE_DOWNLOAD:1297
TIMESTAMP:2025-07-11 14:38:55 UTC
TRIGGER:schedule
