---METADATA---
HTTP_STATUS:200
TIME_TOTAL:3.304945
TIME_CONNECT:0.265645
SIZE_DOWNLOAD:1297
TIMESTAMP:2025-07-11 22:52:20 UTC
TRIGGER:schedule
