---METADATA---
HTTP_STATUS:200
TIME_TOTAL:3.530717
TIME_CONNECT:0.238338
SIZE_DOWNLOAD:1297
TIMESTAMP:2025-07-11 21:31:06 UTC
TRIGGER:schedule
