---METADATA---
HTTP_STATUS:200
TIME_TOTAL:1.061732
TIME_CONNECT:0.276516
SIZE_DOWNLOAD:1297
TIMESTAMP:2025-07-11 19:41:02 UTC
TRIGGER:schedule
