---METADATA---
HTTP_STATUS:200
TIME_TOTAL:3.227852
TIME_CONNECT:0.237883
SIZE_DOWNLOAD:1297
TIMESTAMP:2025-07-11 23:57:18 UTC
TRIGGER:schedule
