---METADATA---
HTTP_STATUS:200
TIME_TOTAL:3.361147
TIME_CONNECT:0.233149
SIZE_DOWNLOAD:1297
TIMESTAMP:2025-07-11 20:16:06 UTC
TRIGGER:schedule
