---METADATA---
HTTP_STATUS:200
TIME_TOTAL:3.557241
TIME_CONNECT:0.270893
SIZE_DOWNLOAD:1297
TIMESTAMP:2025-07-11 19:23:01 UTC
TRIGGER:schedule
