---METADATA---
HTTP_STATUS:200
TIME_TOTAL:3.669218
TIME_CONNECT:0.276756
SIZE_DOWNLOAD:1297
TIMESTAMP:2025-07-11 16:17:39 UTC
TRIGGER:schedule
