---METADATA---
HTTP_STATUS:200
TIME_TOTAL:3.435713
TIME_CONNECT:0.277338
SIZE_DOWNLOAD:1297
TIMESTAMP:2025-07-11 18:20:00 UTC
TRIGGER:schedule
