---METADATA---
HTTP_STATUS:200
TIME_TOTAL:3.454608
TIME_CONNECT:0.287653
SIZE_DOWNLOAD:1294
TIMESTAMP:2025-07-11 11:29:43 UTC
TRIGGER:schedule
