---METADATA---
HTTP_STATUS:200
TIME_TOTAL:3.294258
TIME_CONNECT:0.243572
SIZE_DOWNLOAD:1307
TIMESTAMP:2025-07-11 06:21:35 UTC
TRIGGER:schedule
