---METADATA---
HTTP_STATUS:200
TIME_TOTAL:3.436218
TIME_CONNECT:0.287791
SIZE_DOWNLOAD:1297
TIMESTAMP:2025-07-11 19:11:54 UTC
TRIGGER:schedule
