---METADATA---
HTTP_STATUS:200
TIME_TOTAL:3.525321
TIME_CONNECT:0.291565
SIZE_DOWNLOAD:1297
TIMESTAMP:2025-07-11 23:49:24 UTC
TRIGGER:schedule
