---METADATA---
HTTP_STATUS:200
TIME_TOTAL:3.524623
TIME_CONNECT:0.274188
SIZE_DOWNLOAD:1296
TIMESTAMP:2025-07-11 06:57:45 UTC
TRIGGER:schedule
