---METADATA---
HTTP_STATUS:200
TIME_TOTAL:3.269438
TIME_CONNECT:0.269523
SIZE_DOWNLOAD:1296
TIMESTAMP:2025-07-11 05:45:04 UTC
TRIGGER:schedule
