---METADATA---
HTTP_STATUS:200
TIME_TOTAL:3.359859
TIME_CONNECT:0.310976
SIZE_DOWNLOAD:1297
TIMESTAMP:2025-07-11 15:41:32 UTC
TRIGGER:schedule
