---METADATA---
HTTP_STATUS:200
TIME_TOTAL:3.595895
TIME_CONNECT:0.273908
SIZE_DOWNLOAD:1294
TIMESTAMP:2025-07-11 10:32:34 UTC
TRIGGER:schedule
