---METADATA---
HTTP_STATUS:200
TIME_TOTAL:3.404047
TIME_CONNECT:0.279531
SIZE_DOWNLOAD:1294
TIMESTAMP:2025-07-11 10:52:37 UTC
TRIGGER:schedule
