---METADATA---
HTTP_STATUS:200
TIME_TOTAL:3.478267
TIME_CONNECT:0.234608
SIZE_DOWNLOAD:1309
TIMESTAMP:2025-07-11 04:05:06 UTC
TRIGGER:schedule
