---METADATA---
HTTP_STATUS:200
TIME_TOTAL:3.483584
TIME_CONNECT:0.260453
SIZE_DOWNLOAD:1294
TIMESTAMP:2025-07-11 10:44:58 UTC
TRIGGER:schedule
