---METADATA---
HTTP_STATUS:200
TIME_TOTAL:3.213129
TIME_CONNECT:0.280202
SIZE_DOWNLOAD:1297
TIMESTAMP:2025-07-11 23:26:44 UTC
TRIGGER:schedule
