---METADATA---
HTTP_STATUS:200
TIME_TOTAL:3.329837
TIME_CONNECT:0.280522
SIZE_DOWNLOAD:1295
TIMESTAMP:2025-07-11 08:19:40 UTC
TRIGGER:schedule
