---METADATA---
HTTP_STATUS:200
TIME_TOTAL:3.604428
TIME_CONNECT:0.283341
SIZE_DOWNLOAD:1294
TIMESTAMP:2025-07-11 09:52:05 UTC
TRIGGER:schedule
