---METADATA---
HTTP_STATUS:200
TIME_TOTAL:3.323481
TIME_CONNECT:0.271300
SIZE_DOWNLOAD:1309
TIMESTAMP:2025-07-11 11:41:06 UTC
TRIGGER:schedule
