---METADATA---
HTTP_STATUS:200
TIME_TOTAL:3.358270
TIME_CONNECT:0.288257
SIZE_DOWNLOAD:1294
TIMESTAMP:2025-07-11 07:51:00 UTC
TRIGGER:schedule
