---METADATA---
HTTP_STATUS:200
TIME_TOTAL:3.351266
TIME_CONNECT:0.277739
SIZE_DOWNLOAD:1297
TIMESTAMP:2025-07-11 21:13:29 UTC
TRIGGER:schedule
