---METADATA---
HTTP_STATUS:200
TIME_TOTAL:3.271318
TIME_CONNECT:0.284137
SIZE_DOWNLOAD:1294
TIMESTAMP:2025-07-11 05:18:22 UTC
TRIGGER:schedule
