---METADATA---
HTTP_STATUS:200
TIME_TOTAL:3.317627
TIME_CONNECT:0.229309
SIZE_DOWNLOAD:1309
TIMESTAMP:2025-07-11 05:54:48 UTC
TRIGGER:schedule
