---METADATA---
HTTP_STATUS:200
TIME_TOTAL:3.411168
TIME_CONNECT:0.273758
SIZE_DOWNLOAD:1297
TIMESTAMP:2025-07-11 16:30:02 UTC
TRIGGER:schedule
