---METADATA---
HTTP_STATUS:200
TIME_TOTAL:3.420941
TIME_CONNECT:0.277004
SIZE_DOWNLOAD:1297
TIMESTAMP:2025-07-11 15:30:15 UTC
TRIGGER:schedule
