---METADATA---
HTTP_STATUS:200
TIME_TOTAL:3.395331
TIME_CONNECT:0.281613
SIZE_DOWNLOAD:1294
TIMESTAMP:2025-07-11 11:13:31 UTC
TRIGGER:schedule
