---METADATA---
HTTP_STATUS:200
TIME_TOTAL:3.472622
TIME_CONNECT:0.274575
SIZE_DOWNLOAD:1305
TIMESTAMP:2025-07-11 05:51:53 UTC
TRIGGER:schedule
