---METADATA---
HTTP_STATUS:200
TIME_TOTAL:1.192822
TIME_CONNECT:0.272785
SIZE_DOWNLOAD:1297
TIMESTAMP:2025-07-11 19:28:04 UTC
TRIGGER:schedule
