---METADATA---
HTTP_STATUS:200
TIME_TOTAL:3.164262
TIME_CONNECT:0.240738
SIZE_DOWNLOAD:1297
TIMESTAMP:2025-07-11 17:56:55 UTC
TRIGGER:schedule
