---METADATA---
HTTP_STATUS:200
TIME_TOTAL:3.345321
TIME_CONNECT:0.282577
SIZE_DOWNLOAD:1297
TIMESTAMP:2025-07-11 21:56:51 UTC
TRIGGER:schedule
