---METADATA---
HTTP_STATUS:200
TIME_TOTAL:3.400678
TIME_CONNECT:0.279984
SIZE_DOWNLOAD:1296
TIMESTAMP:2025-07-11 11:41:57 UTC
TRIGGER:schedule
