---METADATA---
HTTP_STATUS:200
TIME_TOTAL:3.363072
TIME_CONNECT:0.283673
SIZE_DOWNLOAD:1309
TIMESTAMP:2025-07-11 04:49:09 UTC
TRIGGER:schedule
