---METADATA---
HTTP_STATUS:200
TIME_TOTAL:3.395001
TIME_CONNECT:0.247984
SIZE_DOWNLOAD:1307
TIMESTAMP:2025-07-11 02:22:20 UTC
TRIGGER:schedule
