---METADATA---
HTTP_STATUS:200
TIME_TOTAL:3.382045
TIME_CONNECT:0.282542
SIZE_DOWNLOAD:1297
TIMESTAMP:2025-07-11 22:36:22 UTC
TRIGGER:schedule
