---METADATA---
HTTP_STATUS:200
TIME_TOTAL:1.133480
TIME_CONNECT:0.289178
SIZE_DOWNLOAD:1297
TIMESTAMP:2025-07-11 16:53:15 UTC
TRIGGER:schedule
