---METADATA---
HTTP_STATUS:200
TIME_TOTAL:3.291943
TIME_CONNECT:0.294117
SIZE_DOWNLOAD:1297
TIMESTAMP:2025-07-11 20:52:36 UTC
TRIGGER:schedule
