---METADATA---
HTTP_STATUS:200
TIME_TOTAL:3.399472
TIME_CONNECT:0.270579
SIZE_DOWNLOAD:1297
TIMESTAMP:2025-07-11 14:24:03 UTC
TRIGGER:schedule
