---METADATA---
HTTP_STATUS:200
TIME_TOTAL:3.316037
TIME_CONNECT:0.247590
SIZE_DOWNLOAD:1297
TIMESTAMP:2025-07-11 20:29:56 UTC
TRIGGER:schedule
