---METADATA---
HTTP_STATUS:200
TIME_TOTAL:3.386892
TIME_CONNECT:0.278251
SIZE_DOWNLOAD:1297
TIMESTAMP:2025-07-11 20:41:35 UTC
TRIGGER:schedule
