---METADATA---
HTTP_STATUS:200
TIME_TOTAL:3.611057
TIME_CONNECT:0.285350
SIZE_DOWNLOAD:1294
TIMESTAMP:2025-07-11 09:29:52 UTC
TRIGGER:schedule
