---METADATA---
HTTP_STATUS:200
TIME_TOTAL:3.371353
TIME_CONNECT:0.287608
SIZE_DOWNLOAD:1297
TIMESTAMP:2025-07-11 18:56:32 UTC
TRIGGER:schedule
