---METADATA---
HTTP_STATUS:200
TIME_TOTAL:3.308336
TIME_CONNECT:0.238577
SIZE_DOWNLOAD:1297
TIMESTAMP:2025-07-11 21:43:29 UTC
TRIGGER:schedule
