---METADATA---
HTTP_STATUS:200
TIME_TOTAL:3.380934
TIME_CONNECT:0.214650
SIZE_DOWNLOAD:1297
TIMESTAMP:2025-07-11 14:46:38 UTC
TRIGGER:schedule
