---METADATA---
HTTP_STATUS:200
TIME_TOTAL:3.559664
TIME_CONNECT:0.267300
SIZE_DOWNLOAD:1294
TIMESTAMP:2025-07-11 10:55:21 UTC
TRIGGER:schedule
