---METADATA---
HTTP_STATUS:200
TIME_TOTAL:3.396871
TIME_CONNECT:0.241863
SIZE_DOWNLOAD:1307
TIMESTAMP:2025-07-11 13:43:39 UTC
TRIGGER:schedule
