---METADATA---
HTTP_STATUS:200
TIME_TOTAL:3.636832
TIME_CONNECT:0.280658
SIZE_DOWNLOAD:1294
TIMESTAMP:2025-07-11 13:53:37 UTC
TRIGGER:schedule
