---METADATA---
HTTP_STATUS:200
TIME_TOTAL:3.328203
TIME_CONNECT:0.239361
SIZE_DOWNLOAD:1297
TIMESTAMP:2025-07-11 14:58:31 UTC
TRIGGER:schedule
