---METADATA---
HTTP_STATUS:200
TIME_TOTAL:3.273845
TIME_CONNECT:0.289388
SIZE_DOWNLOAD:1297
TIMESTAMP:2025-07-11 19:56:56 UTC
TRIGGER:schedule
