---METADATA---
HTTP_STATUS:200
TIME_TOTAL:3.365573
TIME_CONNECT:0.237490
SIZE_DOWNLOAD:1297
TIMESTAMP:2025-07-11 15:15:14 UTC
TRIGGER:schedule
