---METADATA---
HTTP_STATUS:200
TIME_TOTAL:3.379918
TIME_CONNECT:0.215801
SIZE_DOWNLOAD:1297
TIMESTAMP:2025-07-11 23:43:37 UTC
TRIGGER:schedule
