---METADATA---
HTTP_STATUS:200
TIME_TOTAL:3.381200
TIME_CONNECT:0.268910
SIZE_DOWNLOAD:1297
TIMESTAMP:2025-07-11 23:31:20 UTC
TRIGGER:schedule
