---METADATA---
HTTP_STATUS:200
TIME_TOTAL:3.381293
TIME_CONNECT:0.244246
SIZE_DOWNLOAD:1296
TIMESTAMP:2025-07-11 01:12:14 UTC
TRIGGER:schedule
