---METADATA---
HTTP_STATUS:200
TIME_TOTAL:3.639292
TIME_CONNECT:0.286463
SIZE_DOWNLOAD:1294
TIMESTAMP:2025-07-11 09:47:35 UTC
TRIGGER:schedule
