---METADATA---
HTTP_STATUS:200
TIME_TOTAL:3.395157
TIME_CONNECT:0.292232
SIZE_DOWNLOAD:1305
TIMESTAMP:2025-07-11 06:35:41 UTC
TRIGGER:schedule
