---METADATA---
HTTP_STATUS:200
TIME_TOTAL:3.418516
TIME_CONNECT:0.261687
SIZE_DOWNLOAD:1294
TIMESTAMP:2025-07-11 07:46:27 UTC
TRIGGER:schedule
