---METADATA---
HTTP_STATUS:200
TIME_TOTAL:3.504920
TIME_CONNECT:0.233465
SIZE_DOWNLOAD:1297
TIMESTAMP:2025-07-11 20:59:19 UTC
TRIGGER:schedule
