---METADATA---
HTTP_STATUS:200
TIME_TOTAL:3.367089
TIME_CONNECT:0.280128
SIZE_DOWNLOAD:1297
TIMESTAMP:2025-07-11 19:48:06 UTC
TRIGGER:schedule
