---METADATA---
HTTP_STATUS:200
TIME_TOTAL:3.543141
TIME_CONNECT:0.230269
SIZE_DOWNLOAD:1307
TIMESTAMP:2025-07-11 03:46:14 UTC
TRIGGER:schedule
