---METADATA---
HTTP_STATUS:200
TIME_TOTAL:3.354120
TIME_CONNECT:0.234340
SIZE_DOWNLOAD:1307
TIMESTAMP:2025-07-11 08:56:50 UTC
TRIGGER:schedule
