---METADATA---
HTTP_STATUS:200
TIME_TOTAL:3.298085
TIME_CONNECT:0.237783
SIZE_DOWNLOAD:1297
TIMESTAMP:2025-07-11 17:50:21 UTC
TRIGGER:schedule
