---METADATA---
HTTP_STATUS:200
TIME_TOTAL:3.354449
TIME_CONNECT:0.253799
SIZE_DOWNLOAD:1294
TIMESTAMP:2025-07-11 10:15:38 UTC
TRIGGER:schedule
