---METADATA---
HTTP_STATUS:200
TIME_TOTAL:3.562155
TIME_CONNECT:0.279537
SIZE_DOWNLOAD:1303
TIMESTAMP:2025-07-11 05:31:15 UTC
TRIGGER:schedule
