---METADATA---
HTTP_STATUS:200
TIME_TOTAL:3.639658
TIME_CONNECT:0.277868
SIZE_DOWNLOAD:1297
TIMESTAMP:2025-07-11 15:51:56 UTC
TRIGGER:schedule
