---METADATA---
HTTP_STATUS:200
TIME_TOTAL:3.305461
TIME_CONNECT:0.227687
SIZE_DOWNLOAD:1297
TIMESTAMP:2025-07-11 22:27:20 UTC
TRIGGER:schedule
