---METADATA---
HTTP_STATUS:200
TIME_TOTAL:3.386625
TIME_CONNECT:0.318999
SIZE_DOWNLOAD:1293
TIMESTAMP:2025-07-11 13:08:32 UTC
TRIGGER:schedule
