---METADATA---
HTTP_STATUS:200
TIME_TOTAL:3.319021
TIME_CONNECT:0.261654
SIZE_DOWNLOAD:1294
TIMESTAMP:2025-07-11 11:20:54 UTC
TRIGGER:schedule
