---METADATA---
HTTP_STATUS:200
TIME_TOTAL:3.226082
TIME_CONNECT:0.252343
SIZE_DOWNLOAD:1297
TIMESTAMP:2025-07-11 21:48:06 UTC
TRIGGER:schedule
