---METADATA---
HTTP_STATUS:200
TIME_TOTAL:3.532092
TIME_CONNECT:0.277958
SIZE_DOWNLOAD:1297
TIMESTAMP:2025-07-11 17:34:26 UTC
TRIGGER:schedule
