---METADATA---
HTTP_STATUS:200
TIME_TOTAL:3.365970
TIME_CONNECT:0.246858
SIZE_DOWNLOAD:1297
TIMESTAMP:2025-07-11 15:50:55 UTC
TRIGGER:schedule
