---METADATA---
HTTP_STATUS:200
TIME_TOTAL:3.551917
TIME_CONNECT:0.213590
SIZE_DOWNLOAD:1292
TIMESTAMP:2025-07-11 07:28:36 UTC
TRIGGER:schedule
