---METADATA---
HTTP_STATUS:200
TIME_TOTAL:3.284200
TIME_CONNECT:0.271192
SIZE_DOWNLOAD:1297
TIMESTAMP:2025-07-11 21:27:07 UTC
TRIGGER:schedule
