---METADATA---
HTTP_STATUS:200
TIME_TOTAL:3.292975
TIME_CONNECT:0.229203
SIZE_DOWNLOAD:1294
TIMESTAMP:2025-07-11 13:55:18 UTC
TRIGGER:schedule
