---METADATA---
HTTP_STATUS:200
TIME_TOTAL:3.438705
TIME_CONNECT:0.240658
SIZE_DOWNLOAD:1294
TIMESTAMP:2025-07-11 09:42:09 UTC
TRIGGER:schedule
