---METADATA---
HTTP_STATUS:200
TIME_TOTAL:3.515980
TIME_CONNECT:0.231366
SIZE_DOWNLOAD:1296
TIMESTAMP:2025-07-11 07:58:05 UTC
TRIGGER:schedule
