---METADATA---
HTTP_STATUS:200
TIME_TOTAL:3.391657
TIME_CONNECT:0.277197
SIZE_DOWNLOAD:1297
TIMESTAMP:2025-07-11 17:21:38 UTC
TRIGGER:schedule
