---METADATA---
HTTP_STATUS:200
TIME_TOTAL:3.561572
TIME_CONNECT:0.274472
SIZE_DOWNLOAD:1297
TIMESTAMP:2025-07-11 17:13:44 UTC
TRIGGER:schedule
