---METADATA---
HTTP_STATUS:200
TIME_TOTAL:3.393895
TIME_CONNECT:0.249139
SIZE_DOWNLOAD:1294
TIMESTAMP:2025-07-11 09:59:26 UTC
TRIGGER:schedule
