---METADATA---
HTTP_STATUS:200
TIME_TOTAL:3.315588
TIME_CONNECT:0.285241
SIZE_DOWNLOAD:1297
TIMESTAMP:2025-07-11 22:13:38 UTC
TRIGGER:schedule
