---METADATA---
HTTP_STATUS:200
TIME_TOTAL:3.351968
TIME_CONNECT:0.270349
SIZE_DOWNLOAD:1297
TIMESTAMP:2025-07-11 23:13:45 UTC
TRIGGER:schedule
