---METADATA---
HTTP_STATUS:200
TIME_TOTAL:3.406654
TIME_CONNECT:0.268320
SIZE_DOWNLOAD:1309
TIMESTAMP:2025-07-11 12:55:50 UTC
TRIGGER:schedule
