---METADATA---
HTTP_STATUS:200
TIME_TOTAL:3.541246
TIME_CONNECT:0.270503
SIZE_DOWNLOAD:1297
TIMESTAMP:2025-07-11 18:38:08 UTC
TRIGGER:schedule
