---METADATA---
HTTP_STATUS:200
TIME_TOTAL:3.412350
TIME_CONNECT:0.242005
SIZE_DOWNLOAD:1297
TIMESTAMP:2025-07-11 14:15:00 UTC
TRIGGER:schedule
