---METADATA---
HTTP_STATUS:200
TIME_TOTAL:3.216965
TIME_CONNECT:0.256168
SIZE_DOWNLOAD:1294
TIMESTAMP:2025-07-11 04:25:08 UTC
TRIGGER:schedule
