---METADATA---
HTTP_STATUS:200
TIME_TOTAL:3.554111
TIME_CONNECT:0.231021
SIZE_DOWNLOAD:1309
TIMESTAMP:2025-07-11 07:40:37 UTC
TRIGGER:schedule
