---METADATA---
HTTP_STATUS:200
TIME_TOTAL:3.480056
TIME_CONNECT:0.246880
SIZE_DOWNLOAD:1294
TIMESTAMP:2025-07-11 08:36:45 UTC
TRIGGER:schedule
