---METADATA---
HTTP_STATUS:200
TIME_TOTAL:3.219732
TIME_CONNECT:0.239348
SIZE_DOWNLOAD:1297
TIMESTAMP:2025-07-11 22:46:45 UTC
TRIGGER:schedule
