---METADATA---
HTTP_STATUS:200
TIME_TOTAL:3.498316
TIME_CONNECT:0.334406
SIZE_DOWNLOAD:1307
TIMESTAMP:2025-07-30 10:47:32 UTC
TRIGGER:schedule
