---METADATA---
HTTP_STATUS:200
TIME_TOTAL:3.527318
TIME_CONNECT:0.292999
SIZE_DOWNLOAD:1309
TIMESTAMP:2025-07-30 20:30:35 UTC
TRIGGER:schedule
