---METADATA---
HTTP_STATUS:200
TIME_TOTAL:3.420195
TIME_CONNECT:0.268087
SIZE_DOWNLOAD:1307
TIMESTAMP:2025-07-30 05:54:12 UTC
TRIGGER:schedule
