---METADATA---
HTTP_STATUS:200
TIME_TOTAL:3.402087
TIME_CONNECT:0.293299
SIZE_DOWNLOAD:1309
TIMESTAMP:2025-07-30 21:33:52 UTC
TRIGGER:schedule
