---METADATA---
HTTP_STATUS:200
TIME_TOTAL:3.535368
TIME_CONNECT:0.312851
SIZE_DOWNLOAD:1309
TIMESTAMP:2025-07-30 22:53:25 UTC
TRIGGER:schedule
