---METADATA---
HTTP_STATUS:200
TIME_TOTAL:3.267112
TIME_CONNECT:0.276612
SIZE_DOWNLOAD:1309
TIMESTAMP:2025-07-30 18:36:42 UTC
TRIGGER:schedule
