---METADATA---
HTTP_STATUS:200
TIME_TOTAL:3.402959
TIME_CONNECT:0.280432
SIZE_DOWNLOAD:1296
TIMESTAMP:2025-07-30 02:27:50 UTC
TRIGGER:schedule
