---METADATA---
HTTP_STATUS:200
TIME_TOTAL:3.428799
TIME_CONNECT:0.246075
SIZE_DOWNLOAD:1309
TIMESTAMP:2025-07-30 20:55:01 UTC
TRIGGER:schedule
