---METADATA---
HTTP_STATUS:200
TIME_TOTAL:3.441709
TIME_CONNECT:0.294518
SIZE_DOWNLOAD:1309
TIMESTAMP:2025-07-30 17:55:39 UTC
TRIGGER:schedule
