---METADATA---
HTTP_STATUS:200
TIME_TOTAL:3.574096
TIME_CONNECT:0.237663
SIZE_DOWNLOAD:1307
TIMESTAMP:2025-07-30 09:37:47 UTC
TRIGGER:schedule
