---METADATA---
HTTP_STATUS:200
TIME_TOTAL:3.409401
TIME_CONNECT:0.279902
SIZE_DOWNLOAD:1309
TIMESTAMP:2025-07-30 19:26:44 UTC
TRIGGER:schedule
