---METADATA---
HTTP_STATUS:200
TIME_TOTAL:3.623056
TIME_CONNECT:0.241904
SIZE_DOWNLOAD:1309
TIMESTAMP:2025-07-30 19:31:20 UTC
TRIGGER:schedule
