---METADATA---
HTTP_STATUS:200
TIME_TOTAL:3.566958
TIME_CONNECT:0.279765
SIZE_DOWNLOAD:1309
TIMESTAMP:2025-07-30 11:42:57 UTC
TRIGGER:schedule
