---METADATA---
HTTP_STATUS:200
TIME_TOTAL:3.509048
TIME_CONNECT:0.293770
SIZE_DOWNLOAD:1309
TIMESTAMP:2025-07-30 18:53:08 UTC
TRIGGER:schedule
