---METADATA---
HTTP_STATUS:200
TIME_TOTAL:3.499024
TIME_CONNECT:0.310280
SIZE_DOWNLOAD:1309
TIMESTAMP:2025-07-30 15:57:03 UTC
TRIGGER:schedule
