---METADATA---
HTTP_STATUS:200
TIME_TOTAL:3.397242
TIME_CONNECT:0.273249
SIZE_DOWNLOAD:1309
TIMESTAMP:2025-07-30 21:14:12 UTC
TRIGGER:schedule
