---METADATA---
HTTP_STATUS:200
TIME_TOTAL:3.497975
TIME_CONNECT:0.231705
SIZE_DOWNLOAD:1294
TIMESTAMP:2025-07-30 04:26:18 UTC
TRIGGER:schedule
