---METADATA---
HTTP_STATUS:200
TIME_TOTAL:3.494440
TIME_CONNECT:0.277026
SIZE_DOWNLOAD:1309
TIMESTAMP:2025-07-30 09:22:25 UTC
TRIGGER:schedule
