---METADATA---
HTTP_STATUS:200
TIME_TOTAL:3.636970
TIME_CONNECT:0.354293
SIZE_DOWNLOAD:1309
TIMESTAMP:2025-07-30 16:36:49 UTC
TRIGGER:schedule
