---METADATA---
HTTP_STATUS:200
TIME_TOTAL:3.481611
TIME_CONNECT:0.269932
SIZE_DOWNLOAD:1307
TIMESTAMP:2025-07-30 05:45:53 UTC
TRIGGER:schedule
