---METADATA---
HTTP_STATUS:200
TIME_TOTAL:3.473630
TIME_CONNECT:0.213666
SIZE_DOWNLOAD:1294
TIMESTAMP:2025-07-30 05:00:57 UTC
TRIGGER:schedule
