---METADATA---
HTTP_STATUS:200
TIME_TOTAL:3.435640
TIME_CONNECT:0.308404
SIZE_DOWNLOAD:1309
TIMESTAMP:2025-07-30 21:24:06 UTC
TRIGGER:schedule
