---METADATA---
HTTP_STATUS:200
TIME_TOTAL:3.397093
TIME_CONNECT:0.285524
SIZE_DOWNLOAD:1293
TIMESTAMP:2025-07-30 14:46:44 UTC
TRIGGER:schedule
