---METADATA---
HTTP_STATUS:200
TIME_TOTAL:3.487625
TIME_CONNECT:0.255837
SIZE_DOWNLOAD:1309
TIMESTAMP:2025-07-30 16:50:15 UTC
TRIGGER:schedule
