---METADATA---
HTTP_STATUS:200
TIME_TOTAL:3.513528
TIME_CONNECT:0.236181
SIZE_DOWNLOAD:1298
TIMESTAMP:2025-07-30 05:20:16 UTC
TRIGGER:schedule
