---METADATA---
HTTP_STATUS:200
TIME_TOTAL:3.617263
TIME_CONNECT:0.435737
SIZE_DOWNLOAD:1309
TIMESTAMP:2025-07-30 17:30:46 UTC
TRIGGER:schedule
