---METADATA---
HTTP_STATUS:200
TIME_TOTAL:3.522941
TIME_CONNECT:0.297807
SIZE_DOWNLOAD:1309
TIMESTAMP:2025-07-30 11:31:26 UTC
TRIGGER:schedule
