---METADATA---
HTTP_STATUS:200
TIME_TOTAL:3.392647
TIME_CONNECT:0.276921
SIZE_DOWNLOAD:1306
TIMESTAMP:2025-07-30 13:50:31 UTC
TRIGGER:schedule
