---METADATA---
HTTP_STATUS:200
TIME_TOTAL:3.494444
TIME_CONNECT:0.266134
SIZE_DOWNLOAD:1309
TIMESTAMP:2025-07-30 01:15:51 UTC
TRIGGER:schedule
