---METADATA---
HTTP_STATUS:200
TIME_TOTAL:3.313645
TIME_CONNECT:0.216092
SIZE_DOWNLOAD:1309
TIMESTAMP:2025-07-30 19:48:35 UTC
TRIGGER:schedule
