---METADATA---
HTTP_STATUS:200
TIME_TOTAL:1.078726
TIME_CONNECT:0.311844
SIZE_DOWNLOAD:1309
TIMESTAMP:2025-07-30 23:36:49 UTC
TRIGGER:schedule
