---METADATA---
HTTP_STATUS:200
TIME_TOTAL:3.509912
TIME_CONNECT:0.301706
SIZE_DOWNLOAD:1295
TIMESTAMP:2025-07-30 07:35:21 UTC
TRIGGER:schedule
