---METADATA---
HTTP_STATUS:200
TIME_TOTAL:3.677820
TIME_CONNECT:0.303553
SIZE_DOWNLOAD:1293
TIMESTAMP:2025-07-30 13:56:20 UTC
TRIGGER:schedule
