---METADATA---
HTTP_STATUS:200
TIME_TOTAL:3.473143
TIME_CONNECT:0.302912
SIZE_DOWNLOAD:1309
TIMESTAMP:2025-07-30 13:01:48 UTC
TRIGGER:schedule
