---METADATA---
HTTP_STATUS:200
TIME_TOTAL:3.459281
TIME_CONNECT:0.281625
SIZE_DOWNLOAD:1309
TIMESTAMP:2025-07-30 17:44:27 UTC
TRIGGER:schedule
