---METADATA---
HTTP_STATUS:200
TIME_TOTAL:3.545153
TIME_CONNECT:0.269566
SIZE_DOWNLOAD:1309
TIMESTAMP:2025-07-30 19:42:51 UTC
TRIGGER:schedule
