---METADATA---
HTTP_STATUS:200
TIME_TOTAL:3.472072
TIME_CONNECT:0.229381
SIZE_DOWNLOAD:1309
TIMESTAMP:2025-07-30 21:50:31 UTC
TRIGGER:schedule
