---METADATA---
HTTP_STATUS:200
TIME_TOTAL:3.450743
TIME_CONNECT:0.289081
SIZE_DOWNLOAD:1309
TIMESTAMP:2025-07-30 20:52:51 UTC
TRIGGER:schedule
