---METADATA---
HTTP_STATUS:200
TIME_TOTAL:3.577306
TIME_CONNECT:0.301080
SIZE_DOWNLOAD:1296
TIMESTAMP:2025-07-30 09:48:52 UTC
TRIGGER:schedule
