---METADATA---
HTTP_STATUS:200
TIME_TOTAL:3.677658
TIME_CONNECT:0.374803
SIZE_DOWNLOAD:1294
TIMESTAMP:2025-07-30 07:22:57 UTC
TRIGGER:schedule
