---METADATA---
HTTP_STATUS:200
TIME_TOTAL:3.620605
TIME_CONNECT:0.295464
SIZE_DOWNLOAD:1298
TIMESTAMP:2025-07-30 08:51:40 UTC
TRIGGER:schedule
