---METADATA---
HTTP_STATUS:200
TIME_TOTAL:3.566525
TIME_CONNECT:0.268518
SIZE_DOWNLOAD:1296
TIMESTAMP:2025-07-30 03:18:08 UTC
TRIGGER:schedule
