---METADATA---
HTTP_STATUS:200
TIME_TOTAL:3.487573
TIME_CONNECT:0.270938
SIZE_DOWNLOAD:1294
TIMESTAMP:2025-07-30 08:59:48 UTC
TRIGGER:schedule
