---METADATA---
HTTP_STATUS:200
TIME_TOTAL:3.566025
TIME_CONNECT:0.237882
SIZE_DOWNLOAD:1293
TIMESTAMP:2025-07-30 14:18:19 UTC
TRIGGER:schedule
