---METADATA---
HTTP_STATUS:200
TIME_TOTAL:3.464155
TIME_CONNECT:0.284448
SIZE_DOWNLOAD:1309
TIMESTAMP:2025-07-30 12:31:40 UTC
TRIGGER:schedule
