---METADATA---
HTTP_STATUS:200
TIME_TOTAL:3.446155
TIME_CONNECT:0.238731
SIZE_DOWNLOAD:1307
TIMESTAMP:2025-07-30 08:34:45 UTC
TRIGGER:schedule
