---METADATA---
HTTP_STATUS:200
TIME_TOTAL:3.305171
TIME_CONNECT:0.219649
SIZE_DOWNLOAD:1309
TIMESTAMP:2025-07-30 17:53:15 UTC
TRIGGER:schedule
