---METADATA---
HTTP_STATUS:200
TIME_TOTAL:3.545069
TIME_CONNECT:0.284029
SIZE_DOWNLOAD:1309
TIMESTAMP:2025-07-30 11:50:01 UTC
TRIGGER:schedule
