---METADATA---
HTTP_STATUS:200
TIME_TOTAL:1.076037
TIME_CONNECT:0.263586
SIZE_DOWNLOAD:1291
TIMESTAMP:2025-07-30 15:15:54 UTC
TRIGGER:schedule
