---METADATA---
HTTP_STATUS:200
TIME_TOTAL:3.457296
TIME_CONNECT:0.293501
SIZE_DOWNLOAD:1309
TIMESTAMP:2025-07-30 22:14:57 UTC
TRIGGER:schedule
