---METADATA---
HTTP_STATUS:200
TIME_TOTAL:3.571834
TIME_CONNECT:0.291844
SIZE_DOWNLOAD:1309
TIMESTAMP:2025-07-30 19:14:46 UTC
TRIGGER:schedule
