---METADATA---
HTTP_STATUS:200
TIME_TOTAL:3.553353
TIME_CONNECT:0.286076
SIZE_DOWNLOAD:1296
TIMESTAMP:2025-07-30 07:03:14 UTC
TRIGGER:schedule
