---METADATA---
HTTP_STATUS:200
TIME_TOTAL:3.546542
TIME_CONNECT:0.232222
SIZE_DOWNLOAD:1294
TIMESTAMP:2025-07-30 10:54:33 UTC
TRIGGER:schedule
