---METADATA---
HTTP_STATUS:200
TIME_TOTAL:3.510724
TIME_CONNECT:0.274713
SIZE_DOWNLOAD:1309
TIMESTAMP:2025-07-30 11:57:09 UTC
TRIGGER:schedule
