---METADATA---
HTTP_STATUS:200
TIME_TOTAL:3.558141
TIME_CONNECT:0.274916
SIZE_DOWNLOAD:1309
TIMESTAMP:2025-07-30 15:42:04 UTC
TRIGGER:schedule
