---METADATA---
HTTP_STATUS:200
TIME_TOTAL:3.603630
TIME_CONNECT:0.267668
SIZE_DOWNLOAD:1309
TIMESTAMP:2025-07-30 11:22:17 UTC
TRIGGER:schedule
