---METADATA---
HTTP_STATUS:200
TIME_TOTAL:3.511403
TIME_CONNECT:0.283759
SIZE_DOWNLOAD:1313
TIMESTAMP:2025-07-30 15:11:00 UTC
TRIGGER:schedule
