---METADATA---
HTTP_STATUS:200
TIME_TOTAL:3.476053
TIME_CONNECT:0.295961
SIZE_DOWNLOAD:1294
TIMESTAMP:2025-07-30 03:53:13 UTC
TRIGGER:schedule
