---METADATA---
HTTP_STATUS:200
TIME_TOTAL:3.664760
TIME_CONNECT:0.270866
SIZE_DOWNLOAD:1292
TIMESTAMP:2025-07-30 07:55:41 UTC
TRIGGER:schedule
