---METADATA---
HTTP_STATUS:200
TIME_TOTAL:3.455206
TIME_CONNECT:0.279938
SIZE_DOWNLOAD:1309
TIMESTAMP:2025-07-30 21:57:00 UTC
TRIGGER:schedule
