---METADATA---
HTTP_STATUS:200
TIME_TOTAL:3.289834
TIME_CONNECT:0.286311
SIZE_DOWNLOAD:1309
TIMESTAMP:2025-07-30 19:57:00 UTC
TRIGGER:schedule
