---METADATA---
HTTP_STATUS:200
TIME_TOTAL:3.437706
TIME_CONNECT:0.291461
SIZE_DOWNLOAD:1309
TIMESTAMP:2025-07-30 21:43:50 UTC
TRIGGER:schedule
