---METADATA---
HTTP_STATUS:200
TIME_TOTAL:3.461760
TIME_CONNECT:0.289178
SIZE_DOWNLOAD:1305
TIMESTAMP:2025-07-30 13:26:57 UTC
TRIGGER:schedule
