---METADATA---
HTTP_STATUS:200
TIME_TOTAL:3.463129
TIME_CONNECT:0.281476
SIZE_DOWNLOAD:1310
TIMESTAMP:2025-07-30 08:22:23 UTC
TRIGGER:schedule
