---METADATA---
HTTP_STATUS:200
TIME_TOTAL:3.476327
TIME_CONNECT:0.279811
SIZE_DOWNLOAD:1293
TIMESTAMP:2025-07-30 14:49:19 UTC
TRIGGER:schedule
