---METADATA---
HTTP_STATUS:200
TIME_TOTAL:3.496379
TIME_CONNECT:0.277017
SIZE_DOWNLOAD:1309
TIMESTAMP:2025-07-30 19:00:05 UTC
TRIGGER:schedule
