---METADATA---
HTTP_STATUS:200
TIME_TOTAL:3.625456
TIME_CONNECT:0.272919
SIZE_DOWNLOAD:1294
TIMESTAMP:2025-07-30 10:31:11 UTC
TRIGGER:schedule
