---METADATA---
HTTP_STATUS:200
TIME_TOTAL:3.420390
TIME_CONNECT:0.279964
SIZE_DOWNLOAD:1309
TIMESTAMP:2025-07-30 16:25:24 UTC
TRIGGER:schedule
