---METADATA---
HTTP_STATUS:200
TIME_TOTAL:3.498007
TIME_CONNECT:0.275133
SIZE_DOWNLOAD:1309
TIMESTAMP:2025-07-30 20:42:24 UTC
TRIGGER:schedule
