---METADATA---
HTTP_STATUS:200
TIME_TOTAL:3.370139
TIME_CONNECT:0.310299
SIZE_DOWNLOAD:1309
TIMESTAMP:2025-07-30 23:33:45 UTC
TRIGGER:schedule
