---METADATA---
HTTP_STATUS:200
TIME_TOTAL:3.417109
TIME_CONNECT:0.279634
SIZE_DOWNLOAD:1294
TIMESTAMP:2025-07-30 07:44:45 UTC
TRIGGER:schedule
