---METADATA---
HTTP_STATUS:200
TIME_TOTAL:3.406194
TIME_CONNECT:0.233245
SIZE_DOWNLOAD:1306
TIMESTAMP:2025-07-30 06:39:05 UTC
TRIGGER:schedule
