---METADATA---
HTTP_STATUS:200
TIME_TOTAL:3.510972
TIME_CONNECT:0.301758
SIZE_DOWNLOAD:1309
TIMESTAMP:2025-07-30 17:15:37 UTC
TRIGGER:schedule
