---METADATA---
HTTP_STATUS:200
TIME_TOTAL:3.426040
TIME_CONNECT:0.270066
SIZE_DOWNLOAD:1309
TIMESTAMP:2025-07-30 22:49:23 UTC
TRIGGER:schedule
