---METADATA---
HTTP_STATUS:200
TIME_TOTAL:3.378446
TIME_CONNECT:0.280894
SIZE_DOWNLOAD:1309
TIMESTAMP:2025-07-30 18:23:28 UTC
TRIGGER:schedule
