---METADATA---
HTTP_STATUS:200
TIME_TOTAL:3.670785
TIME_CONNECT:0.292764
SIZE_DOWNLOAD:1296
TIMESTAMP:2025-07-30 06:56:44 UTC
TRIGGER:schedule
