---METADATA---
HTTP_STATUS:200
TIME_TOTAL:3.636867
TIME_CONNECT:0.270534
SIZE_DOWNLOAD:1307
TIMESTAMP:2025-07-30 06:24:26 UTC
TRIGGER:schedule
