---METADATA---
HTTP_STATUS:200
TIME_TOTAL:3.562495
TIME_CONNECT:0.282069
SIZE_DOWNLOAD:1309
TIMESTAMP:2025-07-30 11:13:42 UTC
TRIGGER:schedule
