---METADATA---
HTTP_STATUS:200
TIME_TOTAL:3.616461
TIME_CONNECT:0.268544
SIZE_DOWNLOAD:1292
TIMESTAMP:2025-07-30 04:48:46 UTC
TRIGGER:schedule
