---METADATA---
HTTP_STATUS:200
TIME_TOTAL:3.522280
TIME_CONNECT:0.238685
SIZE_DOWNLOAD:1309
TIMESTAMP:2025-07-30 23:10:30 UTC
TRIGGER:schedule
