---METADATA---
HTTP_STATUS:200
TIME_TOTAL:3.510735
TIME_CONNECT:0.286956
SIZE_DOWNLOAD:1309
TIMESTAMP:2025-07-30 23:52:10 UTC
TRIGGER:schedule
