---METADATA---
HTTP_STATUS:200
TIME_TOTAL:3.222002
TIME_CONNECT:0.279465
SIZE_DOWNLOAD:1309
TIMESTAMP:2025-07-30 23:14:49 UTC
TRIGGER:schedule
