---METADATA---
HTTP_STATUS:200
TIME_TOTAL:1.067311
TIME_CONNECT:0.290719
SIZE_DOWNLOAD:1309
TIMESTAMP:2025-07-30 15:59:13 UTC
TRIGGER:schedule
