---METADATA---
HTTP_STATUS:200
TIME_TOTAL:3.444449
TIME_CONNECT:0.346120
SIZE_DOWNLOAD:1309
TIMESTAMP:2025-07-30 22:40:26 UTC
TRIGGER:schedule
