---METADATA---
HTTP_STATUS:200
TIME_TOTAL:3.549167
TIME_CONNECT:0.295318
SIZE_DOWNLOAD:1309
TIMESTAMP:2025-07-30 16:58:45 UTC
TRIGGER:schedule
