---METADATA---
HTTP_STATUS:200
TIME_TOTAL:3.327586
TIME_CONNECT:0.238327
SIZE_DOWNLOAD:1309
TIMESTAMP:2025-07-30 22:28:35 UTC
TRIGGER:schedule
