---METADATA---
HTTP_STATUS:200
TIME_TOTAL:4.078226
TIME_CONNECT:0.276950
SIZE_DOWNLOAD:1294
TIMESTAMP:2025-07-30 09:56:24 UTC
TRIGGER:schedule
