---METADATA---
HTTP_STATUS:200
TIME_TOTAL:3.343898
TIME_CONNECT:0.287252
SIZE_DOWNLOAD:1305
TIMESTAMP:2025-07-30 07:52:32 UTC
TRIGGER:schedule
