---METADATA---
HTTP_STATUS:200
TIME_TOTAL:3.423045
TIME_CONNECT:0.290595
SIZE_DOWNLOAD:1309
TIMESTAMP:2025-07-30 20:15:17 UTC
TRIGGER:schedule
