---METADATA---
HTTP_STATUS:200
TIME_TOTAL:3.459685
TIME_CONNECT:0.277154
SIZE_DOWNLOAD:1311
TIMESTAMP:2025-07-30 10:17:13 UTC
TRIGGER:schedule
