---METADATA---
HTTP_STATUS:200
TIME_TOTAL:3.487132
TIME_CONNECT:0.214954
SIZE_DOWNLOAD:1293
TIMESTAMP:2025-07-30 14:24:51 UTC
TRIGGER:schedule
