---METADATA---
HTTP_STATUS:200
TIME_TOTAL:3.454048
TIME_CONNECT:0.245291
SIZE_DOWNLOAD:1307
TIMESTAMP:2025-07-18 14:35:01 UTC
TRIGGER:schedule
