---METADATA---
HTTP_STATUS:200
TIME_TOTAL:3.383251
TIME_CONNECT:0.313253
SIZE_DOWNLOAD:1307
TIMESTAMP:2025-07-18 23:28:16 UTC
TRIGGER:schedule
