---METADATA---
HTTP_STATUS:200
TIME_TOTAL:3.379985
TIME_CONNECT:0.271896
SIZE_DOWNLOAD:1307
TIMESTAMP:2025-07-18 23:49:47 UTC
TRIGGER:schedule
