---METADATA---
HTTP_STATUS:200
TIME_TOTAL:3.413613
TIME_CONNECT:0.285429
SIZE_DOWNLOAD:1307
TIMESTAMP:2025-07-18 16:00:51 UTC
TRIGGER:schedule
