---METADATA---
HTTP_STATUS:200
TIME_TOTAL:3.458187
TIME_CONNECT:0.286738
SIZE_DOWNLOAD:1307
TIMESTAMP:2025-07-18 19:48:45 UTC
TRIGGER:schedule
