---METADATA---
HTTP_STATUS:200
TIME_TOTAL:3.501495
TIME_CONNECT:0.291666
SIZE_DOWNLOAD:1297
TIMESTAMP:2025-07-18 04:06:43 UTC
TRIGGER:schedule
