---METADATA---
HTTP_STATUS:200
TIME_TOTAL:3.470340
TIME_CONNECT:0.269925
SIZE_DOWNLOAD:1296
TIMESTAMP:2025-07-18 11:20:59 UTC
TRIGGER:schedule
