---METADATA---
HTTP_STATUS:200
TIME_TOTAL:3.483786
TIME_CONNECT:0.278757
SIZE_DOWNLOAD:1307
TIMESTAMP:2025-07-18 16:42:06 UTC
TRIGGER:schedule
