---METADATA---
HTTP_STATUS:200
TIME_TOTAL:3.320436
TIME_CONNECT:0.289355
SIZE_DOWNLOAD:1307
TIMESTAMP:2025-07-18 22:53:35 UTC
TRIGGER:schedule
