---METADATA---
HTTP_STATUS:200
TIME_TOTAL:3.522384
TIME_CONNECT:0.272395
SIZE_DOWNLOAD:1296
TIMESTAMP:2025-07-18 11:43:32 UTC
TRIGGER:schedule
