---METADATA---
HTTP_STATUS:200
TIME_TOTAL:3.386255
TIME_CONNECT:0.281901
SIZE_DOWNLOAD:1307
TIMESTAMP:2025-07-18 20:51:44 UTC
TRIGGER:schedule
