---METADATA---
HTTP_STATUS:200
TIME_TOTAL:0.912411
TIME_CONNECT:0.275781
SIZE_DOWNLOAD:1307
TIMESTAMP:2025-07-18 19:40:54 UTC
TRIGGER:schedule
