---METADATA---
HTTP_STATUS:200
TIME_TOTAL:3.472620
TIME_CONNECT:0.259095
SIZE_DOWNLOAD:1307
TIMESTAMP:2025-07-18 17:10:16 UTC
TRIGGER:schedule
