---METADATA---
HTTP_STATUS:200
TIME_TOTAL:3.333507
TIME_CONNECT:0.245239
SIZE_DOWNLOAD:1294
TIMESTAMP:2025-07-18 01:13:15 UTC
TRIGGER:schedule
