---METADATA---
HTTP_STATUS:200
TIME_TOTAL:3.673267
TIME_CONNECT:0.240913
SIZE_DOWNLOAD:1309
TIMESTAMP:2025-07-18 07:18:20 UTC
TRIGGER:schedule
