---METADATA---
HTTP_STATUS:200
TIME_TOTAL:3.539058
TIME_CONNECT:0.240471
SIZE_DOWNLOAD:1290
TIMESTAMP:2025-07-18 06:44:37 UTC
TRIGGER:schedule
