---METADATA---
HTTP_STATUS:200
TIME_TOTAL:3.475979
TIME_CONNECT:0.283067
SIZE_DOWNLOAD:1307
TIMESTAMP:2025-07-18 16:21:05 UTC
TRIGGER:schedule
