---METADATA---
HTTP_STATUS:200
TIME_TOTAL:3.467114
TIME_CONNECT:0.249305
SIZE_DOWNLOAD:1305
TIMESTAMP:2025-07-18 05:20:44 UTC
TRIGGER:schedule
