---METADATA---
HTTP_STATUS:200
TIME_TOTAL:3.426624
TIME_CONNECT:0.278125
SIZE_DOWNLOAD:1309
TIMESTAMP:2025-07-18 02:25:14 UTC
TRIGGER:schedule
