---METADATA---
HTTP_STATUS:200
TIME_TOTAL:3.635043
TIME_CONNECT:0.282312
SIZE_DOWNLOAD:1307
TIMESTAMP:2025-07-18 13:52:59 UTC
TRIGGER:schedule
