---METADATA---
HTTP_STATUS:200
TIME_TOTAL:3.495569
TIME_CONNECT:0.237742
SIZE_DOWNLOAD:1296
TIMESTAMP:2025-07-18 10:46:46 UTC
TRIGGER:schedule
