---METADATA---
HTTP_STATUS:200
TIME_TOTAL:3.838698
TIME_CONNECT:0.292677
SIZE_DOWNLOAD:1296
TIMESTAMP:2025-07-18 05:58:21 UTC
TRIGGER:schedule
