---METADATA---
HTTP_STATUS:200
TIME_TOTAL:3.487178
TIME_CONNECT:0.274401
SIZE_DOWNLOAD:1307
TIMESTAMP:2025-07-18 20:42:01 UTC
TRIGGER:schedule
