---METADATA---
HTTP_STATUS:200
TIME_TOTAL:3.525292
TIME_CONNECT:0.298311
SIZE_DOWNLOAD:1307
TIMESTAMP:2025-07-18 14:14:49 UTC
TRIGGER:schedule
