---METADATA---
HTTP_STATUS:200
TIME_TOTAL:3.520550
TIME_CONNECT:0.287350
SIZE_DOWNLOAD:1298
TIMESTAMP:2025-07-18 08:57:51 UTC
TRIGGER:schedule
