---METADATA---
HTTP_STATUS:200
TIME_TOTAL:3.565197
TIME_CONNECT:0.291865
SIZE_DOWNLOAD:1307
TIMESTAMP:2025-07-18 19:12:35 UTC
TRIGGER:schedule
