---METADATA---
HTTP_STATUS:200
TIME_TOTAL:3.583602
TIME_CONNECT:0.230559
SIZE_DOWNLOAD:1294
TIMESTAMP:2025-07-18 07:42:35 UTC
TRIGGER:schedule
