---METADATA---
HTTP_STATUS:200
TIME_TOTAL:3.566833
TIME_CONNECT:0.278421
SIZE_DOWNLOAD:1296
TIMESTAMP:2025-07-18 09:44:58 UTC
TRIGGER:schedule
