---METADATA---
HTTP_STATUS:200
TIME_TOTAL:3.227170
TIME_CONNECT:0.210282
SIZE_DOWNLOAD:1307
TIMESTAMP:2025-07-18 23:57:22 UTC
TRIGGER:schedule
