---METADATA---
HTTP_STATUS:200
TIME_TOTAL:3.500475
TIME_CONNECT:0.279169
SIZE_DOWNLOAD:1307
TIMESTAMP:2025-07-18 19:28:15 UTC
TRIGGER:schedule
