---METADATA---
HTTP_STATUS:200
TIME_TOTAL:3.412159
TIME_CONNECT:0.264758
SIZE_DOWNLOAD:1307
TIMESTAMP:2025-07-18 23:14:05 UTC
TRIGGER:schedule
