---METADATA---
HTTP_STATUS:200
TIME_TOTAL:3.501103
TIME_CONNECT:0.222243
SIZE_DOWNLOAD:1294
TIMESTAMP:2025-07-18 12:59:35 UTC
TRIGGER:schedule
