---METADATA---
HTTP_STATUS:200
TIME_TOTAL:3.448359
TIME_CONNECT:0.237714
SIZE_DOWNLOAD:1307
TIMESTAMP:2025-07-18 22:38:00 UTC
TRIGGER:schedule
