---METADATA---
HTTP_STATUS:200
TIME_TOTAL:3.530271
TIME_CONNECT:0.300128
SIZE_DOWNLOAD:1296
TIMESTAMP:2025-07-18 09:18:58 UTC
TRIGGER:schedule
