---METADATA---
HTTP_STATUS:200
TIME_TOTAL:3.604062
TIME_CONNECT:0.278436
SIZE_DOWNLOAD:1307
TIMESTAMP:2025-07-18 15:15:11 UTC
TRIGGER:schedule
