---METADATA---
HTTP_STATUS:200
TIME_TOTAL:3.631085
TIME_CONNECT:0.270774
SIZE_DOWNLOAD:1309
TIMESTAMP:2025-07-18 08:20:11 UTC
TRIGGER:schedule
