---METADATA---
HTTP_STATUS:200
TIME_TOTAL:3.322230
TIME_CONNECT:0.284531
SIZE_DOWNLOAD:1307
TIMESTAMP:2025-07-18 22:48:16 UTC
TRIGGER:schedule
