---METADATA---
HTTP_STATUS:200
TIME_TOTAL:3.515871
TIME_CONNECT:0.276665
SIZE_DOWNLOAD:1307
TIMESTAMP:2025-07-18 18:40:02 UTC
TRIGGER:schedule
