---METADATA---
HTTP_STATUS:200
TIME_TOTAL:3.398723
TIME_CONNECT:0.282086
SIZE_DOWNLOAD:1292
TIMESTAMP:2025-07-18 03:47:30 UTC
TRIGGER:schedule
