---METADATA---
HTTP_STATUS:200
TIME_TOTAL:3.312634
TIME_CONNECT:0.291172
SIZE_DOWNLOAD:1307
TIMESTAMP:2025-07-18 19:24:13 UTC
TRIGGER:schedule
