---METADATA---
HTTP_STATUS:200
TIME_TOTAL:3.809294
TIME_CONNECT:0.290105
SIZE_DOWNLOAD:1304
TIMESTAMP:2025-07-18 04:52:21 UTC
TRIGGER:schedule
