---METADATA---
HTTP_STATUS:200
TIME_TOTAL:1.051561
TIME_CONNECT:0.244300
SIZE_DOWNLOAD:1307
TIMESTAMP:2025-07-18 17:57:56 UTC
TRIGGER:schedule
