---METADATA---
HTTP_STATUS:200
TIME_TOTAL:3.335163
TIME_CONNECT:0.214901
SIZE_DOWNLOAD:1307
TIMESTAMP:2025-07-18 22:14:34 UTC
TRIGGER:schedule
