---METADATA---
HTTP_STATUS:200
TIME_TOTAL:3.449015
TIME_CONNECT:0.278409
SIZE_DOWNLOAD:1307
TIMESTAMP:2025-07-18 18:21:53 UTC
TRIGGER:schedule
