---METADATA---
HTTP_STATUS:200
TIME_TOTAL:0.964211
TIME_CONNECT:0.246421
SIZE_DOWNLOAD:1307
TIMESTAMP:2025-07-18 13:54:46 UTC
TRIGGER:schedule
