---METADATA---
HTTP_STATUS:200
TIME_TOTAL:3.292158
TIME_CONNECT:0.278298
SIZE_DOWNLOAD:1307
TIMESTAMP:2025-07-18 21:42:35 UTC
TRIGGER:schedule
