---METADATA---
HTTP_STATUS:200
TIME_TOTAL:3.284100
TIME_CONNECT:0.238559
SIZE_DOWNLOAD:1307
TIMESTAMP:2025-07-18 19:40:17 UTC
TRIGGER:schedule
