---METADATA---
HTTP_STATUS:200
TIME_TOTAL:3.522735
TIME_CONNECT:0.270961
SIZE_DOWNLOAD:1292
TIMESTAMP:2025-07-18 08:50:05 UTC
TRIGGER:schedule
