---METADATA---
HTTP_STATUS:200
TIME_TOTAL:1.158997
TIME_CONNECT:0.234297
SIZE_DOWNLOAD:1296
TIMESTAMP:2025-07-18 11:52:45 UTC
TRIGGER:schedule
