---METADATA---
HTTP_STATUS:200
TIME_TOTAL:3.670074
TIME_CONNECT:0.312201
SIZE_DOWNLOAD:1307
TIMESTAMP:2025-07-18 15:42:01 UTC
TRIGGER:schedule
