---METADATA---
HTTP_STATUS:200
TIME_TOTAL:3.589915
TIME_CONNECT:0.293214
SIZE_DOWNLOAD:1309
TIMESTAMP:2025-07-18 06:22:07 UTC
TRIGGER:schedule
