---METADATA---
HTTP_STATUS:200
TIME_TOTAL:3.655858
TIME_CONNECT:0.274041
SIZE_DOWNLOAD:1296
TIMESTAMP:2025-07-18 09:53:01 UTC
TRIGGER:schedule
