---METADATA---
HTTP_STATUS:200
TIME_TOTAL:3.409470
TIME_CONNECT:0.277684
SIZE_DOWNLOAD:1307
TIMESTAMP:2025-07-18 17:43:25 UTC
TRIGGER:schedule
