---METADATA---
HTTP_STATUS:200
TIME_TOTAL:3.692077
TIME_CONNECT:0.268318
SIZE_DOWNLOAD:1296
TIMESTAMP:2025-07-18 12:29:51 UTC
TRIGGER:schedule
