---METADATA---
HTTP_STATUS:200
TIME_TOTAL:3.421128
TIME_CONNECT:0.269292
SIZE_DOWNLOAD:1307
TIMESTAMP:2025-07-18 21:57:11 UTC
TRIGGER:schedule
