---METADATA---
HTTP_STATUS:200
TIME_TOTAL:3.479981
TIME_CONNECT:0.284158
SIZE_DOWNLOAD:1307
TIMESTAMP:2025-07-18 21:13:53 UTC
TRIGGER:schedule
