---METADATA---
HTTP_STATUS:200
TIME_TOTAL:3.541595
TIME_CONNECT:0.271112
SIZE_DOWNLOAD:1296
TIMESTAMP:2025-07-18 10:26:57 UTC
TRIGGER:schedule
