---METADATA---
HTTP_STATUS:200
TIME_TOTAL:3.603786
TIME_CONNECT:0.271478
SIZE_DOWNLOAD:1296
TIMESTAMP:2025-07-18 07:12:07 UTC
TRIGGER:schedule
