---METADATA---
HTTP_STATUS:200
TIME_TOTAL:3.420472
TIME_CONNECT:0.280344
SIZE_DOWNLOAD:1307
TIMESTAMP:2025-07-18 20:15:57 UTC
TRIGGER:schedule
