---METADATA---
HTTP_STATUS:200
TIME_TOTAL:3.399545
TIME_CONNECT:0.275266
SIZE_DOWNLOAD:1307
TIMESTAMP:2025-07-18 18:58:53 UTC
TRIGGER:schedule
