---METADATA---
HTTP_STATUS:200
TIME_TOTAL:3.409127
TIME_CONNECT:0.257200
SIZE_DOWNLOAD:1307
TIMESTAMP:2025-07-18 23:45:18 UTC
TRIGGER:schedule
