---METADATA---
HTTP_STATUS:200
TIME_TOTAL:3.300618
TIME_CONNECT:0.278914
SIZE_DOWNLOAD:1307
TIMESTAMP:2025-07-18 23:00:07 UTC
TRIGGER:schedule
