---METADATA---
HTTP_STATUS:200
TIME_TOTAL:3.487570
TIME_CONNECT:0.244047
SIZE_DOWNLOAD:1305
TIMESTAMP:2025-07-18 04:27:59 UTC
TRIGGER:schedule
