---METADATA---
HTTP_STATUS:200
TIME_TOTAL:3.402648
TIME_CONNECT:0.274117
SIZE_DOWNLOAD:1307
TIMESTAMP:2025-07-18 21:23:23 UTC
TRIGGER:schedule
