---METADATA---
HTTP_STATUS:200
TIME_TOTAL:3.402148
TIME_CONNECT:0.270261
SIZE_DOWNLOAD:1307
TIMESTAMP:2025-07-18 19:56:46 UTC
TRIGGER:schedule
