---METADATA---
HTTP_STATUS:200
TIME_TOTAL:3.403914
TIME_CONNECT:0.226145
SIZE_DOWNLOAD:1296
TIMESTAMP:2025-07-18 11:12:41 UTC
TRIGGER:schedule
