---METADATA---
HTTP_STATUS:200
TIME_TOTAL:3.502782
TIME_CONNECT:0.231399
SIZE_DOWNLOAD:1307
TIMESTAMP:2025-07-18 16:51:24 UTC
TRIGGER:schedule
