---METADATA---
HTTP_STATUS:200
TIME_TOTAL:0.987945
TIME_CONNECT:0.244111
SIZE_DOWNLOAD:1307
TIMESTAMP:2025-07-18 14:54:50 UTC
TRIGGER:schedule
