---METADATA---
HTTP_STATUS:200
TIME_TOTAL:3.378655
TIME_CONNECT:0.258968
SIZE_DOWNLOAD:1307
TIMESTAMP:2025-07-18 20:53:20 UTC
TRIGGER:schedule
