---METADATA---
HTTP_STATUS:200
TIME_TOTAL:3.504977
TIME_CONNECT:0.288401
SIZE_DOWNLOAD:1296
TIMESTAMP:2025-07-18 09:56:06 UTC
TRIGGER:schedule
