---METADATA---
HTTP_STATUS:200
TIME_TOTAL:3.433327
TIME_CONNECT:0.255014
SIZE_DOWNLOAD:1307
TIMESTAMP:2025-07-18 23:32:16 UTC
TRIGGER:schedule
