---METADATA---
HTTP_STATUS:200
TIME_TOTAL:3.567363
TIME_CONNECT:0.299187
SIZE_DOWNLOAD:1308
TIMESTAMP:2025-07-18 05:41:42 UTC
TRIGGER:schedule
