---METADATA---
HTTP_STATUS:200
TIME_TOTAL:3.227613
TIME_CONNECT:0.251371
SIZE_DOWNLOAD:1307
TIMESTAMP:2025-07-18 21:32:26 UTC
TRIGGER:schedule
