---METADATA---
HTTP_STATUS:200
TIME_TOTAL:3.395690
TIME_CONNECT:0.290516
SIZE_DOWNLOAD:1307
TIMESTAMP:2025-07-18 17:55:42 UTC
TRIGGER:schedule
