---METADATA---
HTTP_STATUS:200
TIME_TOTAL:3.678382
TIME_CONNECT:0.313723
SIZE_DOWNLOAD:1307
TIMESTAMP:2025-07-18 15:45:47 UTC
TRIGGER:schedule
