---METADATA---
HTTP_STATUS:200
TIME_TOTAL:3.489517
TIME_CONNECT:0.315133
SIZE_DOWNLOAD:1309
TIMESTAMP:2025-07-18 06:54:26 UTC
TRIGGER:schedule
