---METADATA---
HTTP_STATUS:200
TIME_TOTAL:3.448609
TIME_CONNECT:0.282697
SIZE_DOWNLOAD:1309
TIMESTAMP:2025-07-18 13:19:40 UTC
TRIGGER:schedule
