---METADATA---
HTTP_STATUS:200
TIME_TOTAL:3.559932
TIME_CONNECT:0.299832
SIZE_DOWNLOAD:1307
TIMESTAMP:2025-07-18 17:16:04 UTC
TRIGGER:schedule
