---METADATA---
HTTP_STATUS:200
TIME_TOTAL:1.082320
TIME_CONNECT:0.306285
SIZE_DOWNLOAD:1307
TIMESTAMP:2025-07-18 14:40:24 UTC
TRIGGER:schedule
