---METADATA---
HTTP_STATUS:200
TIME_TOTAL:3.565986
TIME_CONNECT:0.274805
SIZE_DOWNLOAD:1296
TIMESTAMP:2025-07-18 09:33:05 UTC
TRIGGER:schedule
