---METADATA---
HTTP_STATUS:200
TIME_TOTAL:3.660264
TIME_CONNECT:0.286981
SIZE_DOWNLOAD:1308
TIMESTAMP:2025-07-18 07:38:43 UTC
TRIGGER:schedule
