---METADATA---
HTTP_STATUS:200
TIME_TOTAL:1.240754
TIME_CONNECT:0.274781
SIZE_DOWNLOAD:1307
TIMESTAMP:2025-07-18 14:00:22 UTC
TRIGGER:schedule
