---METADATA---
HTTP_STATUS:200
TIME_TOTAL:3.665962
TIME_CONNECT:0.271254
SIZE_DOWNLOAD:1309
TIMESTAMP:2025-07-18 07:53:45 UTC
TRIGGER:schedule
