---METADATA---
HTTP_STATUS:200
TIME_TOTAL:3.467635
TIME_CONNECT:0.240940
SIZE_DOWNLOAD:1296
TIMESTAMP:2025-07-18 10:18:52 UTC
TRIGGER:schedule
