---METADATA---
HTTP_STATUS:200
TIME_TOTAL:3.504056
TIME_CONNECT:0.273552
SIZE_DOWNLOAD:1307
TIMESTAMP:2025-07-18 18:50:43 UTC
TRIGGER:schedule
