---METADATA---
HTTP_STATUS:200
TIME_TOTAL:3.324181
TIME_CONNECT:0.240506
SIZE_DOWNLOAD:1309
TIMESTAMP:2025-07-18 03:08:33 UTC
TRIGGER:schedule
