---METADATA---
HTTP_STATUS:200
TIME_TOTAL:3.377222
TIME_CONNECT:0.261093
SIZE_DOWNLOAD:1296
TIMESTAMP:2025-07-18 11:56:59 UTC
TRIGGER:schedule
