---METADATA---
HTTP_STATUS:200
TIME_TOTAL:3.347777
TIME_CONNECT:0.266287
SIZE_DOWNLOAD:1292
TIMESTAMP:2025-07-18 05:48:38 UTC
TRIGGER:schedule
