---METADATA---
HTTP_STATUS:200
TIME_TOTAL:3.544619
TIME_CONNECT:0.258296
SIZE_DOWNLOAD:1307
TIMESTAMP:2025-07-18 05:01:08 UTC
TRIGGER:schedule
