---METADATA---
HTTP_STATUS:200
TIME_TOTAL:3.405755
TIME_CONNECT:0.289435
SIZE_DOWNLOAD:1307
TIMESTAMP:2025-07-18 20:30:18 UTC
TRIGGER:schedule
