---METADATA---
HTTP_STATUS:200
TIME_TOTAL:3.486010
TIME_CONNECT:0.214824
SIZE_DOWNLOAD:1307
TIMESTAMP:2025-07-18 21:49:23 UTC
TRIGGER:schedule
