---METADATA---
HTTP_STATUS:200
TIME_TOTAL:3.422142
TIME_CONNECT:0.261332
SIZE_DOWNLOAD:1307
TIMESTAMP:2025-07-18 17:40:54 UTC
TRIGGER:schedule
