---METADATA---
HTTP_STATUS:200
TIME_TOTAL:3.483349
TIME_CONNECT:0.283882
SIZE_DOWNLOAD:1307
TIMESTAMP:2025-07-18 15:26:08 UTC
TRIGGER:schedule
