---METADATA---
HTTP_STATUS:200
TIME_TOTAL:3.407759
TIME_CONNECT:0.225984
SIZE_DOWNLOAD:1296
TIMESTAMP:2025-07-18 11:29:22 UTC
TRIGGER:schedule
