---METADATA---
HTTP_STATUS:200
TIME_TOTAL:3.475272
TIME_CONNECT:0.239100
SIZE_DOWNLOAD:1307
TIMESTAMP:2025-07-18 22:28:05 UTC
TRIGGER:schedule
