---METADATA---
HTTP_STATUS:200
TIME_TOTAL:3.711881
TIME_CONNECT:0.291225
SIZE_DOWNLOAD:1296
TIMESTAMP:2025-07-18 10:51:18 UTC
TRIGGER:schedule
