---METADATA---
HTTP_STATUS:200
TIME_TOTAL:3.671484
TIME_CONNECT:0.273373
SIZE_DOWNLOAD:1307
TIMESTAMP:2025-07-18 14:54:09 UTC
TRIGGER:schedule
