---METADATA---
HTTP_STATUS:200
TIME_TOTAL:3.697154
TIME_CONNECT:0.280063
SIZE_DOWNLOAD:1309
TIMESTAMP:2025-07-18 08:32:58 UTC
TRIGGER:schedule
