---METADATA---
HTTP_STATUS:200
TIME_TOTAL:3.315107
TIME_CONNECT:0.246566
SIZE_DOWNLOAD:1306
TIMESTAMP:2025-06-10 19:47:07 UTC
TRIGGER:schedule
