---METADATA---
HTTP_STATUS:200
TIME_TOTAL:3.529111
TIME_CONNECT:0.330581
SIZE_DOWNLOAD:1306
TIMESTAMP:2025-06-10 15:28:15 UTC
TRIGGER:schedule
