---METADATA---
HTTP_STATUS:200
TIME_TOTAL:3.264947
TIME_CONNECT:0.244206
SIZE_DOWNLOAD:1294
TIMESTAMP:2025-06-10 09:57:37 UTC
TRIGGER:schedule
