---METADATA---
HTTP_STATUS:200
TIME_TOTAL:3.414076
TIME_CONNECT:0.321698
SIZE_DOWNLOAD:1308
TIMESTAMP:2025-06-10 05:50:11 UTC
TRIGGER:schedule
