---METADATA---
HTTP_STATUS:200
TIME_TOTAL:4.205342
TIME_CONNECT:1.050101
SIZE_DOWNLOAD:1306
TIMESTAMP:2025-06-10 20:30:25 UTC
TRIGGER:schedule
