---METADATA---
HTTP_STATUS:200
TIME_TOTAL:3.346339
TIME_CONNECT:0.301176
SIZE_DOWNLOAD:1304
TIMESTAMP:2025-06-10 09:28:20 UTC
TRIGGER:schedule
