---METADATA---
HTTP_STATUS:200
TIME_TOTAL:3.364473
TIME_CONNECT:0.240958
SIZE_DOWNLOAD:1306
TIMESTAMP:2025-06-10 14:52:51 UTC
TRIGGER:schedule
