---METADATA---
HTTP_STATUS:200
TIME_TOTAL:3.323542
TIME_CONNECT:0.244266
SIZE_DOWNLOAD:1292
TIMESTAMP:2025-06-10 11:19:32 UTC
TRIGGER:schedule
