---METADATA---
HTTP_STATUS:200
TIME_TOTAL:3.451342
TIME_CONNECT:0.282906
SIZE_DOWNLOAD:1294
TIMESTAMP:2025-06-10 10:44:11 UTC
TRIGGER:schedule
