---METADATA---
HTTP_STATUS:200
TIME_TOTAL:3.264860
TIME_CONNECT:0.311031
SIZE_DOWNLOAD:1306
TIMESTAMP:2025-06-10 20:15:45 UTC
TRIGGER:schedule
