---METADATA---
HTTP_STATUS:200
TIME_TOTAL:3.407323
TIME_CONNECT:0.274854
SIZE_DOWNLOAD:1296
TIMESTAMP:2025-06-10 07:41:35 UTC
TRIGGER:schedule
