---METADATA---
HTTP_STATUS:200
TIME_TOTAL:3.245444
TIME_CONNECT:0.286125
SIZE_DOWNLOAD:1306
TIMESTAMP:2025-06-10 18:19:22 UTC
TRIGGER:schedule
