---METADATA---
HTTP_STATUS:200
TIME_TOTAL:3.428939
TIME_CONNECT:0.267589
SIZE_DOWNLOAD:1292
TIMESTAMP:2025-06-10 11:48:15 UTC
TRIGGER:schedule
