---METADATA---
HTTP_STATUS:200
TIME_TOTAL:3.422306
TIME_CONNECT:0.247575
SIZE_DOWNLOAD:1306
TIMESTAMP:2025-06-10 14:23:20 UTC
TRIGGER:schedule
