---METADATA---
HTTP_STATUS:200
TIME_TOTAL:3.259347
TIME_CONNECT:0.283029
SIZE_DOWNLOAD:1306
TIMESTAMP:2025-06-10 22:34:33 UTC
TRIGGER:schedule
