---METADATA---
HTTP_STATUS:200
TIME_TOTAL:3.499680
TIME_CONNECT:0.287621
SIZE_DOWNLOAD:1306
TIMESTAMP:2025-06-10 21:48:13 UTC
TRIGGER:schedule
