---METADATA---
HTTP_STATUS:200
TIME_TOTAL:3.256749
TIME_CONNECT:0.239435
SIZE_DOWNLOAD:1306
TIMESTAMP:2025-06-10 21:30:37 UTC
TRIGGER:schedule
