---METADATA---
HTTP_STATUS:200
TIME_TOTAL:3.358492
TIME_CONNECT:0.275187
SIZE_DOWNLOAD:1306
TIMESTAMP:2025-06-10 15:15:07 UTC
TRIGGER:schedule
