---METADATA---
HTTP_STATUS:200
TIME_TOTAL:1.014675
TIME_CONNECT:0.247673
SIZE_DOWNLOAD:1293
TIMESTAMP:2025-06-10 09:45:39 UTC
TRIGGER:schedule
