---METADATA---
HTTP_STATUS:200
TIME_TOTAL:3.514269
TIME_CONNECT:0.278834
SIZE_DOWNLOAD:1306
TIMESTAMP:2025-06-10 23:40:55 UTC
TRIGGER:schedule
