---METADATA---
HTTP_STATUS:200
TIME_TOTAL:3.284459
TIME_CONNECT:0.256633
SIZE_DOWNLOAD:1308
TIMESTAMP:2025-06-10 06:20:35 UTC
TRIGGER:schedule
