---METADATA---
HTTP_STATUS:200
TIME_TOTAL:3.491277
TIME_CONNECT:0.316861
SIZE_DOWNLOAD:1307
TIMESTAMP:2025-06-10 07:48:31 UTC
TRIGGER:schedule
