---METADATA---
HTTP_STATUS:200
TIME_TOTAL:3.495712
TIME_CONNECT:0.292352
SIZE_DOWNLOAD:1306
TIMESTAMP:2025-06-10 16:54:59 UTC
TRIGGER:schedule
