---METADATA---
HTTP_STATUS:200
TIME_TOTAL:3.261196
TIME_CONNECT:0.288251
SIZE_DOWNLOAD:1306
TIMESTAMP:2025-06-10 23:13:00 UTC
TRIGGER:schedule
