---METADATA---
HTTP_STATUS:200
TIME_TOTAL:3.222223
TIME_CONNECT:0.268842
SIZE_DOWNLOAD:1306
TIMESTAMP:2025-06-10 21:13:34 UTC
TRIGGER:schedule
