---METADATA---
HTTP_STATUS:200
TIME_TOTAL:3.575530
TIME_CONNECT:0.275141
SIZE_DOWNLOAD:1304
TIMESTAMP:2025-06-10 13:38:46 UTC
TRIGGER:schedule
