---METADATA---
HTTP_STATUS:200
TIME_TOTAL:1.032808
TIME_CONNECT:0.292764
SIZE_DOWNLOAD:1306
TIMESTAMP:2025-06-10 15:50:44 UTC
TRIGGER:schedule
