---METADATA---
HTTP_STATUS:200
TIME_TOTAL:3.257709
TIME_CONNECT:0.265953
SIZE_DOWNLOAD:1306
TIMESTAMP:2025-06-10 22:45:16 UTC
TRIGGER:schedule
