---METADATA---
HTTP_STATUS:200
TIME_TOTAL:1.083189
TIME_CONNECT:0.302136
SIZE_DOWNLOAD:1306
TIMESTAMP:2025-06-10 20:49:00 UTC
TRIGGER:schedule
