---METADATA---
HTTP_STATUS:200
TIME_TOTAL:3.418739
TIME_CONNECT:0.315720
SIZE_DOWNLOAD:1306
TIMESTAMP:2025-06-10 23:24:46 UTC
TRIGGER:schedule
