---METADATA---
HTTP_STATUS:200
TIME_TOTAL:3.253938
TIME_CONNECT:0.239709
SIZE_DOWNLOAD:1306
TIMESTAMP:2025-06-10 22:57:05 UTC
TRIGGER:schedule
