---METADATA---
HTTP_STATUS:200
TIME_TOTAL:3.342557
TIME_CONNECT:0.247269
SIZE_DOWNLOAD:1309
TIMESTAMP:2025-06-10 07:13:39 UTC
TRIGGER:schedule
