---METADATA---
HTTP_STATUS:200
TIME_TOTAL:3.236964
TIME_CONNECT:0.225969
SIZE_DOWNLOAD:1306
TIMESTAMP:2025-06-10 15:57:46 UTC
TRIGGER:schedule
