---METADATA---
HTTP_STATUS:200
TIME_TOTAL:3.311373
TIME_CONNECT:0.291911
SIZE_DOWNLOAD:1306
TIMESTAMP:2025-06-10 16:47:24 UTC
TRIGGER:schedule
