---METADATA---
HTTP_STATUS:200
TIME_TOTAL:3.438789
TIME_CONNECT:0.275075
SIZE_DOWNLOAD:1294
TIMESTAMP:2025-06-10 05:14:22 UTC
TRIGGER:schedule
