---METADATA---
HTTP_STATUS:200
TIME_TOTAL:3.204490
TIME_CONNECT:0.222483
SIZE_DOWNLOAD:1292
TIMESTAMP:2025-06-10 12:57:17 UTC
TRIGGER:schedule
