---METADATA---
HTTP_STATUS:200
TIME_TOTAL:3.527820
TIME_CONNECT:0.238060
SIZE_DOWNLOAD:1294
TIMESTAMP:2025-06-10 09:41:06 UTC
TRIGGER:schedule
