---METADATA---
HTTP_STATUS:200
TIME_TOTAL:3.287141
TIME_CONNECT:0.216937
SIZE_DOWNLOAD:1306
TIMESTAMP:2025-06-10 19:18:52 UTC
TRIGGER:schedule
