---METADATA---
HTTP_STATUS:200
TIME_TOTAL:3.398641
TIME_CONNECT:0.284643
SIZE_DOWNLOAD:1306
TIMESTAMP:2025-06-10 14:43:02 UTC
TRIGGER:schedule
