---METADATA---
HTTP_STATUS:200
TIME_TOTAL:3.533541
TIME_CONNECT:0.224438
SIZE_DOWNLOAD:1294
TIMESTAMP:2025-06-10 04:46:59 UTC
TRIGGER:schedule
