---METADATA---
HTTP_STATUS:200
TIME_TOTAL:3.303018
TIME_CONNECT:0.298450
SIZE_DOWNLOAD:1294
TIMESTAMP:2025-06-10 08:19:54 UTC
TRIGGER:schedule
