---METADATA---
HTTP_STATUS:200
TIME_TOTAL:3.257860
TIME_CONNECT:0.226255
SIZE_DOWNLOAD:1307
TIMESTAMP:2025-06-10 04:40:00 UTC
TRIGGER:schedule
