---METADATA---
HTTP_STATUS:200
TIME_TOTAL:3.397341
TIME_CONNECT:0.293477
SIZE_DOWNLOAD:1309
TIMESTAMP:2025-06-10 07:56:49 UTC
TRIGGER:schedule
