---METADATA---
HTTP_STATUS:200
TIME_TOTAL:3.700548
TIME_CONNECT:0.263411
SIZE_DOWNLOAD:1294
TIMESTAMP:2025-06-10 05:45:42 UTC
TRIGGER:schedule
