---METADATA---
HTTP_STATUS:200
TIME_TOTAL:3.556329
TIME_CONNECT:0.243537
SIZE_DOWNLOAD:1307
TIMESTAMP:2025-06-10 06:38:25 UTC
TRIGGER:schedule
