---METADATA---
HTTP_STATUS:200
TIME_TOTAL:3.374044
TIME_CONNECT:0.241308
SIZE_DOWNLOAD:1292
TIMESTAMP:2025-06-10 13:54:40 UTC
TRIGGER:schedule
