---METADATA---
HTTP_STATUS:200
TIME_TOTAL:1.019710
TIME_CONNECT:0.225863
SIZE_DOWNLOAD:1307
TIMESTAMP:2025-06-10 09:50:19 UTC
TRIGGER:schedule
