---METADATA---
HTTP_STATUS:200
TIME_TOTAL:3.305239
TIME_CONNECT:0.274236
SIZE_DOWNLOAD:1292
TIMESTAMP:2025-06-10 11:47:07 UTC
TRIGGER:schedule
