---METADATA---
HTTP_STATUS:200
TIME_TOTAL:3.310457
TIME_CONNECT:0.273568
SIZE_DOWNLOAD:1306
TIMESTAMP:2025-06-10 19:10:52 UTC
TRIGGER:schedule
