---METADATA---
HTTP_STATUS:200
TIME_TOTAL:3.248873
TIME_CONNECT:0.231400
SIZE_DOWNLOAD:1294
TIMESTAMP:2025-06-10 04:04:24 UTC
TRIGGER:schedule
