---METADATA---
HTTP_STATUS:200
TIME_TOTAL:3.492119
TIME_CONNECT:0.273518
SIZE_DOWNLOAD:1307
TIMESTAMP:2025-06-10 08:47:25 UTC
TRIGGER:schedule
