---METADATA---
HTTP_STATUS:200
TIME_TOTAL:3.377502
TIME_CONNECT:0.247690
SIZE_DOWNLOAD:1306
TIMESTAMP:2025-06-10 17:48:57 UTC
TRIGGER:schedule
