---METADATA---
HTTP_STATUS:200
TIME_TOTAL:3.237171
TIME_CONNECT:0.250265
SIZE_DOWNLOAD:1306
TIMESTAMP:2025-06-10 14:46:20 UTC
TRIGGER:schedule
