---METADATA---
HTTP_STATUS:200
TIME_TOTAL:3.363722
TIME_CONNECT:0.326946
SIZE_DOWNLOAD:1306
TIMESTAMP:2025-06-10 16:34:51 UTC
TRIGGER:schedule
