---METADATA---
HTTP_STATUS:200
TIME_TOTAL:3.138989
TIME_CONNECT:0.277251
SIZE_DOWNLOAD:1292
TIMESTAMP:2025-06-10 13:08:58 UTC
TRIGGER:schedule
