---METADATA---
HTTP_STATUS:200
TIME_TOTAL:3.367201
TIME_CONNECT:0.291587
SIZE_DOWNLOAD:1306
TIMESTAMP:2025-06-10 19:35:31 UTC
TRIGGER:schedule
