---METADATA---
HTTP_STATUS:200
TIME_TOTAL:3.523669
TIME_CONNECT:0.267319
SIZE_DOWNLOAD:1292
TIMESTAMP:2025-06-10 10:54:21 UTC
TRIGGER:schedule
