---METADATA---
HTTP_STATUS:200
TIME_TOTAL:3.330934
TIME_CONNECT:0.289368
SIZE_DOWNLOAD:1306
TIMESTAMP:2025-06-10 21:28:42 UTC
TRIGGER:schedule
