---METADATA---
HTTP_STATUS:200
TIME_TOTAL:3.298979
TIME_CONNECT:0.294150
SIZE_DOWNLOAD:1307
TIMESTAMP:2025-06-10 08:35:53 UTC
TRIGGER:schedule
