---METADATA---
HTTP_STATUS:200
TIME_TOTAL:3.336487
TIME_CONNECT:0.259926
SIZE_DOWNLOAD:1292
TIMESTAMP:2025-06-10 13:55:41 UTC
TRIGGER:schedule
