---METADATA---
HTTP_STATUS:200
TIME_TOTAL:3.349525
TIME_CONNECT:0.247971
SIZE_DOWNLOAD:1292
TIMESTAMP:2025-06-10 11:58:59 UTC
TRIGGER:schedule
