---METADATA---
HTTP_STATUS:200
TIME_TOTAL:3.539740
TIME_CONNECT:0.245341
SIZE_DOWNLOAD:1303
TIMESTAMP:2025-06-10 10:30:33 UTC
TRIGGER:schedule
