---METADATA---
HTTP_STATUS:200
TIME_TOTAL:3.340501
TIME_CONNECT:0.250050
SIZE_DOWNLOAD:1296
TIMESTAMP:2025-06-10 04:22:50 UTC
TRIGGER:schedule
