---METADATA---
HTTP_STATUS:200
TIME_TOTAL:1.168024
TIME_CONNECT:0.239933
SIZE_DOWNLOAD:1306
TIMESTAMP:2025-06-10 15:45:38 UTC
TRIGGER:schedule
