---METADATA---
HTTP_STATUS:200
TIME_TOTAL:0.987780
TIME_CONNECT:0.254497
SIZE_DOWNLOAD:1306
TIMESTAMP:2025-06-10 23:41:47 UTC
TRIGGER:schedule
