---METADATA---
HTTP_STATUS:200
TIME_TOTAL:3.354719
TIME_CONNECT:0.283532
SIZE_DOWNLOAD:1308
TIMESTAMP:2025-06-10 06:49:15 UTC
TRIGGER:schedule
