---METADATA---
HTTP_STATUS:200
TIME_TOTAL:3.357074
TIME_CONNECT:0.290118
SIZE_DOWNLOAD:1306
TIMESTAMP:2025-06-10 19:25:28 UTC
TRIGGER:schedule
