---METADATA---
HTTP_STATUS:200
TIME_TOTAL:3.157210
TIME_CONNECT:0.205898
SIZE_DOWNLOAD:1294
TIMESTAMP:2025-06-10 10:15:25 UTC
TRIGGER:schedule
