---METADATA---
HTTP_STATUS:200
TIME_TOTAL:3.292660
TIME_CONNECT:0.217531
SIZE_DOWNLOAD:1313
TIMESTAMP:2025-06-10 06:56:42 UTC
TRIGGER:schedule
