---METADATA---
HTTP_STATUS:200
TIME_TOTAL:3.366649
TIME_CONNECT:0.257836
SIZE_DOWNLOAD:1306
TIMESTAMP:2025-06-10 18:55:39 UTC
TRIGGER:schedule
