---METADATA---
HTTP_STATUS:200
TIME_TOTAL:3.524863
TIME_CONNECT:0.294653
SIZE_DOWNLOAD:1306
TIMESTAMP:2025-06-10 22:25:54 UTC
TRIGGER:schedule
