---METADATA---
HTTP_STATUS:200
TIME_TOTAL:3.345302
TIME_CONNECT:0.237916
SIZE_DOWNLOAD:1306
TIMESTAMP:2025-06-10 17:12:23 UTC
TRIGGER:schedule
