---METADATA---
HTTP_STATUS:200
TIME_TOTAL:3.517272
TIME_CONNECT:0.244845
SIZE_DOWNLOAD:1306
TIMESTAMP:2025-06-10 21:43:23 UTC
TRIGGER:schedule
