---METADATA---
HTTP_STATUS:200
TIME_TOTAL:3.375676
TIME_CONNECT:0.272383
SIZE_DOWNLOAD:1292
TIMESTAMP:2025-06-10 10:52:05 UTC
TRIGGER:schedule
