---METADATA---
HTTP_STATUS:200
TIME_TOTAL:3.390916
TIME_CONNECT:0.285258
SIZE_DOWNLOAD:1294
TIMESTAMP:2025-06-10 08:56:20 UTC
TRIGGER:schedule
