---METADATA---
HTTP_STATUS:200
TIME_TOTAL:3.500120
TIME_CONNECT:0.276726
SIZE_DOWNLOAD:1306
TIMESTAMP:2025-06-10 21:00:09 UTC
TRIGGER:schedule
