---METADATA---
HTTP_STATUS:200
TIME_TOTAL:3.326753
TIME_CONNECT:0.316692
SIZE_DOWNLOAD:1296
TIMESTAMP:2025-06-10 05:27:20 UTC
TRIGGER:schedule
