---METADATA---
HTTP_STATUS:200
TIME_TOTAL:3.324103
TIME_CONNECT:0.285424
SIZE_DOWNLOAD:1306
TIMESTAMP:2025-06-10 23:57:14 UTC
TRIGGER:schedule
