---METADATA---
HTTP_STATUS:200
TIME_TOTAL:1.166669
TIME_CONNECT:0.237549
SIZE_DOWNLOAD:1309
TIMESTAMP:2025-06-10 07:31:04 UTC
TRIGGER:schedule
