---METADATA---
HTTP_STATUS:200
TIME_TOTAL:3.365673
TIME_CONNECT:0.291510
SIZE_DOWNLOAD:1306
TIMESTAMP:2025-06-10 19:31:01 UTC
TRIGGER:schedule
