---METADATA---
HTTP_STATUS:200
TIME_TOTAL:3.195968
TIME_CONNECT:0.240287
SIZE_DOWNLOAD:1306
TIMESTAMP:2025-06-10 17:57:02 UTC
TRIGGER:schedule
