---METADATA---
HTTP_STATUS:200
TIME_TOTAL:1.037580
TIME_CONNECT:0.256432
SIZE_DOWNLOAD:1306
TIMESTAMP:2025-06-10 14:57:59 UTC
TRIGGER:schedule
