---METADATA---
HTTP_STATUS:200
TIME_TOTAL:3.362921
TIME_CONNECT:0.270502
SIZE_DOWNLOAD:1294
TIMESTAMP:2025-06-10 02:56:10 UTC
TRIGGER:schedule
