---METADATA---
HTTP_STATUS:200
TIME_TOTAL:3.395814
TIME_CONNECT:0.297379
SIZE_DOWNLOAD:1306
TIMESTAMP:2025-06-10 15:40:21 UTC
TRIGGER:schedule
