---METADATA---
HTTP_STATUS:200
TIME_TOTAL:3.392854
TIME_CONNECT:0.305371
SIZE_DOWNLOAD:1306
TIMESTAMP:2025-06-10 20:48:16 UTC
TRIGGER:schedule
