---METADATA---
HTTP_STATUS:200
TIME_TOTAL:3.591307
TIME_CONNECT:0.272048
SIZE_DOWNLOAD:1306
TIMESTAMP:2025-06-10 22:13:14 UTC
TRIGGER:schedule
