---METADATA---
HTTP_STATUS:200
TIME_TOTAL:3.188816
TIME_CONNECT:0.297015
SIZE_DOWNLOAD:1306
TIMESTAMP:2025-06-10 23:29:53 UTC
TRIGGER:schedule
