---METADATA---
HTTP_STATUS:200
TIME_TOTAL:3.388266
TIME_CONNECT:0.308847
SIZE_DOWNLOAD:1294
TIMESTAMP:2025-06-10 02:11:08 UTC
TRIGGER:schedule
