---METADATA---
HTTP_STATUS:200
TIME_TOTAL:3.240578
TIME_CONNECT:0.244893
SIZE_DOWNLOAD:1306
TIMESTAMP:2025-06-10 23:49:42 UTC
TRIGGER:schedule
