---METADATA---
HTTP_STATUS:200
TIME_TOTAL:3.373961
TIME_CONNECT:0.333510
SIZE_DOWNLOAD:1306
TIMESTAMP:2025-06-10 17:20:08 UTC
TRIGGER:schedule
