---METADATA---
HTTP_STATUS:200
TIME_TOTAL:3.451070
TIME_CONNECT:0.244800
SIZE_DOWNLOAD:1306
TIMESTAMP:2025-06-10 14:15:48 UTC
TRIGGER:schedule
