---METADATA---
HTTP_STATUS:200
TIME_TOTAL:3.271592
TIME_CONNECT:0.276207
SIZE_DOWNLOAD:1306
TIMESTAMP:2025-06-10 18:37:08 UTC
TRIGGER:schedule
