---METADATA---
HTTP_STATUS:200
TIME_TOTAL:3.426275
TIME_CONNECT:0.308565
SIZE_DOWNLOAD:1307
TIMESTAMP:2025-06-10 07:25:34 UTC
TRIGGER:schedule
