---METADATA---
HTTP_STATUS:200
TIME_TOTAL:3.521289
TIME_CONNECT:0.265550
SIZE_DOWNLOAD:1292
TIMESTAMP:2025-06-10 11:27:54 UTC
TRIGGER:schedule
