---METADATA---
HTTP_STATUS:200
TIME_TOTAL:3.368284
TIME_CONNECT:0.277226
SIZE_DOWNLOAD:1306
TIMESTAMP:2025-06-10 19:58:50 UTC
TRIGGER:schedule
