---METADATA---
HTTP_STATUS:200
TIME_TOTAL:3.388607
TIME_CONNECT:0.262368
SIZE_DOWNLOAD:1306
TIMESTAMP:2025-06-10 03:45:49 UTC
TRIGGER:schedule
