---METADATA---
HTTP_STATUS:200
TIME_TOTAL:3.298184
TIME_CONNECT:0.267937
SIZE_DOWNLOAD:1292
TIMESTAMP:2025-06-10 11:34:52 UTC
TRIGGER:schedule
