---METADATA---
HTTP_STATUS:200
TIME_TOTAL:3.358217
TIME_CONNECT:0.287530
SIZE_DOWNLOAD:1306
TIMESTAMP:2025-06-10 18:48:03 UTC
TRIGGER:schedule
