---METADATA---
HTTP_STATUS:200
TIME_TOTAL:3.450435
TIME_CONNECT:0.254820
SIZE_DOWNLOAD:1292
TIMESTAMP:2025-06-10 12:28:53 UTC
TRIGGER:schedule
