---METADATA---
HTTP_STATUS:200
TIME_TOTAL:3.266526
TIME_CONNECT:0.248240
SIZE_DOWNLOAD:1306
TIMESTAMP:2025-06-10 19:48:20 UTC
TRIGGER:schedule
