---METADATA---
HTTP_STATUS:200
TIME_TOTAL:3.328638
TIME_CONNECT:0.240023
SIZE_DOWNLOAD:1307
TIMESTAMP:2025-06-10 05:57:45 UTC
TRIGGER:schedule
