---METADATA---
HTTP_STATUS:200
TIME_TOTAL:3.340758
TIME_CONNECT:0.226358
SIZE_DOWNLOAD:1294
TIMESTAMP:2025-06-10 09:15:45 UTC
TRIGGER:schedule
