---METADATA---
HTTP_STATUS:200
TIME_TOTAL:3.397755
TIME_CONNECT:0.219655
SIZE_DOWNLOAD:1305
TIMESTAMP:2025-06-10 04:56:48 UTC
TRIGGER:schedule
