---METADATA---
HTTP_STATUS:200
TIME_TOTAL:3.370292
TIME_CONNECT:0.238797
SIZE_DOWNLOAD:1306
TIMESTAMP:2025-06-10 17:43:33 UTC
TRIGGER:schedule
