---METADATA---
HTTP_STATUS:200
TIME_TOTAL:1.060062
TIME_CONNECT:0.244681
SIZE_DOWNLOAD:1292
TIMESTAMP:2025-06-10 11:39:02 UTC
TRIGGER:schedule
