---METADATA---
HTTP_STATUS:200
TIME_TOTAL:3.211832
TIME_CONNECT:0.219731
SIZE_DOWNLOAD:1295
TIMESTAMP:2025-06-10 05:35:36 UTC
TRIGGER:schedule
