---METADATA---
HTTP_STATUS:200
TIME_TOTAL:3.615600
TIME_CONNECT:0.292860
SIZE_DOWNLOAD:1306
TIMESTAMP:2025-06-10 17:32:21 UTC
TRIGGER:schedule
