---METADATA---
HTTP_STATUS:200
TIME_TOTAL:3.303909
TIME_CONNECT:0.244432
SIZE_DOWNLOAD:1306
TIMESTAMP:2025-06-10 22:50:27 UTC
TRIGGER:schedule
