---METADATA---
HTTP_STATUS:200
TIME_TOTAL:1.070623
TIME_CONNECT:0.226279
SIZE_DOWNLOAD:1292
TIMESTAMP:2025-06-10 13:44:00 UTC
TRIGGER:schedule
