---METADATA---
HTTP_STATUS:200
TIME_TOTAL:3.627562
TIME_CONNECT:0.312506
SIZE_DOWNLOAD:1305
TIMESTAMP:2025-06-10 01:09:59 UTC
TRIGGER:schedule
