---METADATA---
HTTP_STATUS:200
TIME_TOTAL:3.263031
TIME_CONNECT:0.273190
SIZE_DOWNLOAD:1296
TIMESTAMP:2025-06-10 03:32:27 UTC
TRIGGER:schedule
