---METADATA---
HTTP_STATUS:200
TIME_TOTAL:3.116836
TIME_CONNECT:0.237011
SIZE_DOWNLOAD:1306
TIMESTAMP:2025-06-10 21:56:47 UTC
TRIGGER:schedule
