---METADATA---
HTTP_STATUS:200
TIME_TOTAL:3.171910
TIME_CONNECT:0.283265
SIZE_DOWNLOAD:1306
TIMESTAMP:2025-06-10 16:17:50 UTC
TRIGGER:schedule
