---METADATA---
HTTP_STATUS:200
TIME_TOTAL:3.487734
TIME_CONNECT:0.266018
SIZE_DOWNLOAD:1293
TIMESTAMP:2025-06-30 22:13:48 UTC
TRIGGER:schedule
