---METADATA---
HTTP_STATUS:200
TIME_TOTAL:3.296762
TIME_CONNECT:0.281996
SIZE_DOWNLOAD:1293
TIMESTAMP:2025-06-30 21:30:24 UTC
TRIGGER:schedule
