---METADATA---
HTTP_STATUS:200
TIME_TOTAL:3.366803
TIME_CONNECT:0.285130
SIZE_DOWNLOAD:1309
TIMESTAMP:2025-06-30 11:08:08 UTC
TRIGGER:schedule
