---METADATA---
HTTP_STATUS:200
TIME_TOTAL:3.672399
TIME_CONNECT:0.239973
SIZE_DOWNLOAD:1296
TIMESTAMP:2025-06-30 04:54:44 UTC
TRIGGER:schedule
