---METADATA---
HTTP_STATUS:200
TIME_TOTAL:3.565828
TIME_CONNECT:0.234307
SIZE_DOWNLOAD:1293
TIMESTAMP:2025-06-30 14:53:30 UTC
TRIGGER:schedule
