---METADATA---
HTTP_STATUS:200
TIME_TOTAL:3.464876
TIME_CONNECT:0.269295
SIZE_DOWNLOAD:1305
TIMESTAMP:2025-06-30 10:16:05 UTC
TRIGGER:schedule
