---METADATA---
HTTP_STATUS:200
TIME_TOTAL:1.118560
TIME_CONNECT:0.272398
SIZE_DOWNLOAD:1293
TIMESTAMP:2025-06-30 19:30:32 UTC
TRIGGER:schedule
