---METADATA---
HTTP_STATUS:200
TIME_TOTAL:3.489161
TIME_CONNECT:0.242586
SIZE_DOWNLOAD:1293
TIMESTAMP:2025-06-30 21:25:45 UTC
TRIGGER:schedule
