---METADATA---
HTTP_STATUS:200
TIME_TOTAL:3.431418
TIME_CONNECT:0.293509
SIZE_DOWNLOAD:1293
TIMESTAMP:2025-06-30 21:56:49 UTC
TRIGGER:schedule
