---METADATA---
HTTP_STATUS:200
TIME_TOTAL:3.303172
TIME_CONNECT:0.268310
SIZE_DOWNLOAD:1293
TIMESTAMP:2025-06-30 09:17:13 UTC
TRIGGER:schedule
