---METADATA---
HTTP_STATUS:200
TIME_TOTAL:3.408165
TIME_CONNECT:0.229757
SIZE_DOWNLOAD:1295
TIMESTAMP:2025-06-30 05:16:54 UTC
TRIGGER:schedule
