---METADATA---
HTTP_STATUS:200
TIME_TOTAL:3.415929
TIME_CONNECT:0.260093
SIZE_DOWNLOAD:1293
TIMESTAMP:2025-06-30 23:25:41 UTC
TRIGGER:schedule
