---METADATA---
HTTP_STATUS:200
TIME_TOTAL:3.590364
TIME_CONNECT:0.299975
SIZE_DOWNLOAD:1293
TIMESTAMP:2025-06-30 19:25:16 UTC
TRIGGER:schedule
