---METADATA---
HTTP_STATUS:200
TIME_TOTAL:3.322225
TIME_CONNECT:0.278558
SIZE_DOWNLOAD:1309
TIMESTAMP:2025-06-30 04:45:46 UTC
TRIGGER:schedule
