---METADATA---
HTTP_STATUS:200
TIME_TOTAL:3.449524
TIME_CONNECT:0.283754
SIZE_DOWNLOAD:1309
TIMESTAMP:2025-06-30 11:28:47 UTC
TRIGGER:schedule
