---METADATA---
HTTP_STATUS:200
TIME_TOTAL:3.495589
TIME_CONNECT:0.242665
SIZE_DOWNLOAD:1309
TIMESTAMP:2025-06-30 08:13:14 UTC
TRIGGER:schedule
