---METADATA---
HTTP_STATUS:200
TIME_TOTAL:3.561351
TIME_CONNECT:0.237163
SIZE_DOWNLOAD:1293
TIMESTAMP:2025-06-30 14:15:47 UTC
TRIGGER:schedule
