---METADATA---
HTTP_STATUS:200
TIME_TOTAL:3.393900
TIME_CONNECT:0.304256
SIZE_DOWNLOAD:1293
TIMESTAMP:2025-06-30 20:34:13 UTC
TRIGGER:schedule
