---METADATA---
HTTP_STATUS:200
TIME_TOTAL:3.444102
TIME_CONNECT:0.242773
SIZE_DOWNLOAD:1293
TIMESTAMP:2025-06-30 16:55:03 UTC
TRIGGER:schedule
