---METADATA---
HTTP_STATUS:200
TIME_TOTAL:3.463419
TIME_CONNECT:0.276693
SIZE_DOWNLOAD:1297
TIMESTAMP:2025-06-30 05:59:09 UTC
TRIGGER:schedule
