---METADATA---
HTTP_STATUS:200
TIME_TOTAL:3.442499
TIME_CONNECT:0.282828
SIZE_DOWNLOAD:1296
TIMESTAMP:2025-06-30 06:41:41 UTC
TRIGGER:schedule
