---METADATA---
HTTP_STATUS:200
TIME_TOTAL:3.354909
TIME_CONNECT:0.220920
SIZE_DOWNLOAD:1293
TIMESTAMP:2025-06-30 18:19:41 UTC
TRIGGER:schedule
