---METADATA---
HTTP_STATUS:200
TIME_TOTAL:3.309056
TIME_CONNECT:0.361742
SIZE_DOWNLOAD:1311
TIMESTAMP:2025-06-30 04:01:10 UTC
TRIGGER:schedule
