---METADATA---
HTTP_STATUS:200
TIME_TOTAL:3.388541
TIME_CONNECT:0.255023
SIZE_DOWNLOAD:1293
TIMESTAMP:2025-06-30 19:47:02 UTC
TRIGGER:schedule
