---METADATA---
HTTP_STATUS:200
TIME_TOTAL:3.230623
TIME_CONNECT:0.278750
SIZE_DOWNLOAD:1293
TIMESTAMP:2025-06-30 20:29:24 UTC
TRIGGER:schedule
