---METADATA---
HTTP_STATUS:200
TIME_TOTAL:3.538454
TIME_CONNECT:0.383324
SIZE_DOWNLOAD:1293
TIMESTAMP:2025-06-30 13:55:54 UTC
TRIGGER:schedule
