---METADATA---
HTTP_STATUS:200
TIME_TOTAL:3.480010
TIME_CONNECT:0.271926
SIZE_DOWNLOAD:1293
TIMESTAMP:2025-06-30 15:30:25 UTC
TRIGGER:schedule
