---METADATA---
HTTP_STATUS:200
TIME_TOTAL:1.133082
TIME_CONNECT:0.282548
SIZE_DOWNLOAD:1307
TIMESTAMP:2025-06-30 11:50:09 UTC
TRIGGER:schedule
