---METADATA---
HTTP_STATUS:200
TIME_TOTAL:3.212472
TIME_CONNECT:0.271878
SIZE_DOWNLOAD:1293
TIMESTAMP:2025-06-30 13:54:42 UTC
TRIGGER:schedule
