---METADATA---
HTTP_STATUS:200
TIME_TOTAL:3.258691
TIME_CONNECT:0.247657
SIZE_DOWNLOAD:1293
TIMESTAMP:2025-06-30 23:50:19 UTC
TRIGGER:schedule
