---METADATA---
HTTP_STATUS:200
TIME_TOTAL:3.572828
TIME_CONNECT:0.282406
SIZE_DOWNLOAD:1293
TIMESTAMP:2025-06-30 22:50:46 UTC
TRIGGER:schedule
