---METADATA---
HTTP_STATUS:200
TIME_TOTAL:3.141627
TIME_CONNECT:0.241790
SIZE_DOWNLOAD:1293
TIMESTAMP:2025-06-30 16:30:18 UTC
TRIGGER:schedule
