---METADATA---
HTTP_STATUS:200
TIME_TOTAL:3.237397
TIME_CONNECT:0.224695
SIZE_DOWNLOAD:1293
TIMESTAMP:2025-06-30 20:15:02 UTC
TRIGGER:schedule
