---METADATA---
HTTP_STATUS:200
TIME_TOTAL:3.108127
TIME_CONNECT:0.319249
SIZE_DOWNLOAD:1293
TIMESTAMP:2025-06-30 18:48:48 UTC
TRIGGER:schedule
