---METADATA---
HTTP_STATUS:200
TIME_TOTAL:3.450846
TIME_CONNECT:0.335621
SIZE_DOWNLOAD:1293
TIMESTAMP:2025-06-30 19:17:56 UTC
TRIGGER:schedule
