---METADATA---
HTTP_STATUS:200
TIME_TOTAL:3.521330
TIME_CONNECT:0.269520
SIZE_DOWNLOAD:1308
TIMESTAMP:2025-06-30 11:42:02 UTC
TRIGGER:schedule
