---METADATA---
HTTP_STATUS:200
TIME_TOTAL:3.425671
TIME_CONNECT:0.272842
SIZE_DOWNLOAD:1294
TIMESTAMP:2025-06-30 10:48:52 UTC
TRIGGER:schedule
