---METADATA---
HTTP_STATUS:200
TIME_TOTAL:3.370307
TIME_CONNECT:0.242634
SIZE_DOWNLOAD:1293
TIMESTAMP:2025-06-30 23:43:06 UTC
TRIGGER:schedule
