---METADATA---
HTTP_STATUS:200
TIME_TOTAL:3.259006
TIME_CONNECT:0.227290
SIZE_DOWNLOAD:1294
TIMESTAMP:2025-06-30 12:28:41 UTC
TRIGGER:schedule
