---METADATA---
HTTP_STATUS:200
TIME_TOTAL:3.208002
TIME_CONNECT:0.230663
SIZE_DOWNLOAD:1293
TIMESTAMP:2025-06-30 19:10:44 UTC
TRIGGER:schedule
