---METADATA---
HTTP_STATUS:200
TIME_TOTAL:3.715824
TIME_CONNECT:0.274055
SIZE_DOWNLOAD:1309
TIMESTAMP:2025-06-30 05:43:43 UTC
TRIGGER:schedule
