---METADATA---
HTTP_STATUS:200
TIME_TOTAL:3.589564
TIME_CONNECT:0.275283
SIZE_DOWNLOAD:1293
TIMESTAMP:2025-06-30 19:48:25 UTC
TRIGGER:schedule
