---METADATA---
HTTP_STATUS:200
TIME_TOTAL:3.611658
TIME_CONNECT:0.295355
SIZE_DOWNLOAD:1308
TIMESTAMP:2025-06-30 11:44:56 UTC
TRIGGER:schedule
