---METADATA---
HTTP_STATUS:200
TIME_TOTAL:3.356652
TIME_CONNECT:0.274117
SIZE_DOWNLOAD:1293
TIMESTAMP:2025-06-30 16:17:44 UTC
TRIGGER:schedule
