---METADATA---
HTTP_STATUS:200
TIME_TOTAL:3.529380
TIME_CONNECT:0.296086
SIZE_DOWNLOAD:1293
TIMESTAMP:2025-06-30 15:41:36 UTC
TRIGGER:schedule
