---METADATA---
HTTP_STATUS:200
TIME_TOTAL:3.363778
TIME_CONNECT:0.260688
SIZE_DOWNLOAD:1293
TIMESTAMP:2025-06-30 18:33:07 UTC
TRIGGER:schedule
