---METADATA---
HTTP_STATUS:200
TIME_TOTAL:3.497824
TIME_CONNECT:0.295149
SIZE_DOWNLOAD:1308
TIMESTAMP:2025-06-30 13:09:01 UTC
TRIGGER:schedule
