---METADATA---
HTTP_STATUS:200
TIME_TOTAL:3.313667
TIME_CONNECT:0.253250
SIZE_DOWNLOAD:1293
TIMESTAMP:2025-06-30 20:58:25 UTC
TRIGGER:schedule
