---METADATA---
HTTP_STATUS:200
TIME_TOTAL:3.329610
TIME_CONNECT:0.243219
SIZE_DOWNLOAD:1311
TIMESTAMP:2025-06-30 10:26:28 UTC
TRIGGER:schedule
