---METADATA---
HTTP_STATUS:200
TIME_TOTAL:3.325574
TIME_CONNECT:0.286945
SIZE_DOWNLOAD:1293
TIMESTAMP:2025-06-30 14:23:21 UTC
TRIGGER:schedule
