---METADATA---
HTTP_STATUS:200
TIME_TOTAL:3.296574
TIME_CONNECT:0.230553
SIZE_DOWNLOAD:1293
TIMESTAMP:2025-06-30 21:13:00 UTC
TRIGGER:schedule
