---METADATA---
HTTP_STATUS:200
TIME_TOTAL:3.692335
TIME_CONNECT:0.299111
SIZE_DOWNLOAD:1309
TIMESTAMP:2025-06-30 05:26:02 UTC
TRIGGER:schedule
