---METADATA---
HTTP_STATUS:200
TIME_TOTAL:3.165000
TIME_CONNECT:0.261273
SIZE_DOWNLOAD:1304
TIMESTAMP:2025-06-30 09:00:37 UTC
TRIGGER:schedule
