---METADATA---
HTTP_STATUS:200
TIME_TOTAL:3.565615
TIME_CONNECT:0.242069
SIZE_DOWNLOAD:1296
TIMESTAMP:2025-06-30 06:51:25 UTC
TRIGGER:schedule
