---METADATA---
HTTP_STATUS:200
TIME_TOTAL:3.543242
TIME_CONNECT:0.216053
SIZE_DOWNLOAD:1308
TIMESTAMP:2025-06-30 09:51:15 UTC
TRIGGER:schedule
