---METADATA---
HTTP_STATUS:200
TIME_TOTAL:3.502276
TIME_CONNECT:0.237336
SIZE_DOWNLOAD:1309
TIMESTAMP:2025-06-30 07:31:04 UTC
TRIGGER:schedule
