---METADATA---
HTTP_STATUS:200
TIME_TOTAL:3.397033
TIME_CONNECT:0.269149
SIZE_DOWNLOAD:1293
TIMESTAMP:2025-06-30 17:32:36 UTC
TRIGGER:schedule
