---METADATA---
HTTP_STATUS:200
TIME_TOTAL:1.095338
TIME_CONNECT:0.229267
SIZE_DOWNLOAD:1293
TIMESTAMP:2025-06-30 19:35:22 UTC
TRIGGER:schedule
