---METADATA---
HTTP_STATUS:200
TIME_TOTAL:3.684247
TIME_CONNECT:0.501373
SIZE_DOWNLOAD:1293
TIMESTAMP:2025-06-30 17:51:29 UTC
TRIGGER:schedule
