---METADATA---
HTTP_STATUS:200
TIME_TOTAL:3.396947
TIME_CONNECT:0.279298
SIZE_DOWNLOAD:1293
TIMESTAMP:2025-06-30 15:15:36 UTC
TRIGGER:schedule
