---METADATA---
HTTP_STATUS:200
TIME_TOTAL:3.205976
TIME_CONNECT:0.250957
SIZE_DOWNLOAD:1294
TIMESTAMP:2025-06-30 04:22:29 UTC
TRIGGER:schedule
