---METADATA---
HTTP_STATUS:200
TIME_TOTAL:3.291232
TIME_CONNECT:0.278597
SIZE_DOWNLOAD:1294
TIMESTAMP:2025-06-30 03:02:36 UTC
TRIGGER:schedule
