---METADATA---
HTTP_STATUS:200
TIME_TOTAL:3.382617
TIME_CONNECT:0.316311
SIZE_DOWNLOAD:1294
TIMESTAMP:2025-06-30 08:20:12 UTC
TRIGGER:schedule
