---METADATA---
HTTP_STATUS:200
TIME_TOTAL:3.547836
TIME_CONNECT:0.287396
SIZE_DOWNLOAD:1293
TIMESTAMP:2025-06-30 21:42:06 UTC
TRIGGER:schedule
