---METADATA---
HTTP_STATUS:200
TIME_TOTAL:3.680186
TIME_CONNECT:0.271902
SIZE_DOWNLOAD:1304
TIMESTAMP:2025-06-30 07:40:19 UTC
TRIGGER:schedule
