---METADATA---
HTTP_STATUS:200
TIME_TOTAL:3.505745
TIME_CONNECT:0.324924
SIZE_DOWNLOAD:1293
TIMESTAMP:2025-06-30 17:12:42 UTC
TRIGGER:schedule
