---METADATA---
HTTP_STATUS:200
TIME_TOTAL:3.548975
TIME_CONNECT:0.306604
SIZE_DOWNLOAD:1293
TIMESTAMP:2025-06-30 18:54:58 UTC
TRIGGER:schedule
