---METADATA---
HTTP_STATUS:200
TIME_TOTAL:3.591613
TIME_CONNECT:0.246998
SIZE_DOWNLOAD:1307
TIMESTAMP:2025-06-30 07:49:23 UTC
TRIGGER:schedule
