---METADATA---
HTTP_STATUS:200
TIME_TOTAL:3.307954
TIME_CONNECT:0.286738
SIZE_DOWNLOAD:1307
TIMESTAMP:2025-06-30 05:53:12 UTC
TRIGGER:schedule
