---METADATA---
HTTP_STATUS:200
TIME_TOTAL:1.141088
TIME_CONNECT:0.268100
SIZE_DOWNLOAD:1309
TIMESTAMP:2025-06-30 11:12:45 UTC
TRIGGER:schedule
