---METADATA---
HTTP_STATUS:200
TIME_TOTAL:3.316854
TIME_CONNECT:0.278433
SIZE_DOWNLOAD:1293
TIMESTAMP:2025-06-30 17:39:29 UTC
TRIGGER:schedule
