---METADATA---
HTTP_STATUS:200
TIME_TOTAL:3.394010
TIME_CONNECT:0.298933
SIZE_DOWNLOAD:1293
TIMESTAMP:2025-06-30 14:43:14 UTC
TRIGGER:schedule
