---METADATA---
HTTP_STATUS:200
TIME_TOTAL:1.071917
TIME_CONNECT:0.233148
SIZE_DOWNLOAD:1293
TIMESTAMP:2025-06-30 14:58:31 UTC
TRIGGER:schedule
