---METADATA---
HTTP_STATUS:200
TIME_TOTAL:1.305494
TIME_CONNECT:0.518315
SIZE_DOWNLOAD:1311
TIMESTAMP:2025-06-30 08:48:29 UTC
TRIGGER:schedule
