---METADATA---
HTTP_STATUS:200
TIME_TOTAL:3.492289
TIME_CONNECT:0.311081
SIZE_DOWNLOAD:1296
TIMESTAMP:2025-06-30 03:41:47 UTC
TRIGGER:schedule
