---METADATA---
HTTP_STATUS:200
TIME_TOTAL:1.106569
TIME_CONNECT:0.277060
SIZE_DOWNLOAD:1293
TIMESTAMP:2025-06-30 20:50:36 UTC
TRIGGER:schedule
