---METADATA---
HTTP_STATUS:200
TIME_TOTAL:3.679708
TIME_CONNECT:0.293764
SIZE_DOWNLOAD:1294
TIMESTAMP:2025-06-30 10:45:10 UTC
TRIGGER:schedule
