---METADATA---
HTTP_STATUS:200
TIME_TOTAL:3.841372
TIME_CONNECT:0.336812
SIZE_DOWNLOAD:1307
TIMESTAMP:2025-06-30 07:48:38 UTC
TRIGGER:schedule
