---METADATA---
HTTP_STATUS:200
TIME_TOTAL:3.419654
TIME_CONNECT:0.285088
SIZE_DOWNLOAD:1293
TIMESTAMP:2025-06-30 15:51:28 UTC
TRIGGER:schedule
