---METADATA---
HTTP_STATUS:200
TIME_TOTAL:3.169531
TIME_CONNECT:0.209486
SIZE_DOWNLOAD:1294
TIMESTAMP:2025-06-30 01:14:13 UTC
TRIGGER:schedule
