---METADATA---
HTTP_STATUS:200
TIME_TOTAL:3.280340
TIME_CONNECT:0.254568
SIZE_DOWNLOAD:1293
TIMESTAMP:2025-06-30 22:35:13 UTC
TRIGGER:schedule
