---METADATA---
HTTP_STATUS:200
TIME_TOTAL:3.370750
TIME_CONNECT:0.276944
SIZE_DOWNLOAD:1293
TIMESTAMP:2025-06-30 20:46:29 UTC
TRIGGER:schedule
