---METADATA---
HTTP_STATUS:200
TIME_TOTAL:3.426165
TIME_CONNECT:0.260286
SIZE_DOWNLOAD:1311
TIMESTAMP:2025-06-30 08:45:27 UTC
TRIGGER:schedule
