---METADATA---
HTTP_STATUS:200
TIME_TOTAL:3.570760
TIME_CONNECT:0.244415
SIZE_DOWNLOAD:1307
TIMESTAMP:2025-06-30 11:57:09 UTC
TRIGGER:schedule
