---METADATA---
HTTP_STATUS:200
TIME_TOTAL:3.229439
TIME_CONNECT:0.237484
SIZE_DOWNLOAD:1293
TIMESTAMP:2025-06-30 23:56:58 UTC
TRIGGER:schedule
