---METADATA---
HTTP_STATUS:200
TIME_TOTAL:3.543704
TIME_CONNECT:0.241522
SIZE_DOWNLOAD:1293
TIMESTAMP:2025-06-30 14:46:33 UTC
TRIGGER:schedule
