---METADATA---
HTTP_STATUS:200
TIME_TOTAL:1.002010
TIME_CONNECT:0.267645
SIZE_DOWNLOAD:1296
TIMESTAMP:2025-06-30 13:43:51 UTC
TRIGGER:schedule
