---METADATA---
HTTP_STATUS:200
TIME_TOTAL:3.224009
TIME_CONNECT:0.270582
SIZE_DOWNLOAD:1293
TIMESTAMP:2025-06-30 19:58:41 UTC
TRIGGER:schedule
