---METADATA---
HTTP_STATUS:200
TIME_TOTAL:3.471258
TIME_CONNECT:0.271614
SIZE_DOWNLOAD:1293
TIMESTAMP:2025-06-30 23:30:36 UTC
TRIGGER:schedule
