---METADATA---
HTTP_STATUS:200
TIME_TOTAL:3.573740
TIME_CONNECT:0.273542
SIZE_DOWNLOAD:1294
TIMESTAMP:2025-06-30 12:56:25 UTC
TRIGGER:schedule
