---METADATA---
HTTP_STATUS:200
TIME_TOTAL:3.339384
TIME_CONNECT:0.220789
SIZE_DOWNLOAD:1305
TIMESTAMP:2025-06-30 09:34:26 UTC
TRIGGER:schedule
