---METADATA---
HTTP_STATUS:200
TIME_TOTAL:3.191253
TIME_CONNECT:0.277553
SIZE_DOWNLOAD:1293
TIMESTAMP:2025-06-30 22:26:27 UTC
TRIGGER:schedule
