---METADATA---
HTTP_STATUS:200
TIME_TOTAL:3.542413
TIME_CONNECT:0.297430
SIZE_DOWNLOAD:1293
TIMESTAMP:2025-06-30 22:46:14 UTC
TRIGGER:schedule
