---METADATA---
HTTP_STATUS:200
TIME_TOTAL:3.382356
TIME_CONNECT:0.232435
SIZE_DOWNLOAD:1294
TIMESTAMP:2025-06-30 06:21:57 UTC
TRIGGER:schedule
