---METADATA---
HTTP_STATUS:200
TIME_TOTAL:3.465871
TIME_CONNECT:0.280019
SIZE_DOWNLOAD:1293
TIMESTAMP:2025-06-30 17:20:05 UTC
TRIGGER:schedule
