---METADATA---
HTTP_STATUS:200
TIME_TOTAL:3.327752
TIME_CONNECT:0.280234
SIZE_DOWNLOAD:1294
TIMESTAMP:2025-06-30 13:38:04 UTC
TRIGGER:schedule
