---METADATA---
HTTP_STATUS:200
TIME_TOTAL:3.648564
TIME_CONNECT:0.287517
SIZE_DOWNLOAD:1294
TIMESTAMP:2025-06-30 02:22:18 UTC
TRIGGER:schedule
