---METADATA---
HTTP_STATUS:200
TIME_TOTAL:3.383059
TIME_CONNECT:0.234724
SIZE_DOWNLOAD:1308
TIMESTAMP:2025-06-30 09:52:42 UTC
TRIGGER:schedule
