---METADATA---
HTTP_STATUS:200
TIME_TOTAL:3.720720
TIME_CONNECT:0.269461
SIZE_DOWNLOAD:1309
TIMESTAMP:2025-06-30 11:28:07 UTC
TRIGGER:schedule
