---METADATA---
HTTP_STATUS:200
TIME_TOTAL:3.490128
TIME_CONNECT:0.229035
SIZE_DOWNLOAD:1309
TIMESTAMP:2025-06-30 05:47:21 UTC
TRIGGER:schedule
