---METADATA---
HTTP_STATUS:200
TIME_TOTAL:3.291965
TIME_CONNECT:0.276231
SIZE_DOWNLOAD:1307
TIMESTAMP:2025-06-30 09:42:56 UTC
TRIGGER:schedule
