---METADATA---
HTTP_STATUS:200
TIME_TOTAL:3.335038
TIME_CONNECT:0.269309
SIZE_DOWNLOAD:1306
TIMESTAMP:2025-06-30 07:16:14 UTC
TRIGGER:schedule
