---METADATA---
HTTP_STATUS:200
TIME_TOTAL:3.656368
TIME_CONNECT:0.279645
SIZE_DOWNLOAD:1293
TIMESTAMP:2025-06-30 21:48:07 UTC
TRIGGER:schedule
