---METADATA---
HTTP_STATUS:200
TIME_TOTAL:3.346842
TIME_CONNECT:0.274969
SIZE_DOWNLOAD:1293
TIMESTAMP:2025-06-30 15:50:30 UTC
TRIGGER:schedule
