---METADATA---
HTTP_STATUS:200
TIME_TOTAL:3.065141
TIME_CONNECT:0.274970
SIZE_DOWNLOAD:1309
TIMESTAMP:2025-06-30 07:00:38 UTC
TRIGGER:schedule
