---METADATA---
HTTP_STATUS:200
TIME_TOTAL:3.332316
TIME_CONNECT:0.237439
SIZE_DOWNLOAD:1293
TIMESTAMP:2025-06-30 22:58:15 UTC
TRIGGER:schedule
