---METADATA---
HTTP_STATUS:200
TIME_TOTAL:3.220059
TIME_CONNECT:0.274825
SIZE_DOWNLOAD:1293
TIMESTAMP:2025-06-30 16:47:35 UTC
TRIGGER:schedule
