---METADATA---
HTTP_STATUS:200
TIME_TOTAL:3.264259
TIME_CONNECT:0.249343
SIZE_DOWNLOAD:1293
TIMESTAMP:2025-06-30 23:13:16 UTC
TRIGGER:schedule
