---METADATA---
HTTP_STATUS:200
TIME_TOTAL:3.312021
TIME_CONNECT:0.274470
SIZE_DOWNLOAD:1293
TIMESTAMP:2025-06-30 17:49:24 UTC
TRIGGER:schedule
