---METADATA---
HTTP_STATUS:200
TIME_TOTAL:3.364953
TIME_CONNECT:0.216803
SIZE_DOWNLOAD:1294
TIMESTAMP:2025-07-20 20:30:29 UTC
TRIGGER:schedule
