---METADATA---
HTTP_STATUS:200
TIME_TOTAL:3.360184
TIME_CONNECT:0.257779
SIZE_DOWNLOAD:1294
TIMESTAMP:2025-07-20 19:18:21 UTC
TRIGGER:schedule
