---METADATA---
HTTP_STATUS:200
TIME_TOTAL:3.245011
TIME_CONNECT:0.225947
SIZE_DOWNLOAD:1296
TIMESTAMP:2025-07-20 06:49:12 UTC
TRIGGER:schedule
