---METADATA---
HTTP_STATUS:200
TIME_TOTAL:3.578189
TIME_CONNECT:0.317176
SIZE_DOWNLOAD:1294
TIMESTAMP:2025-07-20 18:36:54 UTC
TRIGGER:schedule
