---METADATA---
HTTP_STATUS:200
TIME_TOTAL:3.367415
TIME_CONNECT:0.229330
SIZE_DOWNLOAD:1132
TIMESTAMP:2025-07-20 11:34:50 UTC
TRIGGER:schedule
