---METADATA---
HTTP_STATUS:200
TIME_TOTAL:1.059622
TIME_CONNECT:0.209280
SIZE_DOWNLOAD:1294
TIMESTAMP:2025-07-20 23:33:18 UTC
TRIGGER:schedule
