---METADATA---
HTTP_STATUS:200
TIME_TOTAL:3.569653
TIME_CONNECT:0.327244
SIZE_DOWNLOAD:1294
TIMESTAMP:2025-07-20 20:52:09 UTC
TRIGGER:schedule
