---METADATA---
HTTP_STATUS:200
TIME_TOTAL:3.486930
TIME_CONNECT:0.277462
SIZE_DOWNLOAD:1296
TIMESTAMP:2025-07-20 05:44:34 UTC
TRIGGER:schedule
