---METADATA---
HTTP_STATUS:200
TIME_TOTAL:3.480140
TIME_CONNECT:0.288419
SIZE_DOWNLOAD:1296
TIMESTAMP:2025-07-20 06:38:41 UTC
TRIGGER:schedule
