---METADATA---
HTTP_STATUS:200
TIME_TOTAL:3.574168
TIME_CONNECT:0.272141
SIZE_DOWNLOAD:1294
TIMESTAMP:2025-07-20 02:35:32 UTC
TRIGGER:schedule
