---METADATA---
HTTP_STATUS:200
TIME_TOTAL:3.429291
TIME_CONNECT:0.264381
SIZE_DOWNLOAD:1308
TIMESTAMP:2025-07-20 06:20:08 UTC
TRIGGER:schedule
