---METADATA---
HTTP_STATUS:200
TIME_TOTAL:3.366319
TIME_CONNECT:0.242223
SIZE_DOWNLOAD:1294
TIMESTAMP:2025-07-20 18:55:05 UTC
TRIGGER:schedule
