---METADATA---
HTTP_STATUS:200
TIME_TOTAL:3.530808
TIME_CONNECT:0.293742
SIZE_DOWNLOAD:1294
TIMESTAMP:2025-07-20 16:16:37 UTC
TRIGGER:schedule
