---METADATA---
HTTP_STATUS:200
TIME_TOTAL:1.022356
TIME_CONNECT:0.280305
SIZE_DOWNLOAD:1294
TIMESTAMP:2025-07-20 23:50:29 UTC
TRIGGER:schedule
