---METADATA---
HTTP_STATUS:200
TIME_TOTAL:3.559748
TIME_CONNECT:0.314817
SIZE_DOWNLOAD:1294
TIMESTAMP:2025-07-20 13:52:28 UTC
TRIGGER:schedule
