---METADATA---
HTTP_STATUS:200
TIME_TOTAL:3.209904
TIME_CONNECT:0.244008
SIZE_DOWNLOAD:1294
TIMESTAMP:2025-07-20 21:49:33 UTC
TRIGGER:schedule
