---METADATA---
HTTP_STATUS:200
TIME_TOTAL:3.444965
TIME_CONNECT:0.264219
SIZE_DOWNLOAD:1294
TIMESTAMP:2025-07-20 15:13:43 UTC
TRIGGER:schedule
