---METADATA---
HTTP_STATUS:200
TIME_TOTAL:3.530632
TIME_CONNECT:0.268433
SIZE_DOWNLOAD:1294
TIMESTAMP:2025-07-20 14:33:53 UTC
TRIGGER:schedule
