---METADATA---
HTTP_STATUS:200
TIME_TOTAL:3.506070
TIME_CONNECT:0.268155
SIZE_DOWNLOAD:1132
TIMESTAMP:2025-07-20 10:30:08 UTC
TRIGGER:schedule
