---METADATA---
HTTP_STATUS:200
TIME_TOTAL:3.364925
TIME_CONNECT:0.226024
SIZE_DOWNLOAD:1294
TIMESTAMP:2025-07-20 22:27:12 UTC
TRIGGER:schedule
