---METADATA---
HTTP_STATUS:200
TIME_TOTAL:1.075320
TIME_CONNECT:0.232404
SIZE_DOWNLOAD:1296
TIMESTAMP:2025-07-20 07:30:20 UTC
TRIGGER:schedule
