---METADATA---
HTTP_STATUS:200
TIME_TOTAL:1.104223
TIME_CONNECT:0.263787
SIZE_DOWNLOAD:1132
TIMESTAMP:2025-07-20 09:24:14 UTC
TRIGGER:schedule
