---METADATA---
HTTP_STATUS:200
TIME_TOTAL:3.624301
TIME_CONNECT:0.285216
SIZE_DOWNLOAD:1132
TIMESTAMP:2025-07-20 09:42:55 UTC
TRIGGER:schedule
