---METADATA---
HTTP_STATUS:200
TIME_TOTAL:3.633364
TIME_CONNECT:0.289469
SIZE_DOWNLOAD:1294
TIMESTAMP:2025-07-20 18:19:00 UTC
TRIGGER:schedule
