---METADATA---
HTTP_STATUS:200
TIME_TOTAL:3.555496
TIME_CONNECT:0.272659
SIZE_DOWNLOAD:1132
TIMESTAMP:2025-07-20 08:57:18 UTC
TRIGGER:schedule
