---METADATA---
HTTP_STATUS:200
TIME_TOTAL:3.392538
TIME_CONNECT:0.361704
SIZE_DOWNLOAD:1132
TIMESTAMP:2025-07-20 11:27:46 UTC
TRIGGER:schedule
