---METADATA---
HTTP_STATUS:200
TIME_TOTAL:3.509507
TIME_CONNECT:0.288013
SIZE_DOWNLOAD:1294
TIMESTAMP:2025-07-20 22:35:47 UTC
TRIGGER:schedule
