---METADATA---
HTTP_STATUS:200
TIME_TOTAL:3.470848
TIME_CONNECT:0.248786
SIZE_DOWNLOAD:1132
TIMESTAMP:2025-07-20 10:51:58 UTC
TRIGGER:schedule
