---METADATA---
HTTP_STATUS:200
TIME_TOTAL:3.414844
TIME_CONNECT:0.252735
SIZE_DOWNLOAD:1132
TIMESTAMP:2025-07-20 08:55:05 UTC
TRIGGER:schedule
