---METADATA---
HTTP_STATUS:200
TIME_TOTAL:3.804572
TIME_CONNECT:0.564486
SIZE_DOWNLOAD:1132
TIMESTAMP:2025-07-20 11:19:31 UTC
TRIGGER:schedule
