---METADATA---
HTTP_STATUS:200
TIME_TOTAL:3.442973
TIME_CONNECT:0.279237
SIZE_DOWNLOAD:1294
TIMESTAMP:2025-07-20 19:25:49 UTC
TRIGGER:schedule
