---METADATA---
HTTP_STATUS:200
TIME_TOTAL:3.566298
TIME_CONNECT:0.277325
SIZE_DOWNLOAD:1132
TIMESTAMP:2025-07-20 09:39:33 UTC
TRIGGER:schedule
