---METADATA---
HTTP_STATUS:200
TIME_TOTAL:3.168020
TIME_CONNECT:0.279972
SIZE_DOWNLOAD:1294
TIMESTAMP:2025-07-20 23:45:33 UTC
TRIGGER:schedule
