---METADATA---
HTTP_STATUS:200
TIME_TOTAL:3.480469
TIME_CONNECT:0.282659
SIZE_DOWNLOAD:1132
TIMESTAMP:2025-07-20 09:56:47 UTC
TRIGGER:schedule
