---METADATA---
HTTP_STATUS:200
TIME_TOTAL:3.595601
TIME_CONNECT:0.238194
SIZE_DOWNLOAD:1132
TIMESTAMP:2025-07-20 10:41:18 UTC
TRIGGER:schedule
