---METADATA---
HTTP_STATUS:200
TIME_TOTAL:3.392933
TIME_CONNECT:0.222094
SIZE_DOWNLOAD:1132
TIMESTAMP:2025-07-20 11:46:58 UTC
TRIGGER:schedule
