---METADATA---
HTTP_STATUS:200
TIME_TOTAL:3.473367
TIME_CONNECT:0.274093
SIZE_DOWNLOAD:1294
TIMESTAMP:2025-07-20 16:32:51 UTC
TRIGGER:schedule
