---METADATA---
HTTP_STATUS:200
TIME_TOTAL:3.594426
TIME_CONNECT:0.272876
SIZE_DOWNLOAD:1294
TIMESTAMP:2025-07-20 15:57:20 UTC
TRIGGER:schedule
