---METADATA---
HTTP_STATUS:200
TIME_TOTAL:3.365882
TIME_CONNECT:0.247924
SIZE_DOWNLOAD:1294
TIMESTAMP:2025-07-20 22:51:28 UTC
TRIGGER:schedule
