---METADATA---
HTTP_STATUS:200
TIME_TOTAL:3.451265
TIME_CONNECT:0.268423
SIZE_DOWNLOAD:1132
TIMESTAMP:2025-07-20 08:44:45 UTC
TRIGGER:schedule
