---METADATA---
HTTP_STATUS:200
TIME_TOTAL:3.479012
TIME_CONNECT:0.275951
SIZE_DOWNLOAD:1296
TIMESTAMP:2025-07-20 07:13:00 UTC
TRIGGER:schedule
