---METADATA---
HTTP_STATUS:200
TIME_TOTAL:3.433079
TIME_CONNECT:0.283668
SIZE_DOWNLOAD:1294
TIMESTAMP:2025-07-20 21:30:48 UTC
TRIGGER:schedule
