---METADATA---
HTTP_STATUS:200
TIME_TOTAL:3.364141
TIME_CONNECT:0.282218
SIZE_DOWNLOAD:1294
TIMESTAMP:2025-07-20 19:58:44 UTC
TRIGGER:schedule
