---METADATA---
HTTP_STATUS:200
TIME_TOTAL:3.541610
TIME_CONNECT:0.237175
SIZE_DOWNLOAD:1294
TIMESTAMP:2025-07-20 13:53:55 UTC
TRIGGER:schedule
