---METADATA---
HTTP_STATUS:200
TIME_TOTAL:3.452604
TIME_CONNECT:0.279509
SIZE_DOWNLOAD:1296
TIMESTAMP:2025-07-20 01:20:23 UTC
TRIGGER:schedule
