---METADATA---
HTTP_STATUS:200
TIME_TOTAL:3.441552
TIME_CONNECT:0.278886
SIZE_DOWNLOAD:1132
TIMESTAMP:2025-07-20 12:55:15 UTC
TRIGGER:schedule
