---METADATA---
HTTP_STATUS:200
TIME_TOTAL:3.586347
TIME_CONNECT:0.323663
SIZE_DOWNLOAD:1294
TIMESTAMP:2025-07-20 14:56:58 UTC
TRIGGER:schedule
