---METADATA---
HTTP_STATUS:200
TIME_TOTAL:3.457935
TIME_CONNECT:0.279387
SIZE_DOWNLOAD:1294
TIMESTAMP:2025-07-20 19:11:01 UTC
TRIGGER:schedule
