---METADATA---
HTTP_STATUS:200
TIME_TOTAL:3.378859
TIME_CONNECT:0.276061
SIZE_DOWNLOAD:1296
TIMESTAMP:2025-07-20 04:25:54 UTC
TRIGGER:schedule
