---METADATA---
HTTP_STATUS:200
TIME_TOTAL:3.569202
TIME_CONNECT:0.235191
SIZE_DOWNLOAD:1294
TIMESTAMP:2025-07-20 14:50:14 UTC
TRIGGER:schedule
