---METADATA---
HTTP_STATUS:200
TIME_TOTAL:3.452660
TIME_CONNECT:0.256080
SIZE_DOWNLOAD:1294
TIMESTAMP:2025-07-20 13:41:40 UTC
TRIGGER:schedule
