---METADATA---
HTTP_STATUS:200
TIME_TOTAL:3.428682
TIME_CONNECT:0.286628
SIZE_DOWNLOAD:1294
TIMESTAMP:2025-07-20 19:48:17 UTC
TRIGGER:schedule
