---METADATA---
HTTP_STATUS:200
TIME_TOTAL:3.504241
TIME_CONNECT:0.308787
SIZE_DOWNLOAD:1132
TIMESTAMP:2025-07-20 10:14:49 UTC
TRIGGER:schedule
