---METADATA---
HTTP_STATUS:200
TIME_TOTAL:3.565231
TIME_CONNECT:0.273816
SIZE_DOWNLOAD:1309
TIMESTAMP:2025-07-20 05:57:09 UTC
TRIGGER:schedule
