---METADATA---
HTTP_STATUS:200
TIME_TOTAL:3.503451
TIME_CONNECT:0.314221
SIZE_DOWNLOAD:1296
TIMESTAMP:2025-07-20 06:56:48 UTC
TRIGGER:schedule
