---METADATA---
HTTP_STATUS:200
TIME_TOTAL:3.225699
TIME_CONNECT:0.225820
SIZE_DOWNLOAD:1294
TIMESTAMP:2025-07-20 20:50:41 UTC
TRIGGER:schedule
