---METADATA---
HTTP_STATUS:200
TIME_TOTAL:3.598807
TIME_CONNECT:0.288149
SIZE_DOWNLOAD:1294
TIMESTAMP:2025-07-20 17:56:49 UTC
TRIGGER:schedule
