---METADATA---
HTTP_STATUS:200
TIME_TOTAL:3.273699
TIME_CONNECT:0.237358
SIZE_DOWNLOAD:1132
TIMESTAMP:2025-07-20 10:53:20 UTC
TRIGGER:schedule
