---METADATA---
HTTP_STATUS:200
TIME_TOTAL:3.600374
TIME_CONNECT:0.267805
SIZE_DOWNLOAD:1294
TIMESTAMP:2025-07-20 21:13:08 UTC
TRIGGER:schedule
