---METADATA---
HTTP_STATUS:200
TIME_TOTAL:1.149783
TIME_CONNECT:0.280935
SIZE_DOWNLOAD:1294
TIMESTAMP:2025-07-20 19:30:57 UTC
TRIGGER:schedule
