---METADATA---
HTTP_STATUS:200
TIME_TOTAL:3.421772
TIME_CONNECT:0.233231
SIZE_DOWNLOAD:1294
TIMESTAMP:2025-07-20 17:12:15 UTC
TRIGGER:schedule
