---METADATA---
HTTP_STATUS:200
TIME_TOTAL:3.388864
TIME_CONNECT:0.295161
SIZE_DOWNLOAD:1294
TIMESTAMP:2025-07-20 21:41:44 UTC
TRIGGER:schedule
