---METADATA---
HTTP_STATUS:200
TIME_TOTAL:3.556926
TIME_CONNECT:0.285607
SIZE_DOWNLOAD:1294
TIMESTAMP:2025-07-20 22:46:55 UTC
TRIGGER:schedule
