---METADATA---
HTTP_STATUS:200
TIME_TOTAL:3.433458
TIME_CONNECT:0.237739
SIZE_DOWNLOAD:1132
TIMESTAMP:2025-07-20 11:12:06 UTC
TRIGGER:schedule
