---METADATA---
HTTP_STATUS:200
TIME_TOTAL:3.571041
TIME_CONNECT:0.246339
SIZE_DOWNLOAD:1307
TIMESTAMP:2025-07-20 05:48:35 UTC
TRIGGER:schedule
