---METADATA---
HTTP_STATUS:200
TIME_TOTAL:3.471971
TIME_CONNECT:0.348245
SIZE_DOWNLOAD:1294
TIMESTAMP:2025-07-20 03:21:14 UTC
TRIGGER:schedule
