---METADATA---
HTTP_STATUS:200
TIME_TOTAL:3.324450
TIME_CONNECT:0.237232
SIZE_DOWNLOAD:1132
TIMESTAMP:2025-07-20 08:17:55 UTC
TRIGGER:schedule
