---METADATA---
HTTP_STATUS:200
TIME_TOTAL:3.492964
TIME_CONNECT:0.286601
SIZE_DOWNLOAD:1294
TIMESTAMP:2025-07-20 15:49:47 UTC
TRIGGER:schedule
