---METADATA---
HTTP_STATUS:200
TIME_TOTAL:3.443288
TIME_CONNECT:0.278954
SIZE_DOWNLOAD:1294
TIMESTAMP:2025-07-20 21:21:54 UTC
TRIGGER:schedule
