---METADATA---
HTTP_STATUS:200
TIME_TOTAL:3.431553
TIME_CONNECT:0.274531
SIZE_DOWNLOAD:1294
TIMESTAMP:2025-07-20 14:12:45 UTC
TRIGGER:schedule
