---METADATA---
HTTP_STATUS:200
TIME_TOTAL:3.451589
TIME_CONNECT:0.272405
SIZE_DOWNLOAD:1296
TIMESTAMP:2025-07-20 04:48:29 UTC
TRIGGER:schedule
