---METADATA---
HTTP_STATUS:200
TIME_TOTAL:1.174040
TIME_CONNECT:0.284953
SIZE_DOWNLOAD:1294
TIMESTAMP:2025-07-20 19:36:09 UTC
TRIGGER:schedule
