---METADATA---
HTTP_STATUS:200
TIME_TOTAL:3.444751
TIME_CONNECT:0.273691
SIZE_DOWNLOAD:1294
TIMESTAMP:2025-07-20 21:56:59 UTC
TRIGGER:schedule
