---METADATA---
HTTP_STATUS:200
TIME_TOTAL:3.393427
TIME_CONNECT:0.241853
SIZE_DOWNLOAD:1294
TIMESTAMP:2025-07-20 20:15:46 UTC
TRIGGER:schedule
