---METADATA---
HTTP_STATUS:200
TIME_TOTAL:3.438654
TIME_CONNECT:0.299627
SIZE_DOWNLOAD:1132
TIMESTAMP:2025-07-20 08:33:38 UTC
TRIGGER:schedule
