---METADATA---
HTTP_STATUS:200
TIME_TOTAL:3.373228
TIME_CONNECT:0.276696
SIZE_DOWNLOAD:1132
TIMESTAMP:2025-07-20 09:49:31 UTC
TRIGGER:schedule
