---METADATA---
HTTP_STATUS:200
TIME_TOTAL:3.363125
TIME_CONNECT:0.249998
SIZE_DOWNLOAD:1307
TIMESTAMP:2025-07-20 13:33:40 UTC
TRIGGER:schedule
