---METADATA---
HTTP_STATUS:200
TIME_TOTAL:3.274799
TIME_CONNECT:0.239229
SIZE_DOWNLOAD:1294
TIMESTAMP:2025-07-20 23:14:47 UTC
TRIGGER:schedule
