---METADATA---
HTTP_STATUS:200
TIME_TOTAL:3.511163
TIME_CONNECT:0.247101
SIZE_DOWNLOAD:1294
TIMESTAMP:2025-07-20 17:32:15 UTC
TRIGGER:schedule
