---METADATA---
HTTP_STATUS:200
TIME_TOTAL:3.361110
TIME_CONNECT:0.277900
SIZE_DOWNLOAD:1308
TIMESTAMP:2025-07-20 04:58:37 UTC
TRIGGER:schedule
