---METADATA---
HTTP_STATUS:200
TIME_TOTAL:3.480802
TIME_CONNECT:0.235878
SIZE_DOWNLOAD:1294
TIMESTAMP:2025-07-20 17:20:30 UTC
TRIGGER:schedule
