---METADATA---
HTTP_STATUS:200
TIME_TOTAL:3.482987
TIME_CONNECT:0.272851
SIZE_DOWNLOAD:1294
TIMESTAMP:2025-07-20 14:21:22 UTC
TRIGGER:schedule
