---METADATA---
HTTP_STATUS:200
TIME_TOTAL:3.434156
TIME_CONNECT:0.266589
SIZE_DOWNLOAD:1294
TIMESTAMP:2025-07-20 15:44:27 UTC
TRIGGER:schedule
