---METADATA---
HTTP_STATUS:200
TIME_TOTAL:3.298994
TIME_CONNECT:0.242595
SIZE_DOWNLOAD:1132
TIMESTAMP:2025-07-20 11:58:56 UTC
TRIGGER:schedule
