---METADATA---
HTTP_STATUS:200
TIME_TOTAL:3.542414
TIME_CONNECT:0.321583
SIZE_DOWNLOAD:1294
TIMESTAMP:2025-07-20 23:57:26 UTC
TRIGGER:schedule
