---METADATA---
HTTP_STATUS:200
TIME_TOTAL:3.396251
TIME_CONNECT:0.280661
SIZE_DOWNLOAD:1294
TIMESTAMP:2025-07-20 16:46:06 UTC
TRIGGER:schedule
