---METADATA---
HTTP_STATUS:200
TIME_TOTAL:3.391170
TIME_CONNECT:0.241159
SIZE_DOWNLOAD:1294
TIMESTAMP:2025-07-20 20:41:17 UTC
TRIGGER:schedule
