---METADATA---
HTTP_STATUS:200
TIME_TOTAL:3.516740
TIME_CONNECT:0.292177
SIZE_DOWNLOAD:1309
TIMESTAMP:2025-07-20 03:57:14 UTC
TRIGGER:schedule
