---METADATA---
HTTP_STATUS:200
TIME_TOTAL:1.066814
TIME_CONNECT:0.279911
SIZE_DOWNLOAD:1132
TIMESTAMP:2025-07-20 11:48:17 UTC
TRIGGER:schedule
