---METADATA---
HTTP_STATUS:200
TIME_TOTAL:3.590810
TIME_CONNECT:0.281237
SIZE_DOWNLOAD:1292
TIMESTAMP:2025-07-20 07:49:11 UTC
TRIGGER:schedule
