---METADATA---
HTTP_STATUS:200
TIME_TOTAL:3.536437
TIME_CONNECT:0.296144
SIZE_DOWNLOAD:1294
TIMESTAMP:2025-07-20 17:44:01 UTC
TRIGGER:schedule
