---METADATA---
HTTP_STATUS:200
TIME_TOTAL:3.654932
TIME_CONNECT:0.279820
SIZE_DOWNLOAD:1294
TIMESTAMP:2025-07-20 07:57:01 UTC
TRIGGER:schedule
