---METADATA---
HTTP_STATUS:200
TIME_TOTAL:3.684201
TIME_CONNECT:0.278101
SIZE_DOWNLOAD:1309
TIMESTAMP:2025-07-20 07:41:11 UTC
TRIGGER:schedule
