---METADATA---
HTTP_STATUS:200
TIME_TOTAL:3.580175
TIME_CONNECT:0.269691
SIZE_DOWNLOAD:1294
TIMESTAMP:2025-07-20 14:44:03 UTC
TRIGGER:schedule
