---METADATA---
HTTP_STATUS:200
TIME_TOTAL:3.209459
TIME_CONNECT:0.240609
SIZE_DOWNLOAD:1294
TIMESTAMP:2025-07-20 16:53:48 UTC
TRIGGER:schedule
