---METADATA---
HTTP_STATUS:200
TIME_TOTAL:3.656935
TIME_CONNECT:0.307693
SIZE_DOWNLOAD:1296
TIMESTAMP:2025-07-20 07:25:21 UTC
TRIGGER:schedule
