---METADATA---
HTTP_STATUS:200
TIME_TOTAL:3.438049
TIME_CONNECT:0.295086
SIZE_DOWNLOAD:1294
TIMESTAMP:2025-07-20 17:50:50 UTC
TRIGGER:schedule
