---METADATA---
HTTP_STATUS:200
TIME_TOTAL:3.510207
TIME_CONNECT:0.262998
SIZE_DOWNLOAD:1294
TIMESTAMP:2025-07-20 22:13:38 UTC
TRIGGER:schedule
