---METADATA---
HTTP_STATUS:200
TIME_TOTAL:3.484295
TIME_CONNECT:0.320410
SIZE_DOWNLOAD:1294
TIMESTAMP:2025-07-20 23:28:12 UTC
TRIGGER:schedule
