---METADATA---
HTTP_STATUS:200
TIME_TOTAL:3.392607
TIME_CONNECT:0.294357
SIZE_DOWNLOAD:1132
TIMESTAMP:2025-07-20 13:07:22 UTC
TRIGGER:schedule
