---METADATA---
HTTP_STATUS:200
TIME_TOTAL:3.396927
TIME_CONNECT:0.271081
SIZE_DOWNLOAD:1132
TIMESTAMP:2025-07-20 11:38:55 UTC
TRIGGER:schedule
