---METADATA---
HTTP_STATUS:200
TIME_TOTAL:3.501647
TIME_CONNECT:0.254208
SIZE_DOWNLOAD:1294
TIMESTAMP:2025-07-20 19:46:57 UTC
TRIGGER:schedule
