---METADATA---
HTTP_STATUS:200
TIME_TOTAL:3.402256
TIME_CONNECT:0.270422
SIZE_DOWNLOAD:1294
TIMESTAMP:2025-07-20 22:58:47 UTC
TRIGGER:schedule
