---METADATA---
HTTP_STATUS:200
TIME_TOTAL:3.433748
TIME_CONNECT:0.252192
SIZE_DOWNLOAD:1294
TIMESTAMP:2025-07-20 15:27:18 UTC
TRIGGER:schedule
