---METADATA---
HTTP_STATUS:200
TIME_TOTAL:3.416472
TIME_CONNECT:0.291457
SIZE_DOWNLOAD:1132
TIMESTAMP:2025-07-20 09:19:07 UTC
TRIGGER:schedule
