---METADATA---
HTTP_STATUS:200
TIME_TOTAL:3.586905
TIME_CONNECT:0.280185
SIZE_DOWNLOAD:1132
TIMESTAMP:2025-07-20 12:27:34 UTC
TRIGGER:schedule
