---METADATA---
HTTP_STATUS:200
TIME_TOTAL:3.194637
TIME_CONNECT:0.226519
SIZE_DOWNLOAD:1309
TIMESTAMP:2025-07-20 05:27:51 UTC
TRIGGER:schedule
