---METADATA---
HTTP_STATUS:200
TIME_TOTAL:3.521827
TIME_CONNECT:0.261205
SIZE_DOWNLOAD:1294
TIMESTAMP:2025-07-20 15:32:53 UTC
TRIGGER:schedule
