---METADATA---
HTTP_STATUS:200
TIME_TOTAL:3.473457
TIME_CONNECT:0.278050
SIZE_DOWNLOAD:1294
TIMESTAMP:2025-07-20 18:48:20 UTC
TRIGGER:schedule
