---METADATA---
HTTP_STATUS:200
TIME_TOTAL:3.444861
TIME_CONNECT:0.281544
SIZE_DOWNLOAD:1311
TIMESTAMP:2025-07-20 05:15:29 UTC
TRIGGER:schedule
