---METADATA---
HTTP_STATUS:200
TIME_TOTAL:3.635190
TIME_CONNECT:0.277350
SIZE_DOWNLOAD:1309
TIMESTAMP:2025-07-29 08:20:47 UTC
TRIGGER:schedule
