---METADATA---
HTTP_STATUS:200
TIME_TOTAL:3.445988
TIME_CONNECT:0.273330
SIZE_DOWNLOAD:1294
TIMESTAMP:2025-07-29 08:53:25 UTC
TRIGGER:schedule
