---METADATA---
HTTP_STATUS:200
TIME_TOTAL:3.344535
TIME_CONNECT:0.271759
SIZE_DOWNLOAD:1294
TIMESTAMP:2025-07-29 09:46:47 UTC
TRIGGER:schedule
