---METADATA---
HTTP_STATUS:200
TIME_TOTAL:3.476043
TIME_CONNECT:0.269668
SIZE_DOWNLOAD:1307
TIMESTAMP:2025-07-29 23:44:08 UTC
TRIGGER:schedule
