---METADATA---
HTTP_STATUS:200
TIME_TOTAL:3.474221
TIME_CONNECT:0.277678
SIZE_DOWNLOAD:1307
TIMESTAMP:2025-07-29 20:43:53 UTC
TRIGGER:schedule
