---METADATA---
HTTP_STATUS:200
TIME_TOTAL:3.409476
TIME_CONNECT:0.278616
SIZE_DOWNLOAD:1307
TIMESTAMP:2025-07-29 14:28:13 UTC
TRIGGER:schedule
