---METADATA---
HTTP_STATUS:200
TIME_TOTAL:3.451626
TIME_CONNECT:0.277114
SIZE_DOWNLOAD:1294
TIMESTAMP:2025-07-29 13:02:13 UTC
TRIGGER:schedule
