---METADATA---
HTTP_STATUS:200
TIME_TOTAL:1.032213
TIME_CONNECT:0.276139
SIZE_DOWNLOAD:1307
TIMESTAMP:2025-07-29 22:53:50 UTC
TRIGGER:schedule
