---METADATA---
HTTP_STATUS:200
TIME_TOTAL:3.565236
TIME_CONNECT:0.275001
SIZE_DOWNLOAD:1307
TIMESTAMP:2025-07-29 17:45:44 UTC
TRIGGER:schedule
