---METADATA---
HTTP_STATUS:200
TIME_TOTAL:3.439037
TIME_CONNECT:0.293861
SIZE_DOWNLOAD:1307
TIMESTAMP:2025-07-29 18:22:21 UTC
TRIGGER:schedule
