---METADATA---
HTTP_STATUS:200
TIME_TOTAL:3.596051
TIME_CONNECT:0.269932
SIZE_DOWNLOAD:1296
TIMESTAMP:2025-07-29 07:57:32 UTC
TRIGGER:schedule
