---METADATA---
HTTP_STATUS:200
TIME_TOTAL:3.421546
TIME_CONNECT:0.288614
SIZE_DOWNLOAD:1294
TIMESTAMP:2025-07-29 01:22:31 UTC
TRIGGER:schedule
