---METADATA---
HTTP_STATUS:200
TIME_TOTAL:3.511439
TIME_CONNECT:0.278727
SIZE_DOWNLOAD:1307
TIMESTAMP:2025-07-29 14:50:19 UTC
TRIGGER:schedule
