---METADATA---
HTTP_STATUS:200
TIME_TOTAL:3.462485
TIME_CONNECT:0.283125
SIZE_DOWNLOAD:1307
TIMESTAMP:2025-07-29 16:58:55 UTC
TRIGGER:schedule
