---METADATA---
HTTP_STATUS:200
TIME_TOTAL:3.472952
TIME_CONNECT:0.230725
SIZE_DOWNLOAD:1294
TIMESTAMP:2025-07-29 11:30:50 UTC
TRIGGER:schedule
