---METADATA---
HTTP_STATUS:200
TIME_TOTAL:3.687983
TIME_CONNECT:0.274550
SIZE_DOWNLOAD:1311
TIMESTAMP:2025-07-29 04:30:38 UTC
TRIGGER:schedule
