---METADATA---
HTTP_STATUS:200
TIME_TOTAL:3.435159
TIME_CONNECT:0.282647
SIZE_DOWNLOAD:1307
TIMESTAMP:2025-07-29 16:18:32 UTC
TRIGGER:schedule
