---METADATA---
HTTP_STATUS:200
TIME_TOTAL:3.378498
TIME_CONNECT:0.290563
SIZE_DOWNLOAD:1307
TIMESTAMP:2025-07-29 22:40:37 UTC
TRIGGER:schedule
