---METADATA---
HTTP_STATUS:200
TIME_TOTAL:3.618778
TIME_CONNECT:0.241025
SIZE_DOWNLOAD:1294
TIMESTAMP:2025-07-29 09:00:49 UTC
TRIGGER:schedule
