---METADATA---
HTTP_STATUS:200
TIME_TOTAL:3.185536
TIME_CONNECT:0.298191
SIZE_DOWNLOAD:1307
TIMESTAMP:2025-07-29 21:44:25 UTC
TRIGGER:schedule
