---METADATA---
HTTP_STATUS:200
TIME_TOTAL:3.342952
TIME_CONNECT:0.302561
SIZE_DOWNLOAD:1307
TIMESTAMP:2025-07-29 20:32:42 UTC
TRIGGER:schedule
