---METADATA---
HTTP_STATUS:200
TIME_TOTAL:3.360764
TIME_CONNECT:0.291849
SIZE_DOWNLOAD:1307
TIMESTAMP:2025-07-29 20:53:44 UTC
TRIGGER:schedule
