---METADATA---
HTTP_STATUS:200
TIME_TOTAL:3.593162
TIME_CONNECT:0.269155
SIZE_DOWNLOAD:1307
TIMESTAMP:2025-07-29 08:39:09 UTC
TRIGGER:schedule
