---METADATA---
HTTP_STATUS:200
TIME_TOTAL:3.372294
TIME_CONNECT:0.269301
SIZE_DOWNLOAD:1307
TIMESTAMP:2025-07-29 22:29:30 UTC
TRIGGER:schedule
