---METADATA---
HTTP_STATUS:200
TIME_TOTAL:3.414816
TIME_CONNECT:0.239015
SIZE_DOWNLOAD:1292
TIMESTAMP:2025-07-29 03:24:30 UTC
TRIGGER:schedule
