---METADATA---
HTTP_STATUS:200
TIME_TOTAL:3.408623
TIME_CONNECT:0.243107
SIZE_DOWNLOAD:1307
TIMESTAMP:2025-07-29 18:37:52 UTC
TRIGGER:schedule
