---METADATA---
HTTP_STATUS:200
TIME_TOTAL:3.421964
TIME_CONNECT:0.236683
SIZE_DOWNLOAD:1294
TIMESTAMP:2025-07-29 11:42:51 UTC
TRIGGER:schedule
