---METADATA---
HTTP_STATUS:200
TIME_TOTAL:3.139123
TIME_CONNECT:0.279725
SIZE_DOWNLOAD:1307
TIMESTAMP:2025-07-29 23:51:06 UTC
TRIGGER:schedule
