---METADATA---
HTTP_STATUS:200
TIME_TOTAL:3.377012
TIME_CONNECT:0.282652
SIZE_DOWNLOAD:1307
TIMESTAMP:2025-07-29 04:56:10 UTC
TRIGGER:schedule
