---METADATA---
HTTP_STATUS:200
TIME_TOTAL:3.836185
TIME_CONNECT:0.275619
SIZE_DOWNLOAD:1294
TIMESTAMP:2025-07-29 11:12:57 UTC
TRIGGER:schedule
