---METADATA---
HTTP_STATUS:200
TIME_TOTAL:3.770764
TIME_CONNECT:0.285832
SIZE_DOWNLOAD:1294
TIMESTAMP:2025-07-29 10:47:30 UTC
TRIGGER:schedule
