---METADATA---
HTTP_STATUS:200
TIME_TOTAL:3.462388
TIME_CONNECT:0.286216
SIZE_DOWNLOAD:1307
TIMESTAMP:2025-07-29 17:31:53 UTC
TRIGGER:schedule
