---METADATA---
HTTP_STATUS:200
TIME_TOTAL:3.456580
TIME_CONNECT:0.272073
SIZE_DOWNLOAD:1294
TIMESTAMP:2025-07-29 09:38:18 UTC
TRIGGER:schedule
