---METADATA---
HTTP_STATUS:200
TIME_TOTAL:1.137786
TIME_CONNECT:0.277990
SIZE_DOWNLOAD:1307
TIMESTAMP:2025-07-29 21:57:08 UTC
TRIGGER:schedule
