---METADATA---
HTTP_STATUS:200
TIME_TOTAL:3.494279
TIME_CONNECT:0.266859
SIZE_DOWNLOAD:1307
TIMESTAMP:2025-07-29 19:01:10 UTC
TRIGGER:schedule
