---METADATA---
HTTP_STATUS:200
TIME_TOTAL:3.536020
TIME_CONNECT:0.318325
SIZE_DOWNLOAD:1294
TIMESTAMP:2025-07-29 09:55:38 UTC
TRIGGER:schedule
