---METADATA---
HTTP_STATUS:200
TIME_TOTAL:3.413407
TIME_CONNECT:0.287724
SIZE_DOWNLOAD:1307
TIMESTAMP:2025-07-29 19:39:09 UTC
TRIGGER:schedule
