---METADATA---
HTTP_STATUS:200
TIME_TOTAL:3.507869
TIME_CONNECT:0.233993
SIZE_DOWNLOAD:1307
TIMESTAMP:2025-07-29 06:54:43 UTC
TRIGGER:schedule
