---METADATA---
HTTP_STATUS:200
TIME_TOTAL:3.388916
TIME_CONNECT:0.270659
SIZE_DOWNLOAD:1307
TIMESTAMP:2025-07-29 15:50:59 UTC
TRIGGER:schedule
