---METADATA---
HTTP_STATUS:200
TIME_TOTAL:3.410136
TIME_CONNECT:0.300835
SIZE_DOWNLOAD:1307
TIMESTAMP:2025-07-29 19:44:55 UTC
TRIGGER:schedule
