---METADATA---
HTTP_STATUS:200
TIME_TOTAL:3.481023
TIME_CONNECT:0.286858
SIZE_DOWNLOAD:1307
TIMESTAMP:2025-07-29 07:54:09 UTC
TRIGGER:schedule
