---METADATA---
HTTP_STATUS:200
TIME_TOTAL:3.511708
TIME_CONNECT:0.235897
SIZE_DOWNLOAD:1294
TIMESTAMP:2025-07-29 10:28:45 UTC
TRIGGER:schedule
