---METADATA---
HTTP_STATUS:200
TIME_TOTAL:3.404070
TIME_CONNECT:0.268590
SIZE_DOWNLOAD:1294
TIMESTAMP:2025-07-29 11:49:39 UTC
TRIGGER:schedule
