---METADATA---
HTTP_STATUS:200
TIME_TOTAL:3.637956
TIME_CONNECT:0.294970
SIZE_DOWNLOAD:1294
TIMESTAMP:2025-07-29 10:16:21 UTC
TRIGGER:schedule
