---METADATA---
HTTP_STATUS:200
TIME_TOTAL:1.154406
TIME_CONNECT:0.277524
SIZE_DOWNLOAD:1307
TIMESTAMP:2025-07-29 19:49:55 UTC
TRIGGER:schedule
