---METADATA---
HTTP_STATUS:200
TIME_TOTAL:3.420160
TIME_CONNECT:0.277871
SIZE_DOWNLOAD:1307
TIMESTAMP:2025-07-29 15:28:55 UTC
TRIGGER:schedule
