---METADATA---
HTTP_STATUS:200
TIME_TOTAL:3.522200
TIME_CONNECT:0.252606
SIZE_DOWNLOAD:1294
TIMESTAMP:2025-07-29 11:22:01 UTC
TRIGGER:schedule
