---METADATA---
HTTP_STATUS:200
TIME_TOTAL:3.534290
TIME_CONNECT:0.299452
SIZE_DOWNLOAD:1294
TIMESTAMP:2025-07-29 07:19:34 UTC
TRIGGER:schedule
