---METADATA---
HTTP_STATUS:200
TIME_TOTAL:3.374636
TIME_CONNECT:0.213833
SIZE_DOWNLOAD:1307
TIMESTAMP:2025-07-29 16:31:36 UTC
TRIGGER:schedule
