---METADATA---
HTTP_STATUS:200
TIME_TOTAL:3.480699
TIME_CONNECT:0.280635
SIZE_DOWNLOAD:1307
TIMESTAMP:2025-07-29 20:17:04 UTC
TRIGGER:schedule
