---METADATA---
HTTP_STATUS:200
TIME_TOTAL:3.373980
TIME_CONNECT:0.277335
SIZE_DOWNLOAD:1307
TIMESTAMP:2025-07-29 14:54:23 UTC
TRIGGER:schedule
