---METADATA---
HTTP_STATUS:200
TIME_TOTAL:3.521642
TIME_CONNECT:0.289264
SIZE_DOWNLOAD:1296
TIMESTAMP:2025-07-29 05:35:07 UTC
TRIGGER:schedule
