---METADATA---
HTTP_STATUS:200
TIME_TOTAL:3.645346
TIME_CONNECT:0.269347
SIZE_DOWNLOAD:1305
TIMESTAMP:2025-07-29 06:41:25 UTC
TRIGGER:schedule
