---METADATA---
HTTP_STATUS:200
TIME_TOTAL:3.438854
TIME_CONNECT:0.280185
SIZE_DOWNLOAD:1307
TIMESTAMP:2025-07-29 23:33:49 UTC
TRIGGER:schedule
