---METADATA---
HTTP_STATUS:200
TIME_TOTAL:3.530881
TIME_CONNECT:0.280693
SIZE_DOWNLOAD:1307
TIMESTAMP:2025-07-29 14:23:57 UTC
TRIGGER:schedule
