---METADATA---
HTTP_STATUS:200
TIME_TOTAL:3.518554
TIME_CONNECT:0.276174
SIZE_DOWNLOAD:1294
TIMESTAMP:2025-07-29 04:00:51 UTC
TRIGGER:schedule
