---METADATA---
HTTP_STATUS:200
TIME_TOTAL:3.342060
TIME_CONNECT:0.220421
SIZE_DOWNLOAD:1294
TIMESTAMP:2025-07-29 10:52:11 UTC
TRIGGER:schedule
