---METADATA---
HTTP_STATUS:200
TIME_TOTAL:3.584632
TIME_CONNECT:0.250677
SIZE_DOWNLOAD:1307
TIMESTAMP:2025-07-29 18:54:52 UTC
TRIGGER:schedule
