---METADATA---
HTTP_STATUS:200
TIME_TOTAL:3.638337
TIME_CONNECT:0.309919
SIZE_DOWNLOAD:1294
TIMESTAMP:2025-07-29 09:20:10 UTC
TRIGGER:schedule
