---METADATA---
HTTP_STATUS:200
TIME_TOTAL:3.566313
TIME_CONNECT:0.228735
SIZE_DOWNLOAD:1307
TIMESTAMP:2025-07-29 13:51:07 UTC
TRIGGER:schedule
