---METADATA---
HTTP_STATUS:200
TIME_TOTAL:3.454377
TIME_CONNECT:0.280814
SIZE_DOWNLOAD:1307
TIMESTAMP:2025-07-29 15:46:01 UTC
TRIGGER:schedule
