---METADATA---
HTTP_STATUS:200
TIME_TOTAL:3.390429
TIME_CONNECT:0.269940
SIZE_DOWNLOAD:1305
TIMESTAMP:2025-07-29 07:43:52 UTC
TRIGGER:schedule
