---METADATA---
HTTP_STATUS:200
TIME_TOTAL:3.423013
TIME_CONNECT:0.231057
SIZE_DOWNLOAD:1307
TIMESTAMP:2025-07-29 17:17:33 UTC
TRIGGER:schedule
