---METADATA---
HTTP_STATUS:200
TIME_TOTAL:3.464158
TIME_CONNECT:0.277967
SIZE_DOWNLOAD:1307
TIMESTAMP:2025-07-29 19:16:53 UTC
TRIGGER:schedule
