---METADATA---
HTTP_STATUS:200
TIME_TOTAL:3.527580
TIME_CONNECT:0.269921
SIZE_DOWNLOAD:1292
TIMESTAMP:2025-07-29 13:27:23 UTC
TRIGGER:schedule
