---METADATA---
HTTP_STATUS:200
TIME_TOTAL:3.207687
TIME_CONNECT:0.268418
SIZE_DOWNLOAD:1307
TIMESTAMP:2025-07-29 19:29:46 UTC
TRIGGER:schedule
