---METADATA---
HTTP_STATUS:200
TIME_TOTAL:3.744916
TIME_CONNECT:0.286018
SIZE_DOWNLOAD:1294
TIMESTAMP:2025-07-29 12:31:56 UTC
TRIGGER:schedule
