---METADATA---
HTTP_STATUS:200
TIME_TOTAL:3.666558
TIME_CONNECT:0.283166
SIZE_DOWNLOAD:1320
TIMESTAMP:2025-07-29 05:50:37 UTC
TRIGGER:schedule
