---METADATA---
HTTP_STATUS:200
TIME_TOTAL:3.319578
TIME_CONNECT:0.218012
SIZE_DOWNLOAD:1307
TIMESTAMP:2025-07-29 20:56:03 UTC
TRIGGER:schedule
