---METADATA---
HTTP_STATUS:200
TIME_TOTAL:3.343586
TIME_CONNECT:0.280925
SIZE_DOWNLOAD:1307
TIMESTAMP:2025-07-29 21:16:11 UTC
TRIGGER:schedule
