---METADATA---
HTTP_STATUS:200
TIME_TOTAL:3.491023
TIME_CONNECT:0.283185
SIZE_DOWNLOAD:1307
TIMESTAMP:2025-07-29 15:17:44 UTC
TRIGGER:schedule
