---METADATA---
HTTP_STATUS:200
TIME_TOTAL:3.537144
TIME_CONNECT:0.283995
SIZE_DOWNLOAD:1307
TIMESTAMP:2025-07-29 21:40:57 UTC
TRIGGER:schedule
