---METADATA---
HTTP_STATUS:200
TIME_TOTAL:3.710257
TIME_CONNECT:0.295268
SIZE_DOWNLOAD:1292
TIMESTAMP:2025-07-29 07:41:12 UTC
TRIGGER:schedule
