---METADATA---
HTTP_STATUS:200
TIME_TOTAL:3.446485
TIME_CONNECT:0.351063
SIZE_DOWNLOAD:1307
TIMESTAMP:2025-07-29 21:51:22 UTC
TRIGGER:schedule
