---METADATA---
HTTP_STATUS:200
TIME_TOTAL:3.545547
TIME_CONNECT:0.268626
SIZE_DOWNLOAD:1306
TIMESTAMP:2025-07-29 05:56:12 UTC
TRIGGER:schedule
