---METADATA---
HTTP_STATUS:200
TIME_TOTAL:3.535786
TIME_CONNECT:0.283780
SIZE_DOWNLOAD:1307
TIMESTAMP:2025-07-29 23:57:12 UTC
TRIGGER:schedule
