---METADATA---
HTTP_STATUS:200
TIME_TOTAL:3.484685
TIME_CONNECT:0.285887
SIZE_DOWNLOAD:1307
TIMESTAMP:2025-07-29 17:53:18 UTC
TRIGGER:schedule
