---METADATA---
HTTP_STATUS:200
TIME_TOTAL:3.460938
TIME_CONNECT:0.292796
SIZE_DOWNLOAD:1307
TIMESTAMP:2025-07-29 22:14:46 UTC
TRIGGER:schedule
