---METADATA---
HTTP_STATUS:200
TIME_TOTAL:3.330673
TIME_CONNECT:0.269098
SIZE_DOWNLOAD:1307
TIMESTAMP:2025-07-29 23:24:24 UTC
TRIGGER:schedule
