---METADATA---
HTTP_STATUS:200
TIME_TOTAL:3.256367
TIME_CONNECT:0.221012
SIZE_DOWNLOAD:1309
TIMESTAMP:2025-07-29 07:12:34 UTC
TRIGGER:schedule
