---METADATA---
HTTP_STATUS:200
TIME_TOTAL:3.356263
TIME_CONNECT:0.290163
SIZE_DOWNLOAD:1307
TIMESTAMP:2025-07-29 19:57:07 UTC
TRIGGER:schedule
