---METADATA---
HTTP_STATUS:200
TIME_TOTAL:3.444180
TIME_CONNECT:0.238912
SIZE_DOWNLOAD:1307
TIMESTAMP:2025-07-29 22:50:28 UTC
TRIGGER:schedule
