---METADATA---
HTTP_STATUS:200
TIME_TOTAL:3.558912
TIME_CONNECT:0.280569
SIZE_DOWNLOAD:1307
TIMESTAMP:2025-07-29 21:24:48 UTC
TRIGGER:schedule
