---METADATA---
HTTP_STATUS:200
TIME_TOTAL:3.505774
TIME_CONNECT:0.335776
SIZE_DOWNLOAD:1292
TIMESTAMP:2025-07-29 02:37:19 UTC
TRIGGER:schedule
