---METADATA---
HTTP_STATUS:200
TIME_TOTAL:3.425827
TIME_CONNECT:0.318318
SIZE_DOWNLOAD:1307
TIMESTAMP:2025-07-29 16:51:37 UTC
TRIGGER:schedule
