---METADATA---
HTTP_STATUS:200
TIME_TOTAL:3.364360
TIME_CONNECT:0.239871
SIZE_DOWNLOAD:1307
TIMESTAMP:2025-07-29 13:57:24 UTC
TRIGGER:schedule
