---METADATA---
HTTP_STATUS:200
TIME_TOTAL:3.491510
TIME_CONNECT:0.313290
SIZE_DOWNLOAD:1294
TIMESTAMP:2025-07-29 05:16:13 UTC
TRIGGER:schedule
