---METADATA---
HTTP_STATUS:200
TIME_TOTAL:3.716698
TIME_CONNECT:0.285755
SIZE_DOWNLOAD:1294
TIMESTAMP:2025-07-29 11:57:04 UTC
TRIGGER:schedule
