---METADATA---
HTTP_STATUS:200
TIME_TOTAL:3.650369
TIME_CONNECT:0.271406
SIZE_DOWNLOAD:1307
TIMESTAMP:2025-07-23 10:47:18 UTC
TRIGGER:schedule
