---METADATA---
HTTP_STATUS:200
TIME_TOTAL:3.422189
TIME_CONNECT:0.274596
SIZE_DOWNLOAD:1309
TIMESTAMP:2025-07-23 05:04:31 UTC
TRIGGER:schedule
