---METADATA---
HTTP_STATUS:200
TIME_TOTAL:3.341416
TIME_CONNECT:0.298645
SIZE_DOWNLOAD:1309
TIMESTAMP:2025-07-23 20:31:35 UTC
TRIGGER:schedule
