---METADATA---
HTTP_STATUS:200
TIME_TOTAL:3.456100
TIME_CONNECT:0.294216
SIZE_DOWNLOAD:1309
TIMESTAMP:2025-07-23 16:58:47 UTC
TRIGGER:schedule
