---METADATA---
HTTP_STATUS:200
TIME_TOTAL:3.425256
TIME_CONNECT:0.235481
SIZE_DOWNLOAD:1307
TIMESTAMP:2025-07-23 13:00:25 UTC
TRIGGER:schedule
