---METADATA---
HTTP_STATUS:200
TIME_TOTAL:3.351373
TIME_CONNECT:0.215175
SIZE_DOWNLOAD:1309
TIMESTAMP:2025-07-23 23:15:03 UTC
TRIGGER:schedule
