---METADATA---
HTTP_STATUS:200
TIME_TOTAL:1.010105
TIME_CONNECT:0.279528
SIZE_DOWNLOAD:1309
TIMESTAMP:2025-07-23 16:32:38 UTC
TRIGGER:schedule
