---METADATA---
HTTP_STATUS:200
TIME_TOTAL:3.545356
TIME_CONNECT:0.294806
SIZE_DOWNLOAD:1294
TIMESTAMP:2025-07-23 13:25:14 UTC
TRIGGER:schedule
