---METADATA---
HTTP_STATUS:200
TIME_TOTAL:3.344470
TIME_CONNECT:0.306231
SIZE_DOWNLOAD:1130
TIMESTAMP:2025-07-23 08:20:51 UTC
TRIGGER:schedule
