---METADATA---
HTTP_STATUS:200
TIME_TOTAL:3.551301
TIME_CONNECT:0.256200
SIZE_DOWNLOAD:1130
TIMESTAMP:2025-07-23 08:38:49 UTC
TRIGGER:schedule
