---METADATA---
HTTP_STATUS:200
TIME_TOTAL:3.783098
TIME_CONNECT:0.272297
SIZE_DOWNLOAD:1296
TIMESTAMP:2025-07-23 05:59:33 UTC
TRIGGER:schedule
