---METADATA---
HTTP_STATUS:200
TIME_TOTAL:3.557891
TIME_CONNECT:0.296953
SIZE_DOWNLOAD:1130
TIMESTAMP:2025-07-23 07:53:11 UTC
TRIGGER:schedule
