---METADATA---
HTTP_STATUS:200
TIME_TOTAL:3.394749
TIME_CONNECT:0.278559
SIZE_DOWNLOAD:1309
TIMESTAMP:2025-07-23 21:14:43 UTC
TRIGGER:schedule
