---METADATA---
HTTP_STATUS:200
TIME_TOTAL:3.389453
TIME_CONNECT:0.266588
SIZE_DOWNLOAD:1309
TIMESTAMP:2025-07-23 16:53:33 UTC
TRIGGER:schedule
