---METADATA---
HTTP_STATUS:200
TIME_TOTAL:3.386018
TIME_CONNECT:0.250859
SIZE_DOWNLOAD:1309
TIMESTAMP:2025-07-23 07:43:02 UTC
TRIGGER:schedule
