---METADATA---
HTTP_STATUS:200
TIME_TOTAL:1.149397
TIME_CONNECT:0.274558
SIZE_DOWNLOAD:1309
TIMESTAMP:2025-07-23 19:30:09 UTC
TRIGGER:schedule
