---METADATA---
HTTP_STATUS:200
TIME_TOTAL:3.295508
TIME_CONNECT:0.215516
SIZE_DOWNLOAD:1309
TIMESTAMP:2025-07-23 18:21:22 UTC
TRIGGER:schedule
