---METADATA---
HTTP_STATUS:200
TIME_TOTAL:3.480493
TIME_CONNECT:0.293593
SIZE_DOWNLOAD:1309
TIMESTAMP:2025-07-23 23:30:46 UTC
TRIGGER:schedule
