---METADATA---
HTTP_STATUS:200
TIME_TOTAL:3.339392
TIME_CONNECT:0.274405
SIZE_DOWNLOAD:1309
TIMESTAMP:2025-07-23 22:28:27 UTC
TRIGGER:schedule
