---METADATA---
HTTP_STATUS:200
TIME_TOTAL:3.639621
TIME_CONNECT:0.289875
SIZE_DOWNLOAD:1309
TIMESTAMP:2025-07-23 17:16:45 UTC
TRIGGER:schedule
