---METADATA---
HTTP_STATUS:200
TIME_TOTAL:3.570502
TIME_CONNECT:0.292273
SIZE_DOWNLOAD:1307
TIMESTAMP:2025-07-23 03:49:20 UTC
TRIGGER:schedule
