---METADATA---
HTTP_STATUS:200
TIME_TOTAL:3.585835
TIME_CONNECT:0.294072
SIZE_DOWNLOAD:1311
TIMESTAMP:2025-07-23 04:08:25 UTC
TRIGGER:schedule
