---METADATA---
HTTP_STATUS:200
TIME_TOTAL:3.347456
TIME_CONNECT:0.235173
SIZE_DOWNLOAD:1307
TIMESTAMP:2025-07-23 11:30:53 UTC
TRIGGER:schedule
