---METADATA---
HTTP_STATUS:200
TIME_TOTAL:3.565340
TIME_CONNECT:0.368511
SIZE_DOWNLOAD:1309
TIMESTAMP:2025-07-23 15:54:12 UTC
TRIGGER:schedule
