---METADATA---
HTTP_STATUS:200
TIME_TOTAL:3.513941
TIME_CONNECT:0.429458
SIZE_DOWNLOAD:1309
TIMESTAMP:2025-07-23 19:41:39 UTC
TRIGGER:schedule
