---METADATA---
HTTP_STATUS:200
TIME_TOTAL:3.475853
TIME_CONNECT:0.302476
SIZE_DOWNLOAD:1309
TIMESTAMP:2025-07-23 21:33:58 UTC
TRIGGER:schedule
