---METADATA---
HTTP_STATUS:200
TIME_TOTAL:3.794709
TIME_CONNECT:0.297875
SIZE_DOWNLOAD:1296
TIMESTAMP:2025-07-23 04:52:30 UTC
TRIGGER:schedule
