---METADATA---
HTTP_STATUS:200
TIME_TOTAL:3.463135
TIME_CONNECT:0.268205
SIZE_DOWNLOAD:1296
TIMESTAMP:2025-07-23 06:54:14 UTC
TRIGGER:schedule
