---METADATA---
HTTP_STATUS:200
TIME_TOTAL:3.346065
TIME_CONNECT:0.213264
SIZE_DOWNLOAD:1309
TIMESTAMP:2025-07-23 18:35:44 UTC
TRIGGER:schedule
