---METADATA---
HTTP_STATUS:200
TIME_TOTAL:3.652244
TIME_CONNECT:0.281490
SIZE_DOWNLOAD:1307
TIMESTAMP:2025-07-23 09:55:33 UTC
TRIGGER:schedule
