---METADATA---
HTTP_STATUS:200
TIME_TOTAL:3.484558
TIME_CONNECT:0.285925
SIZE_DOWNLOAD:1296
TIMESTAMP:2025-07-23 09:46:50 UTC
TRIGGER:schedule
