---METADATA---
HTTP_STATUS:200
TIME_TOTAL:3.515132
TIME_CONNECT:0.269024
SIZE_DOWNLOAD:1130
TIMESTAMP:2025-07-23 08:50:44 UTC
TRIGGER:schedule
