---METADATA---
HTTP_STATUS:200
TIME_TOTAL:3.631783
TIME_CONNECT:0.287350
SIZE_DOWNLOAD:1309
TIMESTAMP:2025-07-23 21:24:26 UTC
TRIGGER:schedule
