---METADATA---
HTTP_STATUS:200
TIME_TOTAL:3.519888
TIME_CONNECT:0.266350
SIZE_DOWNLOAD:1298
TIMESTAMP:2025-07-23 04:32:03 UTC
TRIGGER:schedule
