---METADATA---
HTTP_STATUS:200
TIME_TOTAL:3.611495
TIME_CONNECT:0.244105
SIZE_DOWNLOAD:1130
TIMESTAMP:2025-07-23 07:57:04 UTC
TRIGGER:schedule
