---METADATA---
HTTP_STATUS:200
TIME_TOTAL:3.573205
TIME_CONNECT:0.322267
SIZE_DOWNLOAD:1309
TIMESTAMP:2025-07-23 17:52:24 UTC
TRIGGER:schedule
