---METADATA---
HTTP_STATUS:200
TIME_TOTAL:3.521590
TIME_CONNECT:0.282681
SIZE_DOWNLOAD:1309
TIMESTAMP:2025-07-23 06:46:19 UTC
TRIGGER:schedule
