---METADATA---
HTTP_STATUS:200
TIME_TOTAL:3.626651
TIME_CONNECT:0.289600
SIZE_DOWNLOAD:1307
TIMESTAMP:2025-07-23 10:28:54 UTC
TRIGGER:schedule
