---METADATA---
HTTP_STATUS:200
TIME_TOTAL:3.327957
TIME_CONNECT:0.249062
SIZE_DOWNLOAD:1309
TIMESTAMP:2025-07-23 20:43:21 UTC
TRIGGER:schedule
