---METADATA---
HTTP_STATUS:200
TIME_TOTAL:3.624215
TIME_CONNECT:0.298586
SIZE_DOWNLOAD:1307
TIMESTAMP:2025-07-23 12:31:04 UTC
TRIGGER:schedule
