---METADATA---
HTTP_STATUS:200
TIME_TOTAL:3.435806
TIME_CONNECT:0.287211
SIZE_DOWNLOAD:1308
TIMESTAMP:2025-07-23 07:13:10 UTC
TRIGGER:schedule
