---METADATA---
HTTP_STATUS:200
TIME_TOTAL:3.364461
TIME_CONNECT:0.219995
SIZE_DOWNLOAD:1309
TIMESTAMP:2025-07-23 17:44:46 UTC
TRIGGER:schedule
