---METADATA---
HTTP_STATUS:200
TIME_TOTAL:3.474268
TIME_CONNECT:0.280883
SIZE_DOWNLOAD:1293
TIMESTAMP:2025-07-23 09:00:25 UTC
TRIGGER:schedule
