---METADATA---
HTTP_STATUS:200
TIME_TOTAL:3.446448
TIME_CONNECT:0.273283
SIZE_DOWNLOAD:1307
TIMESTAMP:2025-07-23 11:13:16 UTC
TRIGGER:schedule
