---METADATA---
HTTP_STATUS:200
TIME_TOTAL:3.529726
TIME_CONNECT:0.284653
SIZE_DOWNLOAD:1309
TIMESTAMP:2025-07-23 21:50:15 UTC
TRIGGER:schedule
