---METADATA---
HTTP_STATUS:200
TIME_TOTAL:3.487275
TIME_CONNECT:0.238710
SIZE_DOWNLOAD:1307
TIMESTAMP:2025-07-23 10:16:16 UTC
TRIGGER:schedule
