---METADATA---
HTTP_STATUS:200
TIME_TOTAL:1.023899
TIME_CONNECT:0.291245
SIZE_DOWNLOAD:1309
TIMESTAMP:2025-07-23 23:33:40 UTC
TRIGGER:schedule
