---METADATA---
HTTP_STATUS:200
TIME_TOTAL:3.576110
TIME_CONNECT:0.300965
SIZE_DOWNLOAD:1307
TIMESTAMP:2025-07-23 09:39:05 UTC
TRIGGER:schedule
