---METADATA---
HTTP_STATUS:200
TIME_TOTAL:3.248122
TIME_CONNECT:0.243186
SIZE_DOWNLOAD:1309
TIMESTAMP:2025-07-23 16:27:42 UTC
TRIGGER:schedule
