---METADATA---
HTTP_STATUS:200
TIME_TOTAL:1.003388
TIME_CONNECT:0.268671
SIZE_DOWNLOAD:1309
TIMESTAMP:2025-07-23 23:50:44 UTC
TRIGGER:schedule
