---METADATA---
HTTP_STATUS:200
TIME_TOTAL:3.564634
TIME_CONNECT:0.278267
SIZE_DOWNLOAD:1309
TIMESTAMP:2025-07-23 13:47:29 UTC
TRIGGER:schedule
