---METADATA---
HTTP_STATUS:200
TIME_TOTAL:3.597539
TIME_CONNECT:0.310366
SIZE_DOWNLOAD:1309
TIMESTAMP:2025-07-23 21:57:07 UTC
TRIGGER:schedule
