---METADATA---
HTTP_STATUS:200
TIME_TOTAL:3.342595
TIME_CONNECT:0.230846
SIZE_DOWNLOAD:1309
TIMESTAMP:2025-07-23 18:58:21 UTC
TRIGGER:schedule
