---METADATA---
HTTP_STATUS:200
TIME_TOTAL:3.594420
TIME_CONNECT:0.296088
SIZE_DOWNLOAD:1309
TIMESTAMP:2025-07-23 09:20:52 UTC
TRIGGER:schedule
