---METADATA---
HTTP_STATUS:200
TIME_TOTAL:3.739371
TIME_CONNECT:0.300378
SIZE_DOWNLOAD:1305
TIMESTAMP:2025-07-23 05:22:45 UTC
TRIGGER:schedule
