---METADATA---
HTTP_STATUS:200
TIME_TOTAL:3.585121
TIME_CONNECT:0.311413
SIZE_DOWNLOAD:1309
TIMESTAMP:2025-07-23 18:51:57 UTC
TRIGGER:schedule
