---METADATA---
HTTP_STATUS:200
TIME_TOTAL:3.664744
TIME_CONNECT:0.303440
SIZE_DOWNLOAD:1309
TIMESTAMP:2025-07-23 14:43:57 UTC
TRIGGER:schedule
