---METADATA---
HTTP_STATUS:200
TIME_TOTAL:3.418566
TIME_CONNECT:0.243268
SIZE_DOWNLOAD:1309
TIMESTAMP:2025-07-23 15:57:35 UTC
TRIGGER:schedule
