---METADATA---
HTTP_STATUS:200
TIME_TOTAL:3.594125
TIME_CONNECT:0.290239
SIZE_DOWNLOAD:1309
TIMESTAMP:2025-07-23 20:52:46 UTC
TRIGGER:schedule
