---METADATA---
HTTP_STATUS:200
TIME_TOTAL:3.404452
TIME_CONNECT:0.267053
SIZE_DOWNLOAD:1309
TIMESTAMP:2025-07-23 23:49:57 UTC
TRIGGER:schedule
