---METADATA---
HTTP_STATUS:200
TIME_TOTAL:3.556527
TIME_CONNECT:0.262592
SIZE_DOWNLOAD:1307
TIMESTAMP:2025-07-23 11:43:27 UTC
TRIGGER:schedule
