---METADATA---
HTTP_STATUS:200
TIME_TOTAL:3.668868
TIME_CONNECT:0.297035
SIZE_DOWNLOAD:1307
TIMESTAMP:2025-07-23 10:51:46 UTC
TRIGGER:schedule
