---METADATA---
HTTP_STATUS:200
TIME_TOTAL:3.279630
TIME_CONNECT:0.244573
SIZE_DOWNLOAD:1309
TIMESTAMP:2025-07-23 22:48:30 UTC
TRIGGER:schedule
