---METADATA---
HTTP_STATUS:200
TIME_TOTAL:3.466003
TIME_CONNECT:0.245618
SIZE_DOWNLOAD:1309
TIMESTAMP:2025-07-23 14:16:39 UTC
TRIGGER:schedule
