---METADATA---
HTTP_STATUS:200
TIME_TOTAL:3.387117
TIME_CONNECT:0.239650
SIZE_DOWNLOAD:1309
TIMESTAMP:2025-07-23 15:44:47 UTC
TRIGGER:schedule
