---METADATA---
HTTP_STATUS:200
TIME_TOTAL:3.610626
TIME_CONNECT:0.280251
SIZE_DOWNLOAD:1309
TIMESTAMP:2025-07-23 14:46:54 UTC
TRIGGER:schedule
