---METADATA---
HTTP_STATUS:200
TIME_TOTAL:3.667070
TIME_CONNECT:0.241147
SIZE_DOWNLOAD:1296
TIMESTAMP:2025-07-23 05:43:47 UTC
TRIGGER:schedule
