---METADATA---
HTTP_STATUS:200
TIME_TOTAL:3.418483
TIME_CONNECT:0.274541
SIZE_DOWNLOAD:1309
TIMESTAMP:2025-07-23 22:14:47 UTC
TRIGGER:schedule
