---METADATA---
HTTP_STATUS:200
TIME_TOTAL:3.566976
TIME_CONNECT:0.290438
SIZE_DOWNLOAD:1307
TIMESTAMP:2025-07-23 02:26:01 UTC
TRIGGER:schedule
