---METADATA---
HTTP_STATUS:200
TIME_TOTAL:1.151257
TIME_CONNECT:0.244293
SIZE_DOWNLOAD:1309
TIMESTAMP:2025-07-23 13:53:01 UTC
TRIGGER:schedule
