---METADATA---
HTTP_STATUS:200
TIME_TOTAL:3.558258
TIME_CONNECT:0.295618
SIZE_DOWNLOAD:1307
TIMESTAMP:2025-07-23 11:49:34 UTC
TRIGGER:schedule
