---METADATA---
HTTP_STATUS:200
TIME_TOTAL:3.425125
TIME_CONNECT:0.247705
SIZE_DOWNLOAD:1309
TIMESTAMP:2025-07-23 15:00:20 UTC
TRIGGER:schedule
