---METADATA---
HTTP_STATUS:200
TIME_TOTAL:3.540595
TIME_CONNECT:0.238252
SIZE_DOWNLOAD:1307
TIMESTAMP:2025-07-23 11:57:00 UTC
TRIGGER:schedule
