---METADATA---
HTTP_STATUS:200
TIME_TOTAL:3.354472
TIME_CONNECT:0.235921
SIZE_DOWNLOAD:1309
TIMESTAMP:2025-07-23 20:55:09 UTC
TRIGGER:schedule
