---METADATA---
HTTP_STATUS:200
TIME_TOTAL:3.552948
TIME_CONNECT:0.286241
SIZE_DOWNLOAD:1309
TIMESTAMP:2025-07-23 19:24:48 UTC
TRIGGER:schedule
