---METADATA---
HTTP_STATUS:200
TIME_TOTAL:3.497358
TIME_CONNECT:0.263664
SIZE_DOWNLOAD:1309
TIMESTAMP:2025-07-23 15:16:24 UTC
TRIGGER:schedule
