---METADATA---
HTTP_STATUS:200
TIME_TOTAL:3.396056
TIME_CONNECT:0.233598
SIZE_DOWNLOAD:1309
TIMESTAMP:2025-07-23 20:16:27 UTC
TRIGGER:schedule
