---METADATA---
HTTP_STATUS:200
TIME_TOTAL:3.437452
TIME_CONNECT:0.261712
SIZE_DOWNLOAD:1309
TIMESTAMP:2025-07-23 22:39:22 UTC
TRIGGER:schedule
