---METADATA---
HTTP_STATUS:200
TIME_TOTAL:3.641776
TIME_CONNECT:0.257355
SIZE_DOWNLOAD:1309
TIMESTAMP:2025-07-23 19:13:48 UTC
TRIGGER:schedule
