---METADATA---
HTTP_STATUS:200
TIME_TOTAL:3.502407
TIME_CONNECT:0.298649
SIZE_DOWNLOAD:1296
TIMESTAMP:2025-07-23 05:49:51 UTC
TRIGGER:schedule
