---METADATA---
HTTP_STATUS:200
TIME_TOTAL:3.534974
TIME_CONNECT:0.234501
SIZE_DOWNLOAD:1294
TIMESTAMP:2025-07-23 01:14:55 UTC
TRIGGER:schedule
