---METADATA---
HTTP_STATUS:200
TIME_TOTAL:3.407691
TIME_CONNECT:0.215288
SIZE_DOWNLOAD:1309
TIMESTAMP:2025-07-23 19:56:54 UTC
TRIGGER:schedule
