---METADATA---
HTTP_STATUS:200
TIME_TOTAL:3.622057
TIME_CONNECT:0.240231
SIZE_DOWNLOAD:1296
TIMESTAMP:2025-07-23 06:22:52 UTC
TRIGGER:schedule
