---METADATA---
HTTP_STATUS:200
TIME_TOTAL:3.579926
TIME_CONNECT:0.241096
SIZE_DOWNLOAD:1309
TIMESTAMP:2025-07-23 17:30:38 UTC
TRIGGER:schedule
