---METADATA---
HTTP_STATUS:200
TIME_TOTAL:3.531161
TIME_CONNECT:0.291855
SIZE_DOWNLOAD:1307
TIMESTAMP:2025-07-23 11:22:15 UTC
TRIGGER:schedule
