---METADATA---
HTTP_STATUS:200
TIME_TOTAL:3.587562
TIME_CONNECT:0.276919
SIZE_DOWNLOAD:1309
TIMESTAMP:2025-07-23 15:36:03 UTC
TRIGGER:schedule
