---METADATA---
HTTP_STATUS:200
TIME_TOTAL:3.372579
TIME_CONNECT:0.271476
SIZE_DOWNLOAD:1309
TIMESTAMP:2025-07-23 22:52:46 UTC
TRIGGER:schedule
