---METADATA---
HTTP_STATUS:200
TIME_TOTAL:3.277440
TIME_CONNECT:0.272592
SIZE_DOWNLOAD:1307
TIMESTAMP:2025-07-23 03:10:40 UTC
TRIGGER:schedule
