---METADATA---
HTTP_STATUS:200
TIME_TOTAL:3.602158
TIME_CONNECT:0.281353
SIZE_DOWNLOAD:1309
TIMESTAMP:2025-07-23 21:43:20 UTC
TRIGGER:schedule
