---METADATA---
HTTP_STATUS:200
TIME_TOTAL:3.356641
TIME_CONNECT:0.224475
SIZE_DOWNLOAD:1296
TIMESTAMP:2025-07-23 07:40:38 UTC
TRIGGER:schedule
