---METADATA---
HTTP_STATUS:200
TIME_TOTAL:3.466932
TIME_CONNECT:0.271532
SIZE_DOWNLOAD:1309
TIMESTAMP:2025-07-23 19:49:03 UTC
TRIGGER:schedule
