---METADATA---
HTTP_STATUS:200
TIME_TOTAL:3.521554
TIME_CONNECT:0.237974
SIZE_DOWNLOAD:1296
TIMESTAMP:2025-07-23 07:19:21 UTC
TRIGGER:schedule
