---METADATA---
HTTP_STATUS:200
TIME_TOTAL:3.482359
TIME_CONNECT:0.223585
SIZE_DOWNLOAD:1309
TIMESTAMP:2025-07-23 23:00:18 UTC
TRIGGER:schedule
