---METADATA---
HTTP_STATUS:200
TIME_TOTAL:1.111389
TIME_CONNECT:0.280446
SIZE_DOWNLOAD:1309
TIMESTAMP:2025-07-23 17:54:52 UTC
TRIGGER:schedule
