---METADATA---
HTTP_STATUS:200
TIME_TOTAL:3.633314
TIME_CONNECT:0.309271
SIZE_DOWNLOAD:1309
TIMESTAMP:2025-07-23 14:10:32 UTC
TRIGGER:schedule
