---METADATA---
HTTP_STATUS:200
TIME_TOTAL:3.431925
TIME_CONNECT:0.235436
SIZE_DOWNLOAD:1309
TIMESTAMP:2025-08-23 08:51:29 UTC
TRIGGER:schedule
