---METADATA---
HTTP_STATUS:200
TIME_TOTAL:3.433399
TIME_CONNECT:0.280322
SIZE_DOWNLOAD:1309
TIMESTAMP:2025-08-23 04:50:51 UTC
TRIGGER:schedule
