---METADATA---
HTTP_STATUS:200
TIME_TOTAL:3.576590
TIME_CONNECT:0.279331
SIZE_DOWNLOAD:1309
TIMESTAMP:2025-08-23 09:39:08 UTC
TRIGGER:schedule
