---METADATA---
HTTP_STATUS:200
TIME_TOTAL:3.386563
TIME_CONNECT:0.309819
SIZE_DOWNLOAD:1292
TIMESTAMP:2025-08-23 18:59:32 UTC
TRIGGER:schedule
