---METADATA---
HTTP_STATUS:200
TIME_TOTAL:3.316236
TIME_CONNECT:0.244285
SIZE_DOWNLOAD:1292
TIMESTAMP:2025-08-23 23:08:19 UTC
TRIGGER:schedule
