---METADATA---
HTTP_STATUS:200
TIME_TOTAL:3.603582
TIME_CONNECT:0.286784
SIZE_DOWNLOAD:1292
TIMESTAMP:2025-08-23 13:56:52 UTC
TRIGGER:schedule
