---METADATA---
HTTP_STATUS:200
TIME_TOTAL:3.489105
TIME_CONNECT:0.248859
SIZE_DOWNLOAD:1296
TIMESTAMP:2025-08-23 05:56:46 UTC
TRIGGER:schedule
