---METADATA---
HTTP_STATUS:200
TIME_TOTAL:3.453137
TIME_CONNECT:0.244419
SIZE_DOWNLOAD:1292
TIMESTAMP:2025-08-23 21:11:21 UTC
TRIGGER:schedule
