---METADATA---
HTTP_STATUS:200
TIME_TOTAL:3.898602
TIME_CONNECT:0.283062
SIZE_DOWNLOAD:1309
TIMESTAMP:2025-08-23 11:58:49 UTC
TRIGGER:schedule
