---METADATA---
HTTP_STATUS:200
TIME_TOTAL:3.550192
TIME_CONNECT:0.272298
SIZE_DOWNLOAD:1292
TIMESTAMP:2025-08-23 22:31:02 UTC
TRIGGER:schedule
