---METADATA---
HTTP_STATUS:200
TIME_TOTAL:3.377604
TIME_CONNECT:0.272630
SIZE_DOWNLOAD:1292
TIMESTAMP:2025-08-23 16:57:14 UTC
TRIGGER:schedule
