---METADATA---
HTTP_STATUS:200
TIME_TOTAL:3.619135
TIME_CONNECT:0.228548
SIZE_DOWNLOAD:1297
TIMESTAMP:2025-08-23 06:35:08 UTC
TRIGGER:schedule
