---METADATA---
HTTP_STATUS:200
TIME_TOTAL:3.525038
TIME_CONNECT:0.241728
SIZE_DOWNLOAD:1294
TIMESTAMP:2025-08-23 01:03:12 UTC
TRIGGER:schedule
