---METADATA---
HTTP_STATUS:200
TIME_TOTAL:3.461871
TIME_CONNECT:0.291599
SIZE_DOWNLOAD:1309
TIMESTAMP:2025-08-23 10:32:57 UTC
TRIGGER:schedule
