---METADATA---
HTTP_STATUS:200
TIME_TOTAL:3.540175
TIME_CONNECT:0.287194
SIZE_DOWNLOAD:1309
TIMESTAMP:2025-08-23 10:41:35 UTC
TRIGGER:schedule
