---METADATA---
HTTP_STATUS:200
TIME_TOTAL:3.558252
TIME_CONNECT:0.283221
SIZE_DOWNLOAD:1296
TIMESTAMP:2025-08-23 01:45:55 UTC
TRIGGER:schedule
