---METADATA---
HTTP_STATUS:200
TIME_TOTAL:3.453655
TIME_CONNECT:0.239893
SIZE_DOWNLOAD:1292
TIMESTAMP:2025-08-23 16:34:11 UTC
TRIGGER:schedule
