---METADATA---
HTTP_STATUS:200
TIME_TOTAL:3.416469
TIME_CONNECT:0.285141
SIZE_DOWNLOAD:1292
TIMESTAMP:2025-08-23 18:47:25 UTC
TRIGGER:schedule
