---METADATA---
HTTP_STATUS:200
TIME_TOTAL:3.372380
TIME_CONNECT:0.281087
SIZE_DOWNLOAD:1309
TIMESTAMP:2025-08-23 11:47:06 UTC
TRIGGER:schedule
