---METADATA---
HTTP_STATUS:200
TIME_TOTAL:3.376959
TIME_CONNECT:0.214539
SIZE_DOWNLOAD:1292
TIMESTAMP:2025-08-23 14:29:41 UTC
TRIGGER:schedule
