---METADATA---
HTTP_STATUS:200
TIME_TOTAL:3.571409
TIME_CONNECT:0.282842
SIZE_DOWNLOAD:1309
TIMESTAMP:2025-08-23 07:58:54 UTC
TRIGGER:schedule
