---METADATA---
HTTP_STATUS:200
TIME_TOTAL:3.288622
TIME_CONNECT:0.214518
SIZE_DOWNLOAD:1294
TIMESTAMP:2025-08-23 12:59:11 UTC
TRIGGER:schedule
