---METADATA---
HTTP_STATUS:200
TIME_TOTAL:3.547151
TIME_CONNECT:0.262250
SIZE_DOWNLOAD:1308
TIMESTAMP:2025-08-23 07:19:25 UTC
TRIGGER:schedule
