---METADATA---
HTTP_STATUS:200
TIME_TOTAL:3.413444
TIME_CONNECT:0.235263
SIZE_DOWNLOAD:1296
TIMESTAMP:2025-08-23 04:15:51 UTC
TRIGGER:schedule
