---METADATA---
HTTP_STATUS:200
TIME_TOTAL:3.411606
TIME_CONNECT:0.215477
SIZE_DOWNLOAD:1296
TIMESTAMP:2025-08-23 03:48:03 UTC
TRIGGER:schedule
