---METADATA---
HTTP_STATUS:200
TIME_TOTAL:3.620381
TIME_CONNECT:0.306831
SIZE_DOWNLOAD:1292
TIMESTAMP:2025-08-23 17:20:13 UTC
TRIGGER:schedule
