---METADATA---
HTTP_STATUS:200
TIME_TOTAL:3.582605
TIME_CONNECT:0.292923
SIZE_DOWNLOAD:1309
TIMESTAMP:2025-08-23 10:48:14 UTC
TRIGGER:schedule
