---METADATA---
HTTP_STATUS:200
TIME_TOTAL:3.626877
TIME_CONNECT:0.241337
SIZE_DOWNLOAD:1309
TIMESTAMP:2025-08-23 12:50:19 UTC
TRIGGER:schedule
