---METADATA---
HTTP_STATUS:200
TIME_TOTAL:3.460702
TIME_CONNECT:0.273138
SIZE_DOWNLOAD:1296
TIMESTAMP:2025-08-23 02:55:52 UTC
TRIGGER:schedule
