---METADATA---
HTTP_STATUS:200
TIME_TOTAL:0.984450
TIME_CONNECT:0.215006
SIZE_DOWNLOAD:1296
TIMESTAMP:2025-08-23 07:48:09 UTC
TRIGGER:schedule
