---METADATA---
HTTP_STATUS:200
TIME_TOTAL:3.462011
TIME_CONNECT:0.284922
SIZE_DOWNLOAD:1292
TIMESTAMP:2025-08-23 15:47:56 UTC
TRIGGER:schedule
