---METADATA---
HTTP_STATUS:200
TIME_TOTAL:3.475439
TIME_CONNECT:0.270596
SIZE_DOWNLOAD:1309
TIMESTAMP:2025-08-23 05:12:28 UTC
TRIGGER:schedule
