---METADATA---
HTTP_STATUS:200
TIME_TOTAL:1.333345
TIME_CONNECT:0.560419
SIZE_DOWNLOAD:1292
TIMESTAMP:2025-08-23 13:41:43 UTC
TRIGGER:schedule
