---METADATA---
HTTP_STATUS:200
TIME_TOTAL:3.562949
TIME_CONNECT:0.248444
SIZE_DOWNLOAD:1292
TIMESTAMP:2025-08-23 19:31:45 UTC
TRIGGER:schedule
