---METADATA---
HTTP_STATUS:200
TIME_TOTAL:3.399699
TIME_CONNECT:0.246484
SIZE_DOWNLOAD:1292
TIMESTAMP:2025-08-23 21:48:21 UTC
TRIGGER:schedule
