---METADATA---
HTTP_STATUS:200
TIME_TOTAL:3.499816
TIME_CONNECT:0.260804
SIZE_DOWNLOAD:1309
TIMESTAMP:2025-08-23 08:31:24 UTC
TRIGGER:schedule
