---METADATA---
HTTP_STATUS:200
TIME_TOTAL:3.492851
TIME_CONNECT:0.264958
SIZE_DOWNLOAD:1296
TIMESTAMP:2025-08-23 04:26:08 UTC
TRIGGER:schedule
