---METADATA---
HTTP_STATUS:200
TIME_TOTAL:3.616140
TIME_CONNECT:0.251475
SIZE_DOWNLOAD:1292
TIMESTAMP:2025-08-23 15:38:04 UTC
TRIGGER:schedule
