---METADATA---
HTTP_STATUS:200
TIME_TOTAL:1.024625
TIME_CONNECT:0.297672
SIZE_DOWNLOAD:1292
TIMESTAMP:2025-08-23 23:28:16 UTC
TRIGGER:schedule
