---METADATA---
HTTP_STATUS:200
TIME_TOTAL:3.475758
TIME_CONNECT:0.292505
SIZE_DOWNLOAD:1292
TIMESTAMP:2025-08-23 19:09:34 UTC
TRIGGER:schedule
