---METADATA---
HTTP_STATUS:200
TIME_TOTAL:3.468957
TIME_CONNECT:0.285676
SIZE_DOWNLOAD:1292
TIMESTAMP:2025-08-23 16:49:13 UTC
TRIGGER:schedule
