---METADATA---
HTTP_STATUS:200
TIME_TOTAL:3.652055
TIME_CONNECT:0.245199
SIZE_DOWNLOAD:1309
TIMESTAMP:2025-08-23 10:56:55 UTC
TRIGGER:schedule
