---METADATA---
HTTP_STATUS:200
TIME_TOTAL:3.524353
TIME_CONNECT:0.247683
SIZE_DOWNLOAD:1292
TIMESTAMP:2025-08-23 15:27:52 UTC
TRIGGER:schedule
