---METADATA---
HTTP_STATUS:200
TIME_TOTAL:3.572817
TIME_CONNECT:0.232143
SIZE_DOWNLOAD:1292
TIMESTAMP:2025-08-23 22:20:01 UTC
TRIGGER:schedule
