---METADATA---
HTTP_STATUS:200
TIME_TOTAL:3.725140
TIME_CONNECT:0.259921
SIZE_DOWNLOAD:1296
TIMESTAMP:2025-08-23 06:54:09 UTC
TRIGGER:schedule
