---METADATA---
HTTP_STATUS:200
TIME_TOTAL:1.057283
TIME_CONNECT:0.293047
SIZE_DOWNLOAD:1309
TIMESTAMP:2025-08-23 07:35:49 UTC
TRIGGER:schedule
