---METADATA---
HTTP_STATUS:200
TIME_TOTAL:3.435484
TIME_CONNECT:0.239397
SIZE_DOWNLOAD:1292
TIMESTAMP:2025-08-23 18:28:58 UTC
TRIGGER:schedule
