---METADATA---
HTTP_STATUS:200
TIME_TOTAL:3.351535
TIME_CONNECT:0.243306
SIZE_DOWNLOAD:1292
TIMESTAMP:2025-08-23 17:37:02 UTC
TRIGGER:schedule
