---METADATA---
HTTP_STATUS:200
TIME_TOTAL:1.028541
TIME_CONNECT:0.299131
SIZE_DOWNLOAD:1309
TIMESTAMP:2025-08-23 09:39:23 UTC
TRIGGER:schedule
