---METADATA---
HTTP_STATUS:200
TIME_TOTAL:3.607744
TIME_CONNECT:0.286606
SIZE_DOWNLOAD:1292
TIMESTAMP:2025-08-23 17:26:53 UTC
TRIGGER:schedule
