---METADATA---
HTTP_STATUS:200
TIME_TOTAL:3.512129
TIME_CONNECT:0.274509
SIZE_DOWNLOAD:1292
TIMESTAMP:2025-08-23 18:17:04 UTC
TRIGGER:schedule
