---METADATA---
HTTP_STATUS:200
TIME_TOTAL:1.075429
TIME_CONNECT:0.279061
SIZE_DOWNLOAD:1292
TIMESTAMP:2025-08-23 22:49:03 UTC
TRIGGER:schedule
