---METADATA---
HTTP_STATUS:200
TIME_TOTAL:3.829452
TIME_CONNECT:0.305223
SIZE_DOWNLOAD:1292
TIMESTAMP:2025-08-23 23:12:45 UTC
TRIGGER:schedule
