---METADATA---
HTTP_STATUS:200
TIME_TOTAL:3.663525
TIME_CONNECT:0.282641
SIZE_DOWNLOAD:1292
TIMESTAMP:2025-08-23 14:11:24 UTC
TRIGGER:schedule
