---METADATA---
HTTP_STATUS:200
TIME_TOTAL:3.324741
TIME_CONNECT:0.234529
SIZE_DOWNLOAD:1296
TIMESTAMP:2025-08-23 04:41:21 UTC
TRIGGER:schedule
