---METADATA---
HTTP_STATUS:200
TIME_TOTAL:3.370941
TIME_CONNECT:0.235396
SIZE_DOWNLOAD:1292
TIMESTAMP:2025-08-23 20:56:54 UTC
TRIGGER:schedule
