---METADATA---
HTTP_STATUS:200
TIME_TOTAL:3.600461
TIME_CONNECT:0.238153
SIZE_DOWNLOAD:1309
TIMESTAMP:2025-08-23 04:57:08 UTC
TRIGGER:schedule
