---METADATA---
HTTP_STATUS:200
TIME_TOTAL:3.339472
TIME_CONNECT:0.241694
SIZE_DOWNLOAD:1296
TIMESTAMP:2025-08-23 06:18:26 UTC
TRIGGER:schedule
