---METADATA---
HTTP_STATUS:200
TIME_TOTAL:3.513432
TIME_CONNECT:0.250100
SIZE_DOWNLOAD:1309
TIMESTAMP:2025-08-23 11:10:22 UTC
TRIGGER:schedule
