---METADATA---
HTTP_STATUS:200
TIME_TOTAL:3.530485
TIME_CONNECT:0.241868
SIZE_DOWNLOAD:1292
TIMESTAMP:2025-08-23 14:40:34 UTC
TRIGGER:schedule
