---METADATA---
HTTP_STATUS:200
TIME_TOTAL:3.491846
TIME_CONNECT:0.234542
SIZE_DOWNLOAD:1292
TIMESTAMP:2025-08-23 23:38:47 UTC
TRIGGER:schedule
