---METADATA---
HTTP_STATUS:200
TIME_TOTAL:3.333264
TIME_CONNECT:0.250703
SIZE_DOWNLOAD:1292
TIMESTAMP:2025-08-23 16:14:15 UTC
TRIGGER:schedule
