---METADATA---
HTTP_STATUS:200
TIME_TOTAL:1.135844
TIME_CONNECT:0.276561
SIZE_DOWNLOAD:1292
TIMESTAMP:2025-08-23 18:51:49 UTC
TRIGGER:schedule
