---METADATA---
HTTP_STATUS:200
TIME_TOTAL:1.064429
TIME_CONNECT:0.276157
SIZE_DOWNLOAD:1309
TIMESTAMP:2025-08-23 07:32:05 UTC
TRIGGER:schedule
