---METADATA---
HTTP_STATUS:200
TIME_TOTAL:1.046145
TIME_CONNECT:0.245868
SIZE_DOWNLOAD:1292
TIMESTAMP:2025-08-23 19:48:13 UTC
TRIGGER:schedule
