---METADATA---
HTTP_STATUS:200
TIME_TOTAL:1.087340
TIME_CONNECT:0.286340
SIZE_DOWNLOAD:1296
TIMESTAMP:2025-08-23 03:53:36 UTC
TRIGGER:schedule
