---METADATA---
HTTP_STATUS:200
TIME_TOTAL:3.401882
TIME_CONNECT:0.282349
SIZE_DOWNLOAD:1298
TIMESTAMP:2025-08-23 07:26:49 UTC
TRIGGER:schedule
