---METADATA---
HTTP_STATUS:200
TIME_TOTAL:3.373270
TIME_CONNECT:0.270675
SIZE_DOWNLOAD:1292
TIMESTAMP:2025-08-23 16:43:18 UTC
TRIGGER:schedule
