---METADATA---
HTTP_STATUS:200
TIME_TOTAL:3.299818
TIME_CONNECT:0.237757
SIZE_DOWNLOAD:1292
TIMESTAMP:2025-08-23 17:38:46 UTC
TRIGGER:schedule
