---METADATA---
HTTP_STATUS:200
TIME_TOTAL:3.343829
TIME_CONNECT:0.272172
SIZE_DOWNLOAD:1296
TIMESTAMP:2025-08-23 05:24:34 UTC
TRIGGER:schedule
