---METADATA---
HTTP_STATUS:200
TIME_TOTAL:3.557041
TIME_CONNECT:0.299908
SIZE_DOWNLOAD:1292
TIMESTAMP:2025-08-23 13:48:15 UTC
TRIGGER:schedule
