---METADATA---
HTTP_STATUS:200
TIME_TOTAL:3.611915
TIME_CONNECT:0.234462
SIZE_DOWNLOAD:1292
TIMESTAMP:2025-08-23 13:40:09 UTC
TRIGGER:schedule
