---METADATA---
HTTP_STATUS:200
TIME_TOTAL:3.355412
TIME_CONNECT:0.229377
SIZE_DOWNLOAD:1309
TIMESTAMP:2025-08-23 12:24:44 UTC
TRIGGER:schedule
