---METADATA---
HTTP_STATUS:200
TIME_TOTAL:1.025831
TIME_CONNECT:0.243605
SIZE_DOWNLOAD:1292
TIMESTAMP:2025-08-23 19:22:34 UTC
TRIGGER:schedule
