---METADATA---
HTTP_STATUS:200
TIME_TOTAL:3.467080
TIME_CONNECT:0.238693
SIZE_DOWNLOAD:1292
TIMESTAMP:2025-08-23 14:48:48 UTC
TRIGGER:schedule
