---METADATA---
HTTP_STATUS:200
TIME_TOTAL:3.571234
TIME_CONNECT:0.281527
SIZE_DOWNLOAD:1292
TIMESTAMP:2025-08-23 14:22:15 UTC
TRIGGER:schedule
