---METADATA---
HTTP_STATUS:200
TIME_TOTAL:7.089035
TIME_CONNECT:3.790971
SIZE_DOWNLOAD:1296
TIMESTAMP:2025-08-23 05:48:20 UTC
TRIGGER:schedule
