---METADATA---
HTTP_STATUS:200
TIME_TOTAL:3.546078
TIME_CONNECT:0.233883
SIZE_DOWNLOAD:1292
TIMESTAMP:2025-08-23 17:10:18 UTC
TRIGGER:schedule
