---METADATA---
HTTP_STATUS:200
TIME_TOTAL:3.377848
TIME_CONNECT:0.242888
SIZE_DOWNLOAD:1292
TIMESTAMP:2025-08-23 22:48:15 UTC
TRIGGER:schedule
