---METADATA---
HTTP_STATUS:200
TIME_TOTAL:0.975929
TIME_CONNECT:0.227437
SIZE_DOWNLOAD:1309
TIMESTAMP:2025-08-23 11:47:57 UTC
TRIGGER:schedule
