---METADATA---
HTTP_STATUS:200
TIME_TOTAL:3.486508
TIME_CONNECT:0.265510
SIZE_DOWNLOAD:1292
TIMESTAMP:2025-08-23 21:36:04 UTC
TRIGGER:schedule
