---METADATA---
HTTP_STATUS:200
TIME_TOTAL:3.338575
TIME_CONNECT:0.264279
SIZE_DOWNLOAD:1292
TIMESTAMP:2025-08-23 23:48:09 UTC
TRIGGER:schedule
