---METADATA---
HTTP_STATUS:200
TIME_TOTAL:3.504470
TIME_CONNECT:0.260293
SIZE_DOWNLOAD:1296
TIMESTAMP:2025-08-23 03:37:27 UTC
TRIGGER:schedule
