---METADATA---
HTTP_STATUS:200
TIME_TOTAL:1.087469
TIME_CONNECT:0.237839
SIZE_DOWNLOAD:1292
TIMESTAMP:2025-08-23 23:41:19 UTC
TRIGGER:schedule
