---METADATA---
HTTP_STATUS:200
TIME_TOTAL:3.539502
TIME_CONNECT:0.264729
SIZE_DOWNLOAD:1292
TIMESTAMP:2025-08-23 20:41:53 UTC
TRIGGER:schedule
