---METADATA---
HTTP_STATUS:200
TIME_TOTAL:3.372699
TIME_CONNECT:0.271317
SIZE_DOWNLOAD:1292
TIMESTAMP:2025-08-23 20:48:21 UTC
TRIGGER:schedule
