---METADATA---
HTTP_STATUS:200
TIME_TOTAL:3.575407
TIME_CONNECT:0.311552
SIZE_DOWNLOAD:1309
TIMESTAMP:2025-08-23 08:50:36 UTC
TRIGGER:schedule
