---METADATA---
HTTP_STATUS:200
TIME_TOTAL:3.442038
TIME_CONNECT:0.260830
SIZE_DOWNLOAD:1292
TIMESTAMP:2025-08-23 16:24:37 UTC
TRIGGER:schedule
