---METADATA---
HTTP_STATUS:200
TIME_TOTAL:3.441516
TIME_CONNECT:0.290616
SIZE_DOWNLOAD:1296
TIMESTAMP:2025-08-23 06:51:38 UTC
TRIGGER:schedule
