---METADATA---
HTTP_STATUS:200
TIME_TOTAL:3.549479
TIME_CONNECT:0.238379
SIZE_DOWNLOAD:1292
TIMESTAMP:2025-08-23 23:27:52 UTC
TRIGGER:schedule
