---METADATA---
HTTP_STATUS:200
TIME_TOTAL:3.452369
TIME_CONNECT:0.278125
SIZE_DOWNLOAD:1309
TIMESTAMP:2025-08-23 11:24:04 UTC
TRIGGER:schedule
