---METADATA---
HTTP_STATUS:200
TIME_TOTAL:3.455039
TIME_CONNECT:0.273623
SIZE_DOWNLOAD:1309
TIMESTAMP:2025-08-23 10:21:22 UTC
TRIGGER:schedule
