---METADATA---
HTTP_STATUS:200
TIME_TOTAL:3.525663
TIME_CONNECT:0.276031
SIZE_DOWNLOAD:1309
TIMESTAMP:2025-08-23 07:12:20 UTC
TRIGGER:schedule
