---METADATA---
HTTP_STATUS:200
TIME_TOTAL:3.548798
TIME_CONNECT:0.283798
SIZE_DOWNLOAD:1292
TIMESTAMP:2025-08-23 15:11:42 UTC
TRIGGER:schedule
