---METADATA---
HTTP_STATUS:200
TIME_TOTAL:3.424808
TIME_CONNECT:0.257332
SIZE_DOWNLOAD:1292
TIMESTAMP:2025-08-23 19:19:30 UTC
TRIGGER:schedule
