---METADATA---
HTTP_STATUS:200
TIME_TOTAL:3.486812
TIME_CONNECT:0.238524
SIZE_DOWNLOAD:1296
TIMESTAMP:2025-08-23 08:15:59 UTC
TRIGGER:schedule
