---METADATA---
HTTP_STATUS:200
TIME_TOTAL:3.335910
TIME_CONNECT:0.275238
SIZE_DOWNLOAD:1309
TIMESTAMP:2025-08-23 09:48:09 UTC
TRIGGER:schedule
