---METADATA---
HTTP_STATUS:200
TIME_TOTAL:3.424219
TIME_CONNECT:0.240906
SIZE_DOWNLOAD:1292
TIMESTAMP:2025-08-23 20:26:31 UTC
TRIGGER:schedule
