---METADATA---
HTTP_STATUS:200
TIME_TOTAL:3.626994
TIME_CONNECT:0.264442
SIZE_DOWNLOAD:1292
TIMESTAMP:2025-08-23 15:51:01 UTC
TRIGGER:schedule
