---METADATA---
HTTP_STATUS:200
TIME_TOTAL:1.088454
TIME_CONNECT:0.292298
SIZE_DOWNLOAD:1292
TIMESTAMP:2025-08-23 21:50:33 UTC
TRIGGER:schedule
