---METADATA---
HTTP_STATUS:200
TIME_TOTAL:3.493300
TIME_CONNECT:0.275477
SIZE_DOWNLOAD:1292
TIMESTAMP:2025-08-23 22:12:13 UTC
TRIGGER:schedule
