---METADATA---
HTTP_STATUS:200
TIME_TOTAL:3.558117
TIME_CONNECT:0.272873
SIZE_DOWNLOAD:1296
TIMESTAMP:2025-08-23 05:41:03 UTC
TRIGGER:schedule
