---METADATA---
HTTP_STATUS:200
TIME_TOTAL:1.079930
TIME_CONNECT:0.276125
SIZE_DOWNLOAD:1309
TIMESTAMP:2025-08-23 09:51:12 UTC
TRIGGER:schedule
