---METADATA---
HTTP_STATUS:200
TIME_TOTAL:3.536670
TIME_CONNECT:0.239743
SIZE_DOWNLOAD:1296
TIMESTAMP:2025-08-23 04:44:19 UTC
TRIGGER:schedule
