---METADATA---
HTTP_STATUS:200
TIME_TOTAL:3.476088
TIME_CONNECT:0.277616
SIZE_DOWNLOAD:1309
TIMESTAMP:2025-08-23 11:19:42 UTC
TRIGGER:schedule
