---METADATA---
HTTP_STATUS:200
TIME_TOTAL:3.362149
TIME_CONNECT:0.244510
SIZE_DOWNLOAD:1292
TIMESTAMP:2025-08-23 19:47:03 UTC
TRIGGER:schedule
