---METADATA---
HTTP_STATUS:200
TIME_TOTAL:3.470703
TIME_CONNECT:0.233194
SIZE_DOWNLOAD:1296
TIMESTAMP:2025-08-23 03:25:13 UTC
TRIGGER:schedule
