---METADATA---
HTTP_STATUS:200
TIME_TOTAL:3.252020
TIME_CONNECT:0.213649
SIZE_DOWNLOAD:1292
TIMESTAMP:2025-08-23 17:50:28 UTC
TRIGGER:schedule
