---METADATA---
HTTP_STATUS:200
TIME_TOTAL:3.426023
TIME_CONNECT:0.224979
SIZE_DOWNLOAD:1309
TIMESTAMP:2025-08-23 11:34:57 UTC
TRIGGER:schedule
