---METADATA---
HTTP_STATUS:200
TIME_TOTAL:3.485169
TIME_CONNECT:0.331955
SIZE_DOWNLOAD:1309
TIMESTAMP:2025-08-23 09:28:44 UTC
TRIGGER:schedule
