---METADATA---
HTTP_STATUS:200
TIME_TOTAL:3.403510
TIME_CONNECT:0.270346
SIZE_DOWNLOAD:1292
TIMESTAMP:2025-08-23 21:38:40 UTC
TRIGGER:schedule
