---METADATA---
HTTP_STATUS:200
TIME_TOTAL:3.412320
TIME_CONNECT:0.287875
SIZE_DOWNLOAD:1309
TIMESTAMP:2025-08-23 10:12:59 UTC
TRIGGER:schedule
