---METADATA---
HTTP_STATUS:200
TIME_TOTAL:3.501411
TIME_CONNECT:0.280485
SIZE_DOWNLOAD:1292
TIMESTAMP:2025-08-23 19:58:42 UTC
TRIGGER:schedule
