---METADATA---
HTTP_STATUS:200
TIME_TOTAL:3.676013
TIME_CONNECT:0.266826
SIZE_DOWNLOAD:1309
TIMESTAMP:2025-08-23 09:12:47 UTC
TRIGGER:schedule
