---METADATA---
HTTP_STATUS:200
TIME_TOTAL:3.481299
TIME_CONNECT:0.286171
SIZE_DOWNLOAD:1309
TIMESTAMP:2025-08-23 07:47:04 UTC
TRIGGER:schedule
