---METADATA---
HTTP_STATUS:200
TIME_TOTAL:3.405824
TIME_CONNECT:0.230759
SIZE_DOWNLOAD:1292
TIMESTAMP:2025-08-23 20:30:39 UTC
TRIGGER:schedule
