---METADATA---
HTTP_STATUS:200
TIME_TOTAL:3.498674
TIME_CONNECT:0.246507
SIZE_DOWNLOAD:1309
TIMESTAMP:2025-08-23 08:41:27 UTC
TRIGGER:schedule
