---METADATA---
HTTP_STATUS:200
TIME_TOTAL:3.445473
TIME_CONNECT:0.270613
SIZE_DOWNLOAD:1292
TIMESTAMP:2025-08-23 21:26:36 UTC
TRIGGER:schedule
