---METADATA---
HTTP_STATUS:200
TIME_TOTAL:3.589604
TIME_CONNECT:0.272203
SIZE_DOWNLOAD:1291
TIMESTAMP:2025-08-23 13:27:08 UTC
TRIGGER:schedule
