---METADATA---
HTTP_STATUS:200
TIME_TOTAL:3.596918
TIME_CONNECT:0.275848
SIZE_DOWNLOAD:1309
TIMESTAMP:2025-08-23 09:21:03 UTC
TRIGGER:schedule
