---METADATA---
HTTP_STATUS:200
TIME_TOTAL:3.648436
TIME_CONNECT:0.252792
SIZE_DOWNLOAD:1292
TIMESTAMP:2025-08-23 18:43:08 UTC
TRIGGER:schedule
