---METADATA---
HTTP_STATUS:200
TIME_TOTAL:3.535177
TIME_CONNECT:0.272330
SIZE_DOWNLOAD:1296
TIMESTAMP:2025-08-23 05:30:50 UTC
TRIGGER:schedule
