---METADATA---
HTTP_STATUS:200
TIME_TOTAL:1.131280
TIME_CONNECT:0.278309
SIZE_DOWNLOAD:1292
TIMESTAMP:2025-08-23 19:35:00 UTC
TRIGGER:schedule
