---METADATA---
HTTP_STATUS:200
TIME_TOTAL:3.487963
TIME_CONNECT:0.299492
SIZE_DOWNLOAD:1292
TIMESTAMP:2025-08-23 15:39:06 UTC
TRIGGER:schedule
