---METADATA---
HTTP_STATUS:200
TIME_TOTAL:3.523283
TIME_CONNECT:0.239508
SIZE_DOWNLOAD:1296
TIMESTAMP:2025-08-23 02:40:22 UTC
TRIGGER:schedule
