---METADATA---
HTTP_STATUS:200
TIME_TOTAL:3.473234
TIME_CONNECT:0.289384
SIZE_DOWNLOAD:1292
TIMESTAMP:2025-08-23 17:48:10 UTC
TRIGGER:schedule
