---METADATA---
HTTP_STATUS:200
TIME_TOTAL:3.536927
TIME_CONNECT:0.241428
SIZE_DOWNLOAD:1292
TIMESTAMP:2025-08-23 14:56:47 UTC
TRIGGER:schedule
