---METADATA---
HTTP_STATUS:200
TIME_TOTAL:3.469268
TIME_CONNECT:0.237917
SIZE_DOWNLOAD:1292
TIMESTAMP:2025-08-23 22:37:14 UTC
TRIGGER:schedule
