---METADATA---
HTTP_STATUS:200
TIME_TOTAL:3.528520
TIME_CONNECT:0.246464
SIZE_DOWNLOAD:1292
TIMESTAMP:2025-08-23 15:23:11 UTC
TRIGGER:schedule
