---METADATA---
HTTP_STATUS:200
TIME_TOTAL:3.621988
TIME_CONNECT:0.290640
SIZE_DOWNLOAD:1295
TIMESTAMP:2025-08-23 06:44:49 UTC
TRIGGER:schedule
