---METADATA---
HTTP_STATUS:200
TIME_TOTAL:3.480139
TIME_CONNECT:0.234877
SIZE_DOWNLOAD:1292
TIMESTAMP:2025-08-23 20:13:37 UTC
TRIGGER:schedule
