---METADATA---
HTTP_STATUS:200
TIME_TOTAL:3.271719
TIME_CONNECT:0.211683
SIZE_DOWNLOAD:1292
TIMESTAMP:2025-08-23 23:56:59 UTC
TRIGGER:schedule
