---METADATA---
HTTP_STATUS:200
TIME_TOTAL:3.450458
TIME_CONNECT:0.238334
SIZE_DOWNLOAD:1292
TIMESTAMP:2025-08-23 21:21:56 UTC
TRIGGER:schedule
