---METADATA---
HTTP_STATUS:200
TIME_TOTAL:3.576064
TIME_CONNECT:0.284248
SIZE_DOWNLOAD:1309
TIMESTAMP:2025-08-23 11:32:24 UTC
TRIGGER:schedule
