---METADATA---
HTTP_STATUS:200
TIME_TOTAL:3.265378
TIME_CONNECT:0.271771
SIZE_DOWNLOAD:1294
TIMESTAMP:2025-07-12 21:12:34 UTC
TRIGGER:schedule
