---METADATA---
HTTP_STATUS:200
TIME_TOTAL:3.367749
TIME_CONNECT:0.315903
SIZE_DOWNLOAD:1294
TIMESTAMP:2025-07-12 16:16:02 UTC
TRIGGER:schedule
