---METADATA---
HTTP_STATUS:200
TIME_TOTAL:3.569305
TIME_CONNECT:0.283942
SIZE_DOWNLOAD:1309
TIMESTAMP:2025-07-12 06:56:00 UTC
TRIGGER:schedule
