---METADATA---
HTTP_STATUS:200
TIME_TOTAL:3.698550
TIME_CONNECT:0.229018
SIZE_DOWNLOAD:1307
TIMESTAMP:2025-07-12 08:53:21 UTC
TRIGGER:schedule
