---METADATA---
HTTP_STATUS:200
TIME_TOTAL:1.026621
TIME_CONNECT:0.284966
SIZE_DOWNLOAD:1294
TIMESTAMP:2025-07-12 05:52:38 UTC
TRIGGER:schedule
