---METADATA---
HTTP_STATUS:200
TIME_TOTAL:3.580770
TIME_CONNECT:0.306708
SIZE_DOWNLOAD:1294
TIMESTAMP:2025-07-12 23:57:59 UTC
TRIGGER:schedule
