---METADATA---
HTTP_STATUS:200
TIME_TOTAL:3.503795
TIME_CONNECT:0.296633
SIZE_DOWNLOAD:1294
TIMESTAMP:2025-07-12 19:24:51 UTC
TRIGGER:schedule
