---METADATA---
HTTP_STATUS:200
TIME_TOTAL:1.148926
TIME_CONNECT:0.276585
SIZE_DOWNLOAD:1294
TIMESTAMP:2025-07-12 19:29:53 UTC
TRIGGER:schedule
