---METADATA---
HTTP_STATUS:200
TIME_TOTAL:1.041142
TIME_CONNECT:0.238275
SIZE_DOWNLOAD:1294
TIMESTAMP:2025-07-12 23:33:23 UTC
TRIGGER:schedule
