---METADATA---
HTTP_STATUS:200
TIME_TOTAL:3.536311
TIME_CONNECT:0.214241
SIZE_DOWNLOAD:1294
TIMESTAMP:2025-07-12 10:51:03 UTC
TRIGGER:schedule
