---METADATA---
HTTP_STATUS:200
TIME_TOTAL:3.427135
TIME_CONNECT:0.274206
SIZE_DOWNLOAD:1294
TIMESTAMP:2025-07-12 16:44:34 UTC
TRIGGER:schedule
