---METADATA---
HTTP_STATUS:200
TIME_TOTAL:3.405705
TIME_CONNECT:0.271115
SIZE_DOWNLOAD:1309
TIMESTAMP:2025-07-12 04:43:31 UTC
TRIGGER:schedule
