---METADATA---
HTTP_STATUS:200
TIME_TOTAL:3.351004
TIME_CONNECT:0.310452
SIZE_DOWNLOAD:1294
TIMESTAMP:2025-07-12 19:17:51 UTC
TRIGGER:schedule
