---METADATA---
HTTP_STATUS:200
TIME_TOTAL:3.345159
TIME_CONNECT:0.221322
SIZE_DOWNLOAD:1307
TIMESTAMP:2025-07-12 07:48:05 UTC
TRIGGER:schedule
