---METADATA---
HTTP_STATUS:200
TIME_TOTAL:3.348835
TIME_CONNECT:0.289930
SIZE_DOWNLOAD:1294
TIMESTAMP:2025-07-12 14:56:54 UTC
TRIGGER:schedule
