---METADATA---
HTTP_STATUS:200
TIME_TOTAL:3.305169
TIME_CONNECT:0.271317
SIZE_DOWNLOAD:1294
TIMESTAMP:2025-07-12 20:56:56 UTC
TRIGGER:schedule
