---METADATA---
HTTP_STATUS:200
TIME_TOTAL:3.530097
TIME_CONNECT:0.284450
SIZE_DOWNLOAD:1294
TIMESTAMP:2025-07-12 18:31:18 UTC
TRIGGER:schedule
