---METADATA---
HTTP_STATUS:200
TIME_TOTAL:3.502201
TIME_CONNECT:0.268421
SIZE_DOWNLOAD:1307
TIMESTAMP:2025-07-12 07:24:13 UTC
TRIGGER:schedule
