---METADATA---
HTTP_STATUS:200
TIME_TOTAL:3.315112
TIME_CONNECT:0.276855
SIZE_DOWNLOAD:1294
TIMESTAMP:2025-07-12 19:42:16 UTC
TRIGGER:schedule
