---METADATA---
HTTP_STATUS:200
TIME_TOTAL:3.358432
TIME_CONNECT:0.231405
SIZE_DOWNLOAD:1307
TIMESTAMP:2025-07-12 07:30:46 UTC
TRIGGER:schedule
