---METADATA---
HTTP_STATUS:200
TIME_TOTAL:3.334739
TIME_CONNECT:0.282732
SIZE_DOWNLOAD:1294
TIMESTAMP:2025-07-12 19:10:29 UTC
TRIGGER:schedule
