---METADATA---
HTTP_STATUS:200
TIME_TOTAL:3.313770
TIME_CONNECT:0.274576
SIZE_DOWNLOAD:1294
TIMESTAMP:2025-07-12 22:34:17 UTC
TRIGGER:schedule
