---METADATA---
HTTP_STATUS:200
TIME_TOTAL:3.519232
TIME_CONNECT:0.287082
SIZE_DOWNLOAD:1307
TIMESTAMP:2025-07-12 11:56:49 UTC
TRIGGER:schedule
