---METADATA---
HTTP_STATUS:200
TIME_TOTAL:3.085945
TIME_CONNECT:0.223787
SIZE_DOWNLOAD:1294
TIMESTAMP:2025-07-12 20:33:39 UTC
TRIGGER:schedule
