---METADATA---
HTTP_STATUS:200
TIME_TOTAL:3.259289
TIME_CONNECT:0.274439
SIZE_DOWNLOAD:1294
TIMESTAMP:2025-07-12 15:32:37 UTC
TRIGGER:schedule
