---METADATA---
HTTP_STATUS:200
TIME_TOTAL:3.352584
TIME_CONNECT:0.283551
SIZE_DOWNLOAD:1294
TIMESTAMP:2025-07-12 15:56:57 UTC
TRIGGER:schedule
