---METADATA---
HTTP_STATUS:200
TIME_TOTAL:3.402690
TIME_CONNECT:0.259921
SIZE_DOWNLOAD:1296
TIMESTAMP:2025-07-12 10:58:20 UTC
TRIGGER:schedule
