---METADATA---
HTTP_STATUS:200
TIME_TOTAL:3.470192
TIME_CONNECT:0.238327
SIZE_DOWNLOAD:1307
TIMESTAMP:2025-07-12 07:56:58 UTC
TRIGGER:schedule
