---METADATA---
HTTP_STATUS:200
TIME_TOTAL:3.416576
TIME_CONNECT:0.300836
SIZE_DOWNLOAD:1130
TIMESTAMP:2025-07-12 06:19:42 UTC
TRIGGER:schedule
