---METADATA---
HTTP_STATUS:200
TIME_TOTAL:3.251471
TIME_CONNECT:0.235039
SIZE_DOWNLOAD:1294
TIMESTAMP:2025-07-12 22:26:13 UTC
TRIGGER:schedule
