---METADATA---
HTTP_STATUS:200
TIME_TOTAL:3.640980
TIME_CONNECT:0.250270
SIZE_DOWNLOAD:1296
TIMESTAMP:2025-07-12 08:32:39 UTC
TRIGGER:schedule
