---METADATA---
HTTP_STATUS:200
TIME_TOTAL:3.418355
TIME_CONNECT:0.278495
SIZE_DOWNLOAD:1294
TIMESTAMP:2025-07-12 20:28:16 UTC
TRIGGER:schedule
