---METADATA---
HTTP_STATUS:200
TIME_TOTAL:3.286839
TIME_CONNECT:0.277322
SIZE_DOWNLOAD:1294
TIMESTAMP:2025-07-12 15:26:45 UTC
TRIGGER:schedule
