---METADATA---
HTTP_STATUS:200
TIME_TOTAL:3.104250
TIME_CONNECT:0.279649
SIZE_DOWNLOAD:1293
TIMESTAMP:2025-07-12 13:50:51 UTC
TRIGGER:schedule
