---METADATA---
HTTP_STATUS:200
TIME_TOTAL:3.798128
TIME_CONNECT:0.488117
SIZE_DOWNLOAD:1294
TIMESTAMP:2025-07-12 04:00:29 UTC
TRIGGER:schedule
