---METADATA---
HTTP_STATUS:200
TIME_TOTAL:3.425628
TIME_CONNECT:0.277621
SIZE_DOWNLOAD:1294
TIMESTAMP:2025-07-12 05:10:47 UTC
TRIGGER:schedule
