---METADATA---
HTTP_STATUS:200
TIME_TOTAL:3.392789
TIME_CONNECT:0.304475
SIZE_DOWNLOAD:1294
TIMESTAMP:2025-07-12 15:44:52 UTC
TRIGGER:schedule
