---METADATA---
HTTP_STATUS:200
TIME_TOTAL:3.250684
TIME_CONNECT:0.252805
SIZE_DOWNLOAD:1294
TIMESTAMP:2025-07-12 01:13:46 UTC
TRIGGER:schedule
