---METADATA---
HTTP_STATUS:200
TIME_TOTAL:3.505615
TIME_CONNECT:0.271369
SIZE_DOWNLOAD:1293
TIMESTAMP:2025-07-12 11:11:49 UTC
TRIGGER:schedule
