---METADATA---
HTTP_STATUS:200
TIME_TOTAL:3.558672
TIME_CONNECT:0.256700
SIZE_DOWNLOAD:1296
TIMESTAMP:2025-07-12 09:23:17 UTC
TRIGGER:schedule
