---METADATA---
HTTP_STATUS:200
TIME_TOTAL:3.420287
TIME_CONNECT:0.279033
SIZE_DOWNLOAD:1294
TIMESTAMP:2025-07-12 22:13:01 UTC
TRIGGER:schedule
