---METADATA---
HTTP_STATUS:200
TIME_TOTAL:3.800532
TIME_CONNECT:0.240287
SIZE_DOWNLOAD:1294
TIMESTAMP:2025-07-12 08:55:31 UTC
TRIGGER:schedule
