---METADATA---
HTTP_STATUS:200
TIME_TOTAL:3.618469
TIME_CONNECT:0.240592
SIZE_DOWNLOAD:1307
TIMESTAMP:2025-07-12 08:17:17 UTC
TRIGGER:schedule
