---METADATA---
HTTP_STATUS:200
TIME_TOTAL:3.347825
TIME_CONNECT:0.277120
SIZE_DOWNLOAD:1307
TIMESTAMP:2025-07-12 07:41:49 UTC
TRIGGER:schedule
