---METADATA---
HTTP_STATUS:200
TIME_TOTAL:1.155885
TIME_CONNECT:0.292570
SIZE_DOWNLOAD:1294
TIMESTAMP:2025-07-12 19:35:08 UTC
TRIGGER:schedule
