---METADATA---
HTTP_STATUS:200
TIME_TOTAL:3.317859
TIME_CONNECT:0.273858
SIZE_DOWNLOAD:1294
TIMESTAMP:2025-07-12 14:43:27 UTC
TRIGGER:schedule
