---METADATA---
HTTP_STATUS:200
TIME_TOTAL:3.180906
TIME_CONNECT:0.242099
SIZE_DOWNLOAD:1294
TIMESTAMP:2025-07-12 17:37:21 UTC
TRIGGER:schedule
