---METADATA---
HTTP_STATUS:200
TIME_TOTAL:3.415109
TIME_CONNECT:0.224199
SIZE_DOWNLOAD:1296
TIMESTAMP:2025-07-12 07:13:43 UTC
TRIGGER:schedule
