---METADATA---
HTTP_STATUS:200
TIME_TOTAL:3.563990
TIME_CONNECT:0.275587
SIZE_DOWNLOAD:1294
TIMESTAMP:2025-07-12 15:13:44 UTC
TRIGGER:schedule
