---METADATA---
HTTP_STATUS:200
TIME_TOTAL:3.358962
TIME_CONNECT:0.237669
SIZE_DOWNLOAD:1294
TIMESTAMP:2025-07-12 18:53:24 UTC
TRIGGER:schedule
