---METADATA---
HTTP_STATUS:200
TIME_TOTAL:3.598244
TIME_CONNECT:0.286401
SIZE_DOWNLOAD:1294
TIMESTAMP:2025-07-12 22:45:19 UTC
TRIGGER:schedule
