---METADATA---
HTTP_STATUS:200
TIME_TOTAL:3.427198
TIME_CONNECT:0.239734
SIZE_DOWNLOAD:1294
TIMESTAMP:2025-07-12 20:14:41 UTC
TRIGGER:schedule
