---METADATA---
HTTP_STATUS:200
TIME_TOTAL:3.349228
TIME_CONNECT:0.277061
SIZE_DOWNLOAD:1296
TIMESTAMP:2025-07-12 05:20:54 UTC
TRIGGER:schedule
