---METADATA---
HTTP_STATUS:200
TIME_TOTAL:3.496411
TIME_CONNECT:0.311012
SIZE_DOWNLOAD:1307
TIMESTAMP:2025-07-12 12:52:16 UTC
TRIGGER:schedule
