---METADATA---
HTTP_STATUS:200
TIME_TOTAL:3.335555
TIME_CONNECT:0.215276
SIZE_DOWNLOAD:1310
TIMESTAMP:2025-07-12 08:43:57 UTC
TRIGGER:schedule
