---METADATA---
HTTP_STATUS:200
TIME_TOTAL:3.188949
TIME_CONNECT:0.227597
SIZE_DOWNLOAD:1294
TIMESTAMP:2025-07-12 17:48:52 UTC
TRIGGER:schedule
