---METADATA---
HTTP_STATUS:200
TIME_TOTAL:3.586227
TIME_CONNECT:0.277197
SIZE_DOWNLOAD:1296
TIMESTAMP:2025-07-12 09:56:57 UTC
TRIGGER:schedule
