---METADATA---
HTTP_STATUS:200
TIME_TOTAL:1.049946
TIME_CONNECT:0.282293
SIZE_DOWNLOAD:1294
TIMESTAMP:2025-07-12 15:50:34 UTC
TRIGGER:schedule
