---METADATA---
HTTP_STATUS:200
TIME_TOTAL:1.035196
TIME_CONNECT:0.258783
SIZE_DOWNLOAD:1294
TIMESTAMP:2025-07-12 14:49:23 UTC
TRIGGER:schedule
