---METADATA---
HTTP_STATUS:200
TIME_TOTAL:3.387959
TIME_CONNECT:0.300307
SIZE_DOWNLOAD:1307
TIMESTAMP:2025-07-12 11:38:03 UTC
TRIGGER:schedule
