---METADATA---
HTTP_STATUS:200
TIME_TOTAL:3.528348
TIME_CONNECT:0.306788
SIZE_DOWNLOAD:1308
TIMESTAMP:2025-07-12 09:14:54 UTC
TRIGGER:schedule
