---METADATA---
HTTP_STATUS:200
TIME_TOTAL:3.343806
TIME_CONNECT:0.282027
SIZE_DOWNLOAD:1294
TIMESTAMP:2025-07-12 23:14:38 UTC
TRIGGER:schedule
