---METADATA---
HTTP_STATUS:200
TIME_TOTAL:3.277876
TIME_CONNECT:0.238282
SIZE_DOWNLOAD:1294
TIMESTAMP:2025-07-12 21:57:00 UTC
TRIGGER:schedule
