---METADATA---
HTTP_STATUS:200
TIME_TOTAL:3.345596
TIME_CONNECT:0.249731
SIZE_DOWNLOAD:1294
TIMESTAMP:2025-07-12 21:24:22 UTC
TRIGGER:schedule
