---METADATA---
HTTP_STATUS:200
TIME_TOTAL:3.362746
TIME_CONNECT:0.275301
SIZE_DOWNLOAD:1307
TIMESTAMP:2025-07-12 11:48:18 UTC
TRIGGER:schedule
