---METADATA---
HTTP_STATUS:200
TIME_TOTAL:3.305353
TIME_CONNECT:0.293745
SIZE_DOWNLOAD:1294
TIMESTAMP:2025-07-12 20:49:56 UTC
TRIGGER:schedule
