---METADATA---
HTTP_STATUS:200
TIME_TOTAL:3.315881
TIME_CONNECT:0.296278
SIZE_DOWNLOAD:1294
TIMESTAMP:2025-07-12 23:28:18 UTC
TRIGGER:schedule
