---METADATA---
HTTP_STATUS:200
TIME_TOTAL:3.233414
TIME_CONNECT:0.231184
SIZE_DOWNLOAD:1294
TIMESTAMP:2025-07-12 14:12:40 UTC
TRIGGER:schedule
