---METADATA---
HTTP_STATUS:200
TIME_TOTAL:3.512229
TIME_CONNECT:0.301571
SIZE_DOWNLOAD:1294
TIMESTAMP:2025-07-12 21:41:41 UTC
TRIGGER:schedule
