---METADATA---
HTTP_STATUS:200
TIME_TOTAL:3.361400
TIME_CONNECT:0.282188
SIZE_DOWNLOAD:1307
TIMESTAMP:2025-07-12 12:26:14 UTC
TRIGGER:schedule
