---METADATA---
HTTP_STATUS:200
TIME_TOTAL:3.308469
TIME_CONNECT:0.281892
SIZE_DOWNLOAD:1294
TIMESTAMP:2025-07-12 16:32:07 UTC
TRIGGER:schedule
