---METADATA---
HTTP_STATUS:200
TIME_TOTAL:3.559399
TIME_CONNECT:0.279667
SIZE_DOWNLOAD:1294
TIMESTAMP:2025-07-12 20:44:48 UTC
TRIGGER:schedule
