---METADATA---
HTTP_STATUS:200
TIME_TOTAL:3.395882
TIME_CONNECT:0.283072
SIZE_DOWNLOAD:1294
TIMESTAMP:2025-07-12 18:46:53 UTC
TRIGGER:schedule
