---METADATA---
HTTP_STATUS:200
TIME_TOTAL:3.469800
TIME_CONNECT:0.284055
SIZE_DOWNLOAD:1307
TIMESTAMP:2025-07-12 05:42:43 UTC
TRIGGER:schedule
