---METADATA---
HTTP_STATUS:200
TIME_TOTAL:3.143904
TIME_CONNECT:0.251418
SIZE_DOWNLOAD:1294
TIMESTAMP:2025-07-12 22:50:53 UTC
TRIGGER:schedule
