---METADATA---
HTTP_STATUS:200
TIME_TOTAL:3.379261
TIME_CONNECT:0.277890
SIZE_DOWNLOAD:1309
TIMESTAMP:2025-07-12 09:32:40 UTC
TRIGGER:schedule
