---METADATA---
HTTP_STATUS:200
TIME_TOTAL:3.164362
TIME_CONNECT:0.214904
SIZE_DOWNLOAD:1294
TIMESTAMP:2025-07-12 16:55:27 UTC
TRIGGER:schedule
