---METADATA---
HTTP_STATUS:200
TIME_TOTAL:3.461560
TIME_CONNECT:0.238591
SIZE_DOWNLOAD:1307
TIMESTAMP:2025-07-12 05:39:52 UTC
TRIGGER:schedule
