---METADATA---
HTTP_STATUS:200
TIME_TOTAL:3.339710
TIME_CONNECT:0.288200
SIZE_DOWNLOAD:1294
TIMESTAMP:2025-07-12 21:40:58 UTC
TRIGGER:schedule
