---METADATA---
HTTP_STATUS:200
TIME_TOTAL:3.370590
TIME_CONNECT:0.238016
SIZE_DOWNLOAD:1294
TIMESTAMP:2025-07-12 16:52:52 UTC
TRIGGER:schedule
