---METADATA---
HTTP_STATUS:200
TIME_TOTAL:3.364293
TIME_CONNECT:0.243213
SIZE_DOWNLOAD:1307
TIMESTAMP:2025-07-12 11:23:18 UTC
TRIGGER:schedule
