---METADATA---
HTTP_STATUS:200
TIME_TOTAL:3.368476
TIME_CONNECT:0.227638
SIZE_DOWNLOAD:1294
TIMESTAMP:2025-07-12 09:48:41 UTC
TRIGGER:schedule
