---METADATA---
HTTP_STATUS:200
TIME_TOTAL:3.411202
TIME_CONNECT:0.280255
SIZE_DOWNLOAD:1309
TIMESTAMP:2025-07-12 04:57:48 UTC
TRIGGER:schedule
