---METADATA---
HTTP_STATUS:200
TIME_TOTAL:3.227816
TIME_CONNECT:0.294483
SIZE_DOWNLOAD:1293
TIMESTAMP:2025-07-12 13:51:25 UTC
TRIGGER:schedule
