---METADATA---
HTTP_STATUS:200
TIME_TOTAL:3.255537
TIME_CONNECT:0.211041
SIZE_DOWNLOAD:1294
TIMESTAMP:2025-07-12 22:57:16 UTC
TRIGGER:schedule
