---METADATA---
HTTP_STATUS:200
TIME_TOTAL:3.382566
TIME_CONNECT:0.236865
SIZE_DOWNLOAD:1294
TIMESTAMP:2025-07-12 13:30:56 UTC
TRIGGER:schedule
