---METADATA---
HTTP_STATUS:200
TIME_TOTAL:3.702524
TIME_CONNECT:0.610220
SIZE_DOWNLOAD:1294
TIMESTAMP:2025-07-12 21:29:37 UTC
TRIGGER:schedule
