---METADATA---
HTTP_STATUS:200
TIME_TOTAL:3.569266
TIME_CONNECT:0.271470
SIZE_DOWNLOAD:1294
TIMESTAMP:2025-07-12 14:33:07 UTC
TRIGGER:schedule
