---METADATA---
HTTP_STATUS:200
TIME_TOTAL:3.582420
TIME_CONNECT:0.230067
SIZE_DOWNLOAD:1307
TIMESTAMP:2025-07-12 10:27:42 UTC
TRIGGER:schedule
