---METADATA---
HTTP_STATUS:200
TIME_TOTAL:3.421718
TIME_CONNECT:0.352027
SIZE_DOWNLOAD:1294
TIMESTAMP:2025-07-12 10:46:27 UTC
TRIGGER:schedule
