---METADATA---
HTTP_STATUS:200
TIME_TOTAL:3.343743
TIME_CONNECT:0.262161
SIZE_DOWNLOAD:1294
TIMESTAMP:2025-07-12 02:22:37 UTC
TRIGGER:schedule
