---METADATA---
HTTP_STATUS:200
TIME_TOTAL:3.296152
TIME_CONNECT:0.238527
SIZE_DOWNLOAD:1294
TIMESTAMP:2025-07-12 17:19:12 UTC
TRIGGER:schedule
