---METADATA---
HTTP_STATUS:200
TIME_TOTAL:3.401103
TIME_CONNECT:0.227628
SIZE_DOWNLOAD:1294
TIMESTAMP:2025-07-12 17:12:21 UTC
TRIGGER:schedule
