---METADATA---
HTTP_STATUS:200
TIME_TOTAL:3.396447
TIME_CONNECT:0.241882
SIZE_DOWNLOAD:1307
TIMESTAMP:2025-07-12 04:49:05 UTC
TRIGGER:schedule
