---METADATA---
HTTP_STATUS:200
TIME_TOTAL:3.449636
TIME_CONNECT:0.303245
SIZE_DOWNLOAD:1296
TIMESTAMP:2025-07-12 09:42:07 UTC
TRIGGER:schedule
