---METADATA---
HTTP_STATUS:200
TIME_TOTAL:3.484151
TIME_CONNECT:0.229042
SIZE_DOWNLOAD:1294
TIMESTAMP:2025-07-12 18:18:30 UTC
TRIGGER:schedule
