---METADATA---
HTTP_STATUS:200
TIME_TOTAL:3.253569
TIME_CONNECT:0.233307
SIZE_DOWNLOAD:1294
TIMESTAMP:2025-07-12 23:46:11 UTC
TRIGGER:schedule
