---METADATA---
HTTP_STATUS:200
TIME_TOTAL:3.525541
TIME_CONNECT:0.291169
SIZE_DOWNLOAD:1307
TIMESTAMP:2025-07-12 11:27:21 UTC
TRIGGER:schedule
