---METADATA---
HTTP_STATUS:200
TIME_TOTAL:3.501085
TIME_CONNECT:0.276407
SIZE_DOWNLOAD:1294
TIMESTAMP:2025-07-12 14:20:40 UTC
TRIGGER:schedule
