---METADATA---
HTTP_STATUS:200
TIME_TOTAL:3.377789
TIME_CONNECT:0.290358
SIZE_DOWNLOAD:1294
TIMESTAMP:2025-07-12 21:49:33 UTC
TRIGGER:schedule
