---METADATA---
HTTP_STATUS:200
TIME_TOTAL:3.423825
TIME_CONNECT:0.283449
SIZE_DOWNLOAD:1294
TIMESTAMP:2025-07-12 06:32:58 UTC
TRIGGER:schedule
