---METADATA---
HTTP_STATUS:200
TIME_TOTAL:3.585786
TIME_CONNECT:0.278675
SIZE_DOWNLOAD:1294
TIMESTAMP:2025-07-12 23:50:39 UTC
TRIGGER:schedule
