---METADATA---
HTTP_STATUS:200
TIME_TOTAL:3.455040
TIME_CONNECT:0.311834
SIZE_DOWNLOAD:1294
TIMESTAMP:2025-07-12 19:48:12 UTC
TRIGGER:schedule
