---METADATA---
HTTP_STATUS:200
TIME_TOTAL:3.448208
TIME_CONNECT:0.307776
SIZE_DOWNLOAD:1294
TIMESTAMP:2025-07-12 13:37:35 UTC
TRIGGER:schedule
