---METADATA---
HTTP_STATUS:200
TIME_TOTAL:3.317157
TIME_CONNECT:0.266501
SIZE_DOWNLOAD:1307
TIMESTAMP:2025-07-12 13:03:30 UTC
TRIGGER:schedule
