---METADATA---
HTTP_STATUS:200
TIME_TOTAL:3.510594
TIME_CONNECT:0.239542
SIZE_DOWNLOAD:1307
TIMESTAMP:2025-07-12 11:40:12 UTC
TRIGGER:schedule
