---METADATA---
HTTP_STATUS:200
TIME_TOTAL:3.271522
TIME_CONNECT:0.300968
SIZE_DOWNLOAD:1294
TIMESTAMP:2025-07-12 17:50:23 UTC
TRIGGER:schedule
