---METADATA---
HTTP_STATUS:200
TIME_TOTAL:3.310074
TIME_CONNECT:0.237619
SIZE_DOWNLOAD:1297
TIMESTAMP:2025-07-12 06:49:25 UTC
TRIGGER:schedule
