---METADATA---
HTTP_STATUS:200
TIME_TOTAL:3.360775
TIME_CONNECT:0.231353
SIZE_DOWNLOAD:1294
TIMESTAMP:2025-07-12 04:19:57 UTC
TRIGGER:schedule
