---METADATA---
HTTP_STATUS:200
TIME_TOTAL:3.487737
TIME_CONNECT:0.289900
SIZE_DOWNLOAD:1294
TIMESTAMP:2025-07-12 03:41:38 UTC
TRIGGER:schedule
