---METADATA---
HTTP_STATUS:200
TIME_TOTAL:3.397217
TIME_CONNECT:0.271868
SIZE_DOWNLOAD:1294
TIMESTAMP:2025-07-12 03:02:25 UTC
TRIGGER:schedule
