---METADATA---
HTTP_STATUS:200
TIME_TOTAL:3.479571
TIME_CONNECT:0.326326
SIZE_DOWNLOAD:1294
TIMESTAMP:2025-07-12 17:30:43 UTC
TRIGGER:schedule
