---METADATA---
HTTP_STATUS:200
TIME_TOTAL:3.254257
TIME_CONNECT:0.251326
SIZE_DOWNLOAD:1294
TIMESTAMP:2025-07-12 19:57:04 UTC
TRIGGER:schedule
