---METADATA---
HTTP_STATUS:200
TIME_TOTAL:3.337816
TIME_CONNECT:0.238361
SIZE_DOWNLOAD:1309
TIMESTAMP:2025-07-12 10:14:02 UTC
TRIGGER:schedule
