---METADATA---
HTTP_STATUS:200
TIME_TOTAL:3.367623
TIME_CONNECT:0.272938
SIZE_DOWNLOAD:1296
TIMESTAMP:2025-07-12 10:37:14 UTC
TRIGGER:schedule
