---METADATA---
HTTP_STATUS:200
TIME_TOTAL:3.422952
TIME_CONNECT:0.240146
SIZE_DOWNLOAD:1294
TIMESTAMP:2025-08-27 21:37:12 UTC
TRIGGER:schedule
