---METADATA---
HTTP_STATUS:200
TIME_TOTAL:0.981453
TIME_CONNECT:0.257865
SIZE_DOWNLOAD:1307
TIMESTAMP:2025-08-27 09:48:15 UTC
TRIGGER:schedule
