---METADATA---
HTTP_STATUS:200
TIME_TOTAL:3.453276
TIME_CONNECT:0.277709
SIZE_DOWNLOAD:1294
TIMESTAMP:2025-08-27 16:54:40 UTC
TRIGGER:schedule
