---METADATA---
HTTP_STATUS:200
TIME_TOTAL:3.601179
TIME_CONNECT:0.277595
SIZE_DOWNLOAD:1294
TIMESTAMP:2025-08-27 15:43:05 UTC
TRIGGER:schedule
