---METADATA---
HTTP_STATUS:200
TIME_TOTAL:3.384741
TIME_CONNECT:0.224624
SIZE_DOWNLOAD:1294
TIMESTAMP:2025-08-27 19:48:14 UTC
TRIGGER:schedule
