---METADATA---
HTTP_STATUS:200
TIME_TOTAL:3.879680
TIME_CONNECT:0.300303
SIZE_DOWNLOAD:1294
TIMESTAMP:2025-08-27 12:27:42 UTC
TRIGGER:schedule
