---METADATA---
HTTP_STATUS:200
TIME_TOTAL:3.480750
TIME_CONNECT:0.249207
SIZE_DOWNLOAD:1294
TIMESTAMP:2025-08-27 16:44:31 UTC
TRIGGER:schedule
