---METADATA---
HTTP_STATUS:200
TIME_TOTAL:3.339981
TIME_CONNECT:0.230994
SIZE_DOWNLOAD:1294
TIMESTAMP:2025-08-27 16:16:36 UTC
TRIGGER:schedule
