---METADATA---
HTTP_STATUS:200
TIME_TOTAL:0.997410
TIME_CONNECT:0.275143
SIZE_DOWNLOAD:1294
TIMESTAMP:2025-08-27 22:49:23 UTC
TRIGGER:schedule
