---METADATA---
HTTP_STATUS:200
TIME_TOTAL:3.651572
TIME_CONNECT:0.329172
SIZE_DOWNLOAD:1294
TIMESTAMP:2025-08-27 09:59:08 UTC
TRIGGER:schedule
