---METADATA---
HTTP_STATUS:200
TIME_TOTAL:3.628393
TIME_CONNECT:0.281602
SIZE_DOWNLOAD:1294
TIMESTAMP:2025-08-27 04:44:23 UTC
TRIGGER:schedule
