---METADATA---
HTTP_STATUS:200
TIME_TOTAL:3.471658
TIME_CONNECT:0.264559
SIZE_DOWNLOAD:1294
TIMESTAMP:2025-08-27 17:11:52 UTC
TRIGGER:schedule
