---METADATA---
HTTP_STATUS:200
TIME_TOTAL:1.171970
TIME_CONNECT:0.303367
SIZE_DOWNLOAD:1294
TIMESTAMP:2025-08-27 17:41:43 UTC
TRIGGER:schedule
