---METADATA---
HTTP_STATUS:200
TIME_TOTAL:3.524401
TIME_CONNECT:0.284971
SIZE_DOWNLOAD:1294
TIMESTAMP:2025-08-27 04:16:35 UTC
TRIGGER:schedule
