---METADATA---
HTTP_STATUS:200
TIME_TOTAL:3.932569
TIME_CONNECT:0.382270
SIZE_DOWNLOAD:1294
TIMESTAMP:2025-08-27 09:11:23 UTC
TRIGGER:schedule
