---METADATA---
HTTP_STATUS:200
TIME_TOTAL:3.591729
TIME_CONNECT:0.245397
SIZE_DOWNLOAD:1294
TIMESTAMP:2025-08-27 14:13:12 UTC
TRIGGER:schedule
