---METADATA---
HTTP_STATUS:200
TIME_TOTAL:1.199166
TIME_CONNECT:0.284220
SIZE_DOWNLOAD:1294
TIMESTAMP:2025-08-27 03:53:13 UTC
TRIGGER:schedule
