---METADATA---
HTTP_STATUS:200
TIME_TOTAL:3.408114
TIME_CONNECT:0.286630
SIZE_DOWNLOAD:1294
TIMESTAMP:2025-08-27 20:27:47 UTC
TRIGGER:schedule
