---METADATA---
HTTP_STATUS:200
TIME_TOTAL:3.410093
TIME_CONNECT:0.242432
SIZE_DOWNLOAD:1294
TIMESTAMP:2025-08-27 06:36:43 UTC
TRIGGER:schedule
