---METADATA---
HTTP_STATUS:200
TIME_TOTAL:3.272828
TIME_CONNECT:0.214763
SIZE_DOWNLOAD:1294
TIMESTAMP:2025-08-27 23:09:12 UTC
TRIGGER:schedule
