---METADATA---
HTTP_STATUS:200
TIME_TOTAL:3.531914
TIME_CONNECT:0.265998
SIZE_DOWNLOAD:1294
TIMESTAMP:2025-08-27 02:56:27 UTC
TRIGGER:schedule
