---METADATA---
HTTP_STATUS:200
TIME_TOTAL:3.455801
TIME_CONNECT:0.300983
SIZE_DOWNLOAD:1294
TIMESTAMP:2025-08-27 23:26:49 UTC
TRIGGER:schedule
