---METADATA---
HTTP_STATUS:200
TIME_TOTAL:3.506023
TIME_CONNECT:0.247631
SIZE_DOWNLOAD:1294
TIMESTAMP:2025-08-27 10:28:53 UTC
TRIGGER:schedule
