---METADATA---
HTTP_STATUS:200
TIME_TOTAL:3.727955
TIME_CONNECT:0.325108
SIZE_DOWNLOAD:1294
TIMESTAMP:2025-08-27 05:41:42 UTC
TRIGGER:schedule
