---METADATA---
HTTP_STATUS:200
TIME_TOTAL:3.735684
TIME_CONNECT:0.320765
SIZE_DOWNLOAD:1294
TIMESTAMP:2025-08-27 07:38:46 UTC
TRIGGER:schedule
