---METADATA---
HTTP_STATUS:200
TIME_TOTAL:3.381567
TIME_CONNECT:0.236966
SIZE_DOWNLOAD:1307
TIMESTAMP:2025-08-27 11:20:49 UTC
TRIGGER:schedule
