---METADATA---
HTTP_STATUS:200
TIME_TOTAL:3.472706
TIME_CONNECT:0.285213
SIZE_DOWNLOAD:1294
TIMESTAMP:2025-08-27 18:44:07 UTC
TRIGGER:schedule
