---METADATA---
HTTP_STATUS:200
TIME_TOTAL:3.486945
TIME_CONNECT:0.247646
SIZE_DOWNLOAD:1294
TIMESTAMP:2025-08-27 23:36:27 UTC
TRIGGER:schedule
