---METADATA---
HTTP_STATUS:200
TIME_TOTAL:3.544055
TIME_CONNECT:0.280712
SIZE_DOWNLOAD:1294
TIMESTAMP:2025-08-27 17:48:11 UTC
TRIGGER:schedule
