---METADATA---
HTTP_STATUS:200
TIME_TOTAL:1.116114
TIME_CONNECT:0.280265
SIZE_DOWNLOAD:1294
TIMESTAMP:2025-08-27 09:14:31 UTC
TRIGGER:schedule
