---METADATA---
HTTP_STATUS:200
TIME_TOTAL:3.500658
TIME_CONNECT:0.240412
SIZE_DOWNLOAD:1309
TIMESTAMP:2025-08-27 13:18:51 UTC
TRIGGER:schedule
