---METADATA---
HTTP_STATUS:200
TIME_TOTAL:3.454529
TIME_CONNECT:0.262901
SIZE_DOWNLOAD:1294
TIMESTAMP:2025-08-27 15:32:38 UTC
TRIGGER:schedule
