---METADATA---
HTTP_STATUS:200
TIME_TOTAL:3.571588
TIME_CONNECT:0.300607
SIZE_DOWNLOAD:1294
TIMESTAMP:2025-08-27 14:49:55 UTC
TRIGGER:schedule
