---METADATA---
HTTP_STATUS:200
TIME_TOTAL:3.654736
TIME_CONNECT:0.297285
SIZE_DOWNLOAD:1294
TIMESTAMP:2025-08-27 16:52:25 UTC
TRIGGER:schedule
