---METADATA---
HTTP_STATUS:200
TIME_TOTAL:3.662322
TIME_CONNECT:0.314733
SIZE_DOWNLOAD:1294
TIMESTAMP:2025-08-27 01:47:39 UTC
TRIGGER:schedule
