---METADATA---
HTTP_STATUS:200
TIME_TOTAL:3.492474
TIME_CONNECT:0.237587
SIZE_DOWNLOAD:1307
TIMESTAMP:2025-08-27 10:14:14 UTC
TRIGGER:schedule
