---METADATA---
HTTP_STATUS:200
TIME_TOTAL:0.943861
TIME_CONNECT:0.217359
SIZE_DOWNLOAD:1294
TIMESTAMP:2025-08-27 23:27:02 UTC
TRIGGER:schedule
