---METADATA---
HTTP_STATUS:200
TIME_TOTAL:1.102856
TIME_CONNECT:0.288711
SIZE_DOWNLOAD:1294
TIMESTAMP:2025-08-27 09:34:44 UTC
TRIGGER:schedule
