---METADATA---
HTTP_STATUS:200
TIME_TOTAL:3.398537
TIME_CONNECT:0.225309
SIZE_DOWNLOAD:1307
TIMESTAMP:2025-08-27 09:32:25 UTC
TRIGGER:schedule
