---METADATA---
HTTP_STATUS:200
TIME_TOTAL:3.521073
TIME_CONNECT:0.280073
SIZE_DOWNLOAD:1307
TIMESTAMP:2025-08-27 10:48:50 UTC
TRIGGER:schedule
