---METADATA---
HTTP_STATUS:200
TIME_TOTAL:3.539499
TIME_CONNECT:0.250562
SIZE_DOWNLOAD:1294
TIMESTAMP:2025-08-27 20:56:49 UTC
TRIGGER:schedule
