---METADATA---
HTTP_STATUS:200
TIME_TOTAL:3.571603
TIME_CONNECT:0.263585
SIZE_DOWNLOAD:1294
TIMESTAMP:2025-08-27 20:43:53 UTC
TRIGGER:schedule
