---METADATA---
HTTP_STATUS:200
TIME_TOTAL:3.605014
TIME_CONNECT:0.260615
SIZE_DOWNLOAD:1294
TIMESTAMP:2025-08-27 04:41:38 UTC
TRIGGER:schedule
