---METADATA---
HTTP_STATUS:200
TIME_TOTAL:1.104413
TIME_CONNECT:0.246031
SIZE_DOWNLOAD:1293
TIMESTAMP:2025-08-27 13:41:26 UTC
TRIGGER:schedule
