---METADATA---
HTTP_STATUS:200
TIME_TOTAL:3.469425
TIME_CONNECT:0.276253
SIZE_DOWNLOAD:1294
TIMESTAMP:2025-08-27 19:18:07 UTC
TRIGGER:schedule
