---METADATA---
HTTP_STATUS:200
TIME_TOTAL:3.478844
TIME_CONNECT:0.232211
SIZE_DOWNLOAD:1294
TIMESTAMP:2025-08-27 10:44:37 UTC
TRIGGER:schedule
