---METADATA---
HTTP_STATUS:200
TIME_TOTAL:3.450961
TIME_CONNECT:0.277561
SIZE_DOWNLOAD:1294
TIMESTAMP:2025-08-27 07:28:30 UTC
TRIGGER:schedule
