---METADATA---
HTTP_STATUS:200
TIME_TOTAL:3.435238
TIME_CONNECT:0.210246
SIZE_DOWNLOAD:1294
TIMESTAMP:2025-08-27 02:40:51 UTC
TRIGGER:schedule
