---METADATA---
HTTP_STATUS:200
TIME_TOTAL:8.284994
TIME_CONNECT:5.224062
SIZE_DOWNLOAD:1307
TIMESTAMP:2025-08-27 13:04:02 UTC
TRIGGER:schedule
