---METADATA---
HTTP_STATUS:200
TIME_TOTAL:3.549826
TIME_CONNECT:0.260337
SIZE_DOWNLOAD:1294
TIMESTAMP:2025-08-27 18:35:37 UTC
TRIGGER:schedule
