---METADATA---
HTTP_STATUS:200
TIME_TOTAL:3.402323
TIME_CONNECT:0.234961
SIZE_DOWNLOAD:1294
TIMESTAMP:2025-08-27 06:19:51 UTC
TRIGGER:schedule
