---METADATA---
HTTP_STATUS:200
TIME_TOTAL:3.481834
TIME_CONNECT:0.210269
SIZE_DOWNLOAD:1307
TIMESTAMP:2025-08-27 11:35:11 UTC
TRIGGER:schedule
