---METADATA---
HTTP_STATUS:200
TIME_TOTAL:3.577065
TIME_CONNECT:0.239934
SIZE_DOWNLOAD:1294
TIMESTAMP:2025-08-27 07:51:20 UTC
TRIGGER:schedule
