---METADATA---
HTTP_STATUS:200
TIME_TOTAL:3.516344
TIME_CONNECT:0.271517
SIZE_DOWNLOAD:1294
TIMESTAMP:2025-08-27 23:48:09 UTC
TRIGGER:schedule
