---METADATA---
HTTP_STATUS:200
TIME_TOTAL:1.094883
TIME_CONNECT:0.274692
SIZE_DOWNLOAD:1294
TIMESTAMP:2025-08-27 19:34:44 UTC
TRIGGER:schedule
