---METADATA---
HTTP_STATUS:200
TIME_TOTAL:3.608249
TIME_CONNECT:0.282762
SIZE_DOWNLOAD:1294
TIMESTAMP:2025-08-27 04:50:52 UTC
TRIGGER:schedule
