---METADATA---
HTTP_STATUS:200
TIME_TOTAL:3.459763
TIME_CONNECT:0.300182
SIZE_DOWNLOAD:1294
TIMESTAMP:2025-08-27 18:53:40 UTC
TRIGGER:schedule
