---METADATA---
HTTP_STATUS:200
TIME_TOTAL:3.575462
TIME_CONNECT:0.294643
SIZE_DOWNLOAD:1294
TIMESTAMP:2025-08-27 14:57:05 UTC
TRIGGER:schedule
