---METADATA---
HTTP_STATUS:200
TIME_TOTAL:3.442098
TIME_CONNECT:0.243883
SIZE_DOWNLOAD:1294
TIMESTAMP:2025-08-27 05:31:45 UTC
TRIGGER:schedule
