---METADATA---
HTTP_STATUS:200
TIME_TOTAL:3.482039
TIME_CONNECT:0.279178
SIZE_DOWNLOAD:1294
TIMESTAMP:2025-08-27 21:22:48 UTC
TRIGGER:schedule
