---METADATA---
HTTP_STATUS:200
TIME_TOTAL:3.610261
TIME_CONNECT:0.253425
SIZE_DOWNLOAD:1294
TIMESTAMP:2025-08-27 12:46:28 UTC
TRIGGER:schedule
