---METADATA---
HTTP_STATUS:200
TIME_TOTAL:3.280530
TIME_CONNECT:0.248834
SIZE_DOWNLOAD:1294
TIMESTAMP:2025-08-27 21:50:49 UTC
TRIGGER:schedule
