---METADATA---
HTTP_STATUS:200
TIME_TOTAL:3.583929
TIME_CONNECT:0.257692
SIZE_DOWNLOAD:1294
TIMESTAMP:2025-08-27 06:46:32 UTC
TRIGGER:schedule
