---METADATA---
HTTP_STATUS:200
TIME_TOTAL:3.633770
TIME_CONNECT:0.249569
SIZE_DOWNLOAD:1294
TIMESTAMP:2025-08-27 16:32:42 UTC
TRIGGER:schedule
