---METADATA---
HTTP_STATUS:200
TIME_TOTAL:3.409047
TIME_CONNECT:0.244444
SIZE_DOWNLOAD:1294
TIMESTAMP:2025-08-27 22:37:25 UTC
TRIGGER:schedule
