---METADATA---
HTTP_STATUS:200
TIME_TOTAL:3.516797
TIME_CONNECT:0.224923
SIZE_DOWNLOAD:1294
TIMESTAMP:2025-08-27 23:52:08 UTC
TRIGGER:schedule
