---METADATA---
HTTP_STATUS:200
TIME_TOTAL:3.558889
TIME_CONNECT:0.241785
SIZE_DOWNLOAD:1294
TIMESTAMP:2025-08-27 05:48:18 UTC
TRIGGER:schedule
