---METADATA---
HTTP_STATUS:200
TIME_TOTAL:3.373326
TIME_CONNECT:0.292792
SIZE_DOWNLOAD:1294
TIMESTAMP:2025-08-27 03:47:39 UTC
TRIGGER:schedule
