---METADATA---
HTTP_STATUS:200
TIME_TOTAL:3.566225
TIME_CONNECT:0.285517
SIZE_DOWNLOAD:1294
TIMESTAMP:2025-08-27 13:50:16 UTC
TRIGGER:schedule
