---METADATA---
HTTP_STATUS:200
TIME_TOTAL:3.343292
TIME_CONNECT:0.212851
SIZE_DOWNLOAD:1294
TIMESTAMP:2025-08-27 14:25:32 UTC
TRIGGER:schedule
