---METADATA---
HTTP_STATUS:200
TIME_TOTAL:3.565680
TIME_CONNECT:0.256924
SIZE_DOWNLOAD:1294
TIMESTAMP:2025-08-27 17:36:11 UTC
TRIGGER:schedule
