---METADATA---
HTTP_STATUS:200
TIME_TOTAL:3.618193
TIME_CONNECT:0.283303
SIZE_DOWNLOAD:1294
TIMESTAMP:2025-08-27 07:48:16 UTC
TRIGGER:schedule
