---METADATA---
HTTP_STATUS:200
TIME_TOTAL:3.393685
TIME_CONNECT:0.242264
SIZE_DOWNLOAD:1294
TIMESTAMP:2025-08-27 05:13:19 UTC
TRIGGER:schedule
