---METADATA---
HTTP_STATUS:200
TIME_TOTAL:3.461200
TIME_CONNECT:0.218589
SIZE_DOWNLOAD:1294
TIMESTAMP:2025-08-27 07:13:16 UTC
TRIGGER:schedule
