---METADATA---
HTTP_STATUS:200
TIME_TOTAL:3.472814
TIME_CONNECT:0.214990
SIZE_DOWNLOAD:1294
TIMESTAMP:2025-08-27 08:49:38 UTC
TRIGGER:schedule
