---METADATA---
HTTP_STATUS:200
TIME_TOTAL:3.413684
TIME_CONNECT:0.279205
SIZE_DOWNLOAD:1294
TIMESTAMP:2025-08-27 19:57:09 UTC
TRIGGER:schedule
