---METADATA---
HTTP_STATUS:200
TIME_TOTAL:3.566321
TIME_CONNECT:0.231305
SIZE_DOWNLOAD:1294
TIMESTAMP:2025-08-27 08:43:48 UTC
TRIGGER:schedule
