---METADATA---
HTTP_STATUS:200
TIME_TOTAL:3.396413
TIME_CONNECT:0.237962
SIZE_DOWNLOAD:1294
TIMESTAMP:2025-08-27 08:54:39 UTC
TRIGGER:schedule
