---METADATA---
HTTP_STATUS:200
TIME_TOTAL:3.540887
TIME_CONNECT:0.275839
SIZE_DOWNLOAD:1307
TIMESTAMP:2025-08-27 09:47:34 UTC
TRIGGER:schedule
