---METADATA---
HTTP_STATUS:200
TIME_TOTAL:3.457913
TIME_CONNECT:0.239366
SIZE_DOWNLOAD:1294
TIMESTAMP:2025-08-27 04:26:37 UTC
TRIGGER:schedule
