---METADATA---
HTTP_STATUS:200
TIME_TOTAL:3.277356
TIME_CONNECT:0.232099
SIZE_DOWNLOAD:1294
TIMESTAMP:2025-08-27 19:41:41 UTC
TRIGGER:schedule
