---METADATA---
HTTP_STATUS:200
TIME_TOTAL:1.033316
TIME_CONNECT:0.231941
SIZE_DOWNLOAD:1294
TIMESTAMP:2025-08-27 11:25:30 UTC
TRIGGER:schedule
