---METADATA---
HTTP_STATUS:200
TIME_TOTAL:3.454595
TIME_CONNECT:0.225189
SIZE_DOWNLOAD:1294
TIMESTAMP:2025-08-27 14:43:44 UTC
TRIGGER:schedule
