---METADATA---
HTTP_STATUS:200
TIME_TOTAL:3.382641
TIME_CONNECT:0.269181
SIZE_DOWNLOAD:1294
TIMESTAMP:2025-08-27 23:40:06 UTC
TRIGGER:schedule
