---METADATA---
HTTP_STATUS:200
TIME_TOTAL:3.588368
TIME_CONNECT:0.305536
SIZE_DOWNLOAD:1294
TIMESTAMP:2025-08-27 22:12:32 UTC
TRIGGER:schedule
