---METADATA---
HTTP_STATUS:200
TIME_TOTAL:3.686395
TIME_CONNECT:0.319261
SIZE_DOWNLOAD:1294
TIMESTAMP:2025-08-27 15:26:51 UTC
TRIGGER:schedule
