---METADATA---
HTTP_STATUS:200
TIME_TOTAL:3.558650
TIME_CONNECT:0.279607
SIZE_DOWNLOAD:1294
TIMESTAMP:2025-08-27 05:56:53 UTC
TRIGGER:schedule
