---METADATA---
HTTP_STATUS:200
TIME_TOTAL:3.455929
TIME_CONNECT:0.261384
SIZE_DOWNLOAD:1294
TIMESTAMP:2025-08-27 21:38:51 UTC
TRIGGER:schedule
