---METADATA---
HTTP_STATUS:200
TIME_TOTAL:3.469428
TIME_CONNECT:0.253993
SIZE_DOWNLOAD:1294
TIMESTAMP:2025-08-27 03:37:15 UTC
TRIGGER:schedule
