---METADATA---
HTTP_STATUS:200
TIME_TOTAL:3.364240
TIME_CONNECT:0.226341
SIZE_DOWNLOAD:1294
TIMESTAMP:2025-08-27 08:29:34 UTC
TRIGGER:schedule
