---METADATA---
HTTP_STATUS:200
TIME_TOTAL:3.763394
TIME_CONNECT:0.318356
SIZE_DOWNLOAD:1309
TIMESTAMP:2025-08-27 01:04:23 UTC
TRIGGER:schedule
