---METADATA---
HTTP_STATUS:200
TIME_TOTAL:3.691784
TIME_CONNECT:0.239985
SIZE_DOWNLOAD:1294
TIMESTAMP:2025-08-27 04:57:08 UTC
TRIGGER:schedule
