---METADATA---
HTTP_STATUS:200
TIME_TOTAL:3.601190
TIME_CONNECT:0.274690
SIZE_DOWNLOAD:1294
TIMESTAMP:2025-08-27 23:12:22 UTC
TRIGGER:schedule
