---METADATA---
HTTP_STATUS:200
TIME_TOTAL:3.647047
TIME_CONNECT:0.287754
SIZE_DOWNLOAD:1294
TIMESTAMP:2025-08-27 10:34:36 UTC
TRIGGER:schedule
