---METADATA---
HTTP_STATUS:200
TIME_TOTAL:3.456696
TIME_CONNECT:0.261303
SIZE_DOWNLOAD:1294
TIMESTAMP:2025-08-27 20:32:48 UTC
TRIGGER:schedule
