---METADATA---
HTTP_STATUS:200
TIME_TOTAL:3.427707
TIME_CONNECT:0.277893
SIZE_DOWNLOAD:1294
TIMESTAMP:2025-08-27 11:11:37 UTC
TRIGGER:schedule
