---METADATA---
HTTP_STATUS:200
TIME_TOTAL:4.000596
TIME_CONNECT:0.284535
SIZE_DOWNLOAD:1294
TIMESTAMP:2025-08-27 17:18:59 UTC
TRIGGER:schedule
