---METADATA---
HTTP_STATUS:200
TIME_TOTAL:3.480563
TIME_CONNECT:0.286281
SIZE_DOWNLOAD:1294
TIMESTAMP:2025-08-27 05:25:26 UTC
TRIGGER:schedule
