---METADATA---
HTTP_STATUS:200
TIME_TOTAL:3.718435
TIME_CONNECT:0.261557
SIZE_DOWNLOAD:1294
TIMESTAMP:2025-08-27 15:57:12 UTC
TRIGGER:schedule
