---METADATA---
HTTP_STATUS:200
TIME_TOTAL:3.504970
TIME_CONNECT:0.288367
SIZE_DOWNLOAD:1294
TIMESTAMP:2025-08-27 19:24:39 UTC
TRIGGER:schedule
