---METADATA---
HTTP_STATUS:200
TIME_TOTAL:3.477785
TIME_CONNECT:0.277419
SIZE_DOWNLOAD:1294
TIMESTAMP:2025-08-27 13:56:56 UTC
TRIGGER:schedule
