---METADATA---
HTTP_STATUS:200
TIME_TOTAL:3.442488
TIME_CONNECT:0.354181
SIZE_DOWNLOAD:1294
TIMESTAMP:2025-08-27 20:15:03 UTC
TRIGGER:schedule
