---METADATA---
HTTP_STATUS:200
TIME_TOTAL:1.183967
TIME_CONNECT:0.290616
SIZE_DOWNLOAD:1294
TIMESTAMP:2025-08-27 07:39:23 UTC
TRIGGER:schedule
