---METADATA---
HTTP_STATUS:200
TIME_TOTAL:3.566012
TIME_CONNECT:0.253455
SIZE_DOWNLOAD:1294
TIMESTAMP:2025-08-27 03:24:52 UTC
TRIGGER:schedule
