---METADATA---
HTTP_STATUS:200
TIME_TOTAL:3.426404
TIME_CONNECT:0.284335
SIZE_DOWNLOAD:1294
TIMESTAMP:2025-08-27 21:27:30 UTC
TRIGGER:schedule
