---METADATA---
HTTP_STATUS:200
TIME_TOTAL:3.478747
TIME_CONNECT:0.265917
SIZE_DOWNLOAD:1294
TIMESTAMP:2025-08-27 14:33:33 UTC
TRIGGER:schedule
