---METADATA---
HTTP_STATUS:200
TIME_TOTAL:3.467043
TIME_CONNECT:0.276278
SIZE_DOWNLOAD:1294
TIMESTAMP:2025-08-27 18:51:42 UTC
TRIGGER:schedule
