---METADATA---
HTTP_STATUS:200
TIME_TOTAL:3.264341
TIME_CONNECT:0.228056
SIZE_DOWNLOAD:1294
TIMESTAMP:2025-08-27 20:49:01 UTC
TRIGGER:schedule
