---METADATA---
HTTP_STATUS:200
TIME_TOTAL:3.540797
TIME_CONNECT:0.282793
SIZE_DOWNLOAD:1294
TIMESTAMP:2025-08-27 18:19:05 UTC
TRIGGER:schedule
