---METADATA---
HTTP_STATUS:200
TIME_TOTAL:3.668084
TIME_CONNECT:0.272565
SIZE_DOWNLOAD:1294
TIMESTAMP:2025-08-27 06:53:19 UTC
TRIGGER:schedule
