---METADATA---
HTTP_STATUS:200
TIME_TOTAL:3.500903
TIME_CONNECT:0.260942
SIZE_DOWNLOAD:1294
TIMESTAMP:2025-08-27 19:11:33 UTC
TRIGGER:schedule
