---METADATA---
HTTP_STATUS:200
TIME_TOTAL:1.068961
TIME_CONNECT:0.247951
SIZE_DOWNLOAD:1294
TIMESTAMP:2025-08-27 19:29:48 UTC
TRIGGER:schedule
