---METADATA---
HTTP_STATUS:200
TIME_TOTAL:3.590583
TIME_CONNECT:0.272261
SIZE_DOWNLOAD:1294
TIMESTAMP:2025-08-27 22:48:04 UTC
TRIGGER:schedule
