---METADATA---
HTTP_STATUS:200
TIME_TOTAL:3.387228
TIME_CONNECT:0.280299
SIZE_DOWNLOAD:1294
TIMESTAMP:2025-08-27 15:14:23 UTC
TRIGGER:schedule
