---METADATA---
HTTP_STATUS:200
TIME_TOTAL:3.558936
TIME_CONNECT:0.253503
SIZE_DOWNLOAD:1293
TIMESTAMP:2025-08-27 13:36:45 UTC
TRIGGER:schedule
