---METADATA---
HTTP_STATUS:200
TIME_TOTAL:3.326902
TIME_CONNECT:0.231195
SIZE_DOWNLOAD:1294
TIMESTAMP:2025-08-27 22:19:51 UTC
TRIGGER:schedule
