---METADATA---
HTTP_STATUS:200
TIME_TOTAL:3.473289
TIME_CONNECT:0.258285
SIZE_DOWNLOAD:1294
TIMESTAMP:2025-08-27 08:18:24 UTC
TRIGGER:schedule
