---METADATA---
HTTP_STATUS:200
TIME_TOTAL:3.506912
TIME_CONNECT:0.279810
SIZE_DOWNLOAD:1294
TIMESTAMP:2025-08-27 07:21:01 UTC
TRIGGER:schedule
