---METADATA---
HTTP_STATUS:200
TIME_TOTAL:3.353757
TIME_CONNECT:0.229261
SIZE_DOWNLOAD:1307
TIMESTAMP:2025-08-27 11:38:39 UTC
TRIGGER:schedule
