---METADATA---
HTTP_STATUS:200
TIME_TOTAL:3.402713
TIME_CONNECT:0.216668
SIZE_DOWNLOAD:1294
TIMESTAMP:2025-08-27 11:48:15 UTC
TRIGGER:schedule
