---METADATA---
HTTP_STATUS:200
TIME_TOTAL:1.089148
TIME_CONNECT:0.266495
SIZE_DOWNLOAD:1294
TIMESTAMP:2025-08-27 17:49:39 UTC
TRIGGER:schedule
