---METADATA---
HTTP_STATUS:200
TIME_TOTAL:3.459064
TIME_CONNECT:0.261637
SIZE_DOWNLOAD:1294
TIMESTAMP:2025-08-27 21:48:12 UTC
TRIGGER:schedule
