---METADATA---
HTTP_STATUS:200
TIME_TOTAL:3.469600
TIME_CONNECT:0.301287
SIZE_DOWNLOAD:1294
TIMESTAMP:2025-08-27 17:29:45 UTC
TRIGGER:schedule
