---METADATA---
HTTP_STATUS:200
TIME_TOTAL:3.467755
TIME_CONNECT:0.241599
SIZE_DOWNLOAD:1294
TIMESTAMP:2025-08-27 11:50:44 UTC
TRIGGER:schedule
