---METADATA---
HTTP_STATUS:200
TIME_TOTAL:3.419499
TIME_CONNECT:0.287921
SIZE_DOWNLOAD:1294
TIMESTAMP:2025-08-27 17:59:55 UTC
TRIGGER:schedule
