---METADATA---
HTTP_STATUS:200
TIME_TOTAL:3.480819
TIME_CONNECT:0.261331
SIZE_DOWNLOAD:1294
TIMESTAMP:2025-08-27 15:48:29 UTC
TRIGGER:schedule
