---METADATA---
HTTP_STATUS:200
TIME_TOTAL:3.455113
TIME_CONNECT:0.282178
SIZE_DOWNLOAD:1309
TIMESTAMP:2025-08-27 10:57:06 UTC
TRIGGER:schedule
