---METADATA---
HTTP_STATUS:200
TIME_TOTAL:3.394578
TIME_CONNECT:0.280034
SIZE_DOWNLOAD:1294
TIMESTAMP:2025-08-27 21:12:17 UTC
TRIGGER:schedule
