---METADATA---
HTTP_STATUS:200
TIME_TOTAL:1.056889
TIME_CONNECT:0.256234
SIZE_DOWNLOAD:1296
TIMESTAMP:2025-08-08 07:51:15 UTC
TRIGGER:schedule
