---METADATA---
HTTP_STATUS:200
TIME_TOTAL:3.550635
TIME_CONNECT:0.286038
SIZE_DOWNLOAD:1306
TIMESTAMP:2025-08-08 14:58:59 UTC
TRIGGER:schedule
