---METADATA---
HTTP_STATUS:200
TIME_TOTAL:3.505145
TIME_CONNECT:0.283523
SIZE_DOWNLOAD:1306
TIMESTAMP:2025-08-08 23:31:32 UTC
TRIGGER:schedule
