---METADATA---
HTTP_STATUS:200
TIME_TOTAL:3.717919
TIME_CONNECT:0.276091
SIZE_DOWNLOAD:1294
TIMESTAMP:2025-08-08 10:16:06 UTC
TRIGGER:schedule
