---METADATA---
HTTP_STATUS:200
TIME_TOTAL:3.555578
TIME_CONNECT:0.274001
SIZE_DOWNLOAD:1294
TIMESTAMP:2025-08-08 03:54:07 UTC
TRIGGER:schedule
