---METADATA---
HTTP_STATUS:200
TIME_TOTAL:3.336197
TIME_CONNECT:0.242044
SIZE_DOWNLOAD:1294
TIMESTAMP:2025-08-08 02:28:25 UTC
TRIGGER:schedule
