---METADATA---
HTTP_STATUS:200
TIME_TOTAL:1.097872
TIME_CONNECT:0.287120
SIZE_DOWNLOAD:1294
TIMESTAMP:2025-08-08 06:39:21 UTC
TRIGGER:schedule
