---METADATA---
HTTP_STATUS:200
TIME_TOTAL:3.518594
TIME_CONNECT:0.236218
SIZE_DOWNLOAD:1306
TIMESTAMP:2025-08-08 13:49:16 UTC
TRIGGER:schedule
