---METADATA---
HTTP_STATUS:200
TIME_TOTAL:3.457283
TIME_CONNECT:0.280383
SIZE_DOWNLOAD:1306
TIMESTAMP:2025-08-08 20:16:04 UTC
TRIGGER:schedule
