---METADATA---
HTTP_STATUS:200
TIME_TOTAL:3.502855
TIME_CONNECT:0.219561
SIZE_DOWNLOAD:1296
TIMESTAMP:2025-08-08 08:59:08 UTC
TRIGGER:schedule
