---METADATA---
HTTP_STATUS:200
TIME_TOTAL:3.847540
TIME_CONNECT:0.240906
SIZE_DOWNLOAD:1306
TIMESTAMP:2025-08-08 17:19:41 UTC
TRIGGER:schedule
