---METADATA---
HTTP_STATUS:200
TIME_TOTAL:3.675098
TIME_CONNECT:0.275662
SIZE_DOWNLOAD:1294
TIMESTAMP:2025-08-08 11:31:18 UTC
TRIGGER:schedule
