---METADATA---
HTTP_STATUS:200
TIME_TOTAL:3.358233
TIME_CONNECT:0.273392
SIZE_DOWNLOAD:1311
TIMESTAMP:2025-08-08 08:34:29 UTC
TRIGGER:schedule
