---METADATA---
HTTP_STATUS:200
TIME_TOTAL:3.459047
TIME_CONNECT:0.237292
SIZE_DOWNLOAD:1296
TIMESTAMP:2025-08-08 09:54:55 UTC
TRIGGER:schedule
