---METADATA---
HTTP_STATUS:200
TIME_TOTAL:3.511290
TIME_CONNECT:0.241438
SIZE_DOWNLOAD:1306
TIMESTAMP:2025-08-08 19:51:20 UTC
TRIGGER:schedule
