---METADATA---
HTTP_STATUS:200
TIME_TOTAL:3.362871
TIME_CONNECT:0.270535
SIZE_DOWNLOAD:1306
TIMESTAMP:2025-08-08 23:49:32 UTC
TRIGGER:schedule
