---METADATA---
HTTP_STATUS:200
TIME_TOTAL:3.471216
TIME_CONNECT:0.247018
SIZE_DOWNLOAD:1309
TIMESTAMP:2025-08-08 12:31:13 UTC
TRIGGER:schedule
