---METADATA---
HTTP_STATUS:200
TIME_TOTAL:3.448674
TIME_CONNECT:0.254271
SIZE_DOWNLOAD:1306
TIMESTAMP:2025-08-08 20:46:15 UTC
TRIGGER:schedule
