---METADATA---
HTTP_STATUS:200
TIME_TOTAL:3.582886
TIME_CONNECT:0.229720
SIZE_DOWNLOAD:1294
TIMESTAMP:2025-08-08 09:47:08 UTC
TRIGGER:schedule
