---METADATA---
HTTP_STATUS:200
TIME_TOTAL:1.129891
TIME_CONNECT:0.237474
SIZE_DOWNLOAD:1306
TIMESTAMP:2025-08-08 19:25:56 UTC
TRIGGER:schedule
