---METADATA---
HTTP_STATUS:200
TIME_TOTAL:3.376196
TIME_CONNECT:0.244443
SIZE_DOWNLOAD:1306
TIMESTAMP:2025-08-08 21:31:02 UTC
TRIGGER:schedule
