---METADATA---
HTTP_STATUS:200
TIME_TOTAL:3.766778
TIME_CONNECT:0.283421
SIZE_DOWNLOAD:1294
TIMESTAMP:2025-08-08 10:27:28 UTC
TRIGGER:schedule
