---METADATA---
HTTP_STATUS:200
TIME_TOTAL:3.497498
TIME_CONNECT:0.277194
SIZE_DOWNLOAD:1306
TIMESTAMP:2025-08-08 18:49:53 UTC
TRIGGER:schedule
