---METADATA---
HTTP_STATUS:200
TIME_TOTAL:3.558755
TIME_CONNECT:0.273932
SIZE_DOWNLOAD:1306
TIMESTAMP:2025-08-08 17:15:46 UTC
TRIGGER:schedule
