---METADATA---
HTTP_STATUS:200
TIME_TOTAL:3.378340
TIME_CONNECT:0.290503
SIZE_DOWNLOAD:1306
TIMESTAMP:2025-08-08 18:56:19 UTC
TRIGGER:schedule
