---METADATA---
HTTP_STATUS:200
TIME_TOTAL:3.579502
TIME_CONNECT:0.236536
SIZE_DOWNLOAD:1294
TIMESTAMP:2025-08-08 07:03:22 UTC
TRIGGER:schedule
