---METADATA---
HTTP_STATUS:200
TIME_TOTAL:3.778371
TIME_CONNECT:0.294136
SIZE_DOWNLOAD:1294
TIMESTAMP:2025-08-08 09:36:28 UTC
TRIGGER:schedule
