---METADATA---
HTTP_STATUS:200
TIME_TOTAL:3.696451
TIME_CONNECT:0.271370
SIZE_DOWNLOAD:1294
TIMESTAMP:2025-08-08 05:21:05 UTC
TRIGGER:schedule
