---METADATA---
HTTP_STATUS:200
TIME_TOTAL:3.520551
TIME_CONNECT:0.283571
SIZE_DOWNLOAD:1306
TIMESTAMP:2025-08-08 23:57:01 UTC
TRIGGER:schedule
