---METADATA---
HTTP_STATUS:200
TIME_TOTAL:3.445490
TIME_CONNECT:0.280646
SIZE_DOWNLOAD:1306
TIMESTAMP:2025-08-08 18:33:54 UTC
TRIGGER:schedule
