---METADATA---
HTTP_STATUS:200
TIME_TOTAL:3.377414
TIME_CONNECT:0.260724
SIZE_DOWNLOAD:1306
TIMESTAMP:2025-08-08 22:27:18 UTC
TRIGGER:schedule
