---METADATA---
HTTP_STATUS:200
TIME_TOTAL:3.600042
TIME_CONNECT:0.279713
SIZE_DOWNLOAD:1306
TIMESTAMP:2025-08-08 16:30:06 UTC
TRIGGER:schedule
