---METADATA---
HTTP_STATUS:200
TIME_TOTAL:3.472667
TIME_CONNECT:0.288147
SIZE_DOWNLOAD:1306
TIMESTAMP:2025-08-08 22:51:41 UTC
TRIGGER:schedule
