---METADATA---
HTTP_STATUS:200
TIME_TOTAL:3.668111
TIME_CONNECT:0.283671
SIZE_DOWNLOAD:1306
TIMESTAMP:2025-08-08 17:39:09 UTC
TRIGGER:schedule
