---METADATA---
HTTP_STATUS:200
TIME_TOTAL:3.496154
TIME_CONNECT:0.292565
SIZE_DOWNLOAD:1306
TIMESTAMP:2025-08-08 23:13:41 UTC
TRIGGER:schedule
