---METADATA---
HTTP_STATUS:200
TIME_TOTAL:3.626598
TIME_CONNECT:0.260121
SIZE_DOWNLOAD:1306
TIMESTAMP:2025-08-08 18:19:48 UTC
TRIGGER:schedule
