---METADATA---
HTTP_STATUS:200
TIME_TOTAL:3.492899
TIME_CONNECT:0.275533
SIZE_DOWNLOAD:1306
TIMESTAMP:2025-08-08 21:57:01 UTC
TRIGGER:schedule
