---METADATA---
HTTP_STATUS:200
TIME_TOTAL:1.026349
TIME_CONNECT:0.243452
SIZE_DOWNLOAD:1306
TIMESTAMP:2025-08-08 17:40:02 UTC
TRIGGER:schedule
