---METADATA---
HTTP_STATUS:200
TIME_TOTAL:3.624575
TIME_CONNECT:0.346779
SIZE_DOWNLOAD:1306
TIMESTAMP:2025-08-08 16:20:12 UTC
TRIGGER:schedule
