---METADATA---
HTTP_STATUS:200
TIME_TOTAL:3.398481
TIME_CONNECT:0.291923
SIZE_DOWNLOAD:1306
TIMESTAMP:2025-08-08 21:13:23 UTC
TRIGGER:schedule
