---METADATA---
HTTP_STATUS:200
TIME_TOTAL:3.466428
TIME_CONNECT:0.280227
SIZE_DOWNLOAD:1306
TIMESTAMP:2025-08-08 14:46:30 UTC
TRIGGER:schedule
