---METADATA---
HTTP_STATUS:200
TIME_TOTAL:3.587718
TIME_CONNECT:0.292299
SIZE_DOWNLOAD:1306
TIMESTAMP:2025-08-08 22:58:59 UTC
TRIGGER:schedule
