---METADATA---
HTTP_STATUS:200
TIME_TOTAL:3.390272
TIME_CONNECT:0.280542
SIZE_DOWNLOAD:1306
TIMESTAMP:2025-08-08 15:32:35 UTC
TRIGGER:schedule
