---METADATA---
HTTP_STATUS:200
TIME_TOTAL:3.493334
TIME_CONNECT:0.270081
SIZE_DOWNLOAD:1306
TIMESTAMP:2025-08-08 13:01:01 UTC
TRIGGER:schedule
