---METADATA---
HTTP_STATUS:200
TIME_TOTAL:3.348440
TIME_CONNECT:0.235979
SIZE_DOWNLOAD:1294
TIMESTAMP:2025-08-08 10:47:09 UTC
TRIGGER:schedule
