---METADATA---
HTTP_STATUS:200
TIME_TOTAL:3.478723
TIME_CONNECT:0.315035
SIZE_DOWNLOAD:1306
TIMESTAMP:2025-08-08 16:57:19 UTC
TRIGGER:schedule
