---METADATA---
HTTP_STATUS:200
TIME_TOTAL:3.315405
TIME_CONNECT:0.239546
SIZE_DOWNLOAD:1306
TIMESTAMP:2025-08-08 22:13:49 UTC
TRIGGER:schedule
