---METADATA---
HTTP_STATUS:200
TIME_TOTAL:1.157943
TIME_CONNECT:0.243713
SIZE_DOWNLOAD:1306
TIMESTAMP:2025-08-08 13:54:40 UTC
TRIGGER:schedule
