---METADATA---
HTTP_STATUS:200
TIME_TOTAL:3.460031
TIME_CONNECT:0.219432
SIZE_DOWNLOAD:1305
TIMESTAMP:2025-08-08 11:43:25 UTC
TRIGGER:schedule
