---METADATA---
HTTP_STATUS:200
TIME_TOTAL:3.523179
TIME_CONNECT:0.308465
SIZE_DOWNLOAD:1294
TIMESTAMP:2025-08-08 03:18:26 UTC
TRIGGER:schedule
