---METADATA---
HTTP_STATUS:200
TIME_TOTAL:3.298825
TIME_CONNECT:0.237131
SIZE_DOWNLOAD:1306
TIMESTAMP:2025-08-08 20:53:10 UTC
TRIGGER:schedule
