---METADATA---
HTTP_STATUS:200
TIME_TOTAL:3.633273
TIME_CONNECT:0.281395
SIZE_DOWNLOAD:1306
TIMESTAMP:2025-08-08 15:43:54 UTC
TRIGGER:schedule
