---METADATA---
HTTP_STATUS:200
TIME_TOTAL:3.661670
TIME_CONNECT:0.215936
SIZE_DOWNLOAD:1294
TIMESTAMP:2025-08-08 07:35:06 UTC
TRIGGER:schedule
