---METADATA---
HTTP_STATUS:200
TIME_TOTAL:3.480295
TIME_CONNECT:0.276005
SIZE_DOWNLOAD:1306
TIMESTAMP:2025-08-08 17:49:42 UTC
TRIGGER:schedule
