---METADATA---
HTTP_STATUS:200
TIME_TOTAL:3.671680
TIME_CONNECT:0.280163
SIZE_DOWNLOAD:1294
TIMESTAMP:2025-08-08 05:53:03 UTC
TRIGGER:schedule
