---METADATA---
HTTP_STATUS:200
TIME_TOTAL:3.650076
TIME_CONNECT:0.274894
SIZE_DOWNLOAD:1309
TIMESTAMP:2025-08-08 11:50:15 UTC
TRIGGER:schedule
