---METADATA---
HTTP_STATUS:200
TIME_TOTAL:3.574593
TIME_CONNECT:0.296265
SIZE_DOWNLOAD:1294
TIMESTAMP:2025-08-08 05:44:39 UTC
TRIGGER:schedule
