---METADATA---
HTTP_STATUS:200
TIME_TOTAL:3.604464
TIME_CONNECT:0.281860
SIZE_DOWNLOAD:1306
TIMESTAMP:2025-08-08 15:56:10 UTC
TRIGGER:schedule
