---METADATA---
HTTP_STATUS:200
TIME_TOTAL:1.197000
TIME_CONNECT:0.275952
SIZE_DOWNLOAD:1294
TIMESTAMP:2025-08-08 05:58:35 UTC
TRIGGER:schedule
