---METADATA---
HTTP_STATUS:200
TIME_TOTAL:3.552865
TIME_CONNECT:0.276911
SIZE_DOWNLOAD:1306
TIMESTAMP:2025-08-08 15:15:50 UTC
TRIGGER:schedule
