---METADATA---
HTTP_STATUS:200
TIME_TOTAL:3.486724
TIME_CONNECT:0.233141
SIZE_DOWNLOAD:1294
TIMESTAMP:2025-08-08 05:02:07 UTC
TRIGGER:schedule
