---METADATA---
HTTP_STATUS:200
TIME_TOTAL:3.488139
TIME_CONNECT:0.277886
SIZE_DOWNLOAD:1306
TIMESTAMP:2025-08-08 16:45:04 UTC
TRIGGER:schedule
