---METADATA---
HTTP_STATUS:200
TIME_TOTAL:3.406268
TIME_CONNECT:0.277978
SIZE_DOWNLOAD:1306
TIMESTAMP:2025-08-08 20:42:15 UTC
TRIGGER:schedule
