---METADATA---
HTTP_STATUS:200
TIME_TOTAL:3.333204
TIME_CONNECT:0.249437
SIZE_DOWNLOAD:1306
TIMESTAMP:2025-08-08 21:26:25 UTC
TRIGGER:schedule
