---METADATA---
HTTP_STATUS:200
TIME_TOTAL:3.657407
TIME_CONNECT:0.269522
SIZE_DOWNLOAD:1296
TIMESTAMP:2025-08-08 07:51:02 UTC
TRIGGER:schedule
