---METADATA---
HTTP_STATUS:200
TIME_TOTAL:1.086403
TIME_CONNECT:0.290823
SIZE_DOWNLOAD:1294
TIMESTAMP:2025-08-08 07:35:40 UTC
TRIGGER:schedule
