---METADATA---
HTTP_STATUS:200
TIME_TOTAL:3.482448
TIME_CONNECT:0.352386
SIZE_DOWNLOAD:1306
TIMESTAMP:2025-08-08 20:26:41 UTC
TRIGGER:schedule
