---METADATA---
HTTP_STATUS:200
TIME_TOTAL:3.435148
TIME_CONNECT:0.226288
SIZE_DOWNLOAD:1306
TIMESTAMP:2025-08-08 23:44:04 UTC
TRIGGER:schedule
