---METADATA---
HTTP_STATUS:200
TIME_TOTAL:3.442118
TIME_CONNECT:0.244454
SIZE_DOWNLOAD:1306
TIMESTAMP:2025-08-08 22:47:04 UTC
TRIGGER:schedule
