---METADATA---
HTTP_STATUS:200
TIME_TOTAL:3.450951
TIME_CONNECT:0.249648
SIZE_DOWNLOAD:1306
TIMESTAMP:2025-08-08 21:43:44 UTC
TRIGGER:schedule
