---METADATA---
HTTP_STATUS:200
TIME_TOTAL:3.571703
TIME_CONNECT:0.270503
SIZE_DOWNLOAD:1306
TIMESTAMP:2025-08-08 17:51:26 UTC
TRIGGER:schedule
