---METADATA---
HTTP_STATUS:200
TIME_TOTAL:3.412407
TIME_CONNECT:0.246032
SIZE_DOWNLOAD:1306
TIMESTAMP:2025-08-08 19:20:42 UTC
TRIGGER:schedule
