---METADATA---
HTTP_STATUS:200
TIME_TOTAL:3.520109
TIME_CONNECT:0.238079
SIZE_DOWNLOAD:1306
TIMESTAMP:2025-08-08 19:39:16 UTC
TRIGGER:schedule
