---METADATA---
HTTP_STATUS:200
TIME_TOTAL:3.457668
TIME_CONNECT:0.287733
SIZE_DOWNLOAD:1294
TIMESTAMP:2025-08-08 01:15:55 UTC
TRIGGER:schedule
