---METADATA---
HTTP_STATUS:200
TIME_TOTAL:3.512169
TIME_CONNECT:0.292333
SIZE_DOWNLOAD:1296
TIMESTAMP:2025-08-08 08:20:46 UTC
TRIGGER:schedule
