---METADATA---
HTTP_STATUS:200
TIME_TOTAL:3.570920
TIME_CONNECT:0.275691
SIZE_DOWNLOAD:1307
TIMESTAMP:2025-08-08 11:56:44 UTC
TRIGGER:schedule
