---METADATA---
HTTP_STATUS:200
TIME_TOTAL:3.536254
TIME_CONNECT:0.247439
SIZE_DOWNLOAD:1294
TIMESTAMP:2025-08-08 07:01:55 UTC
TRIGGER:schedule
