---METADATA---
HTTP_STATUS:200
TIME_TOTAL:3.443299
TIME_CONNECT:0.303237
SIZE_DOWNLOAD:1306
TIMESTAMP:2025-08-08 21:49:06 UTC
TRIGGER:schedule
