---METADATA---
HTTP_STATUS:200
TIME_TOTAL:3.680983
TIME_CONNECT:0.276816
SIZE_DOWNLOAD:1294
TIMESTAMP:2025-08-08 06:37:03 UTC
TRIGGER:schedule
