---METADATA---
HTTP_STATUS:200
TIME_TOTAL:3.664756
TIME_CONNECT:0.259112
SIZE_DOWNLOAD:1294
TIMESTAMP:2025-08-08 10:51:01 UTC
TRIGGER:schedule
