---METADATA---
HTTP_STATUS:200
TIME_TOTAL:3.442303
TIME_CONNECT:0.279881
SIZE_DOWNLOAD:1306
TIMESTAMP:2025-08-08 20:58:09 UTC
TRIGGER:schedule
