---METADATA---
HTTP_STATUS:200
TIME_TOTAL:3.553960
TIME_CONNECT:0.267078
SIZE_DOWNLOAD:1296
TIMESTAMP:2025-08-08 08:51:06 UTC
TRIGGER:schedule
