---METADATA---
HTTP_STATUS:200
TIME_TOTAL:3.749922
TIME_CONNECT:0.344151
SIZE_DOWNLOAD:1294
TIMESTAMP:2025-08-08 04:27:13 UTC
TRIGGER:schedule
