---METADATA---
HTTP_STATUS:200
TIME_TOTAL:3.443967
TIME_CONNECT:0.277074
SIZE_DOWNLOAD:1294
TIMESTAMP:2025-08-08 11:22:37 UTC
TRIGGER:schedule
