---METADATA---
HTTP_STATUS:200
TIME_TOTAL:3.490610
TIME_CONNECT:0.219899
SIZE_DOWNLOAD:1306
TIMESTAMP:2025-08-08 16:50:45 UTC
TRIGGER:schedule
