---METADATA---
HTTP_STATUS:200
TIME_TOTAL:3.374171
TIME_CONNECT:0.248084
SIZE_DOWNLOAD:1306
TIMESTAMP:2025-08-08 19:36:11 UTC
TRIGGER:schedule
