---METADATA---
HTTP_STATUS:200
TIME_TOTAL:3.432591
TIME_CONNECT:0.281277
SIZE_DOWNLOAD:1311
TIMESTAMP:2025-08-08 09:21:07 UTC
TRIGGER:schedule
