---METADATA---
HTTP_STATUS:200
TIME_TOTAL:1.139302
TIME_CONNECT:0.296488
SIZE_DOWNLOAD:1306
TIMESTAMP:2025-08-08 14:17:16 UTC
TRIGGER:schedule
