---METADATA---
HTTP_STATUS:200
TIME_TOTAL:3.507250
TIME_CONNECT:0.232579
SIZE_DOWNLOAD:1306
TIMESTAMP:2025-08-08 19:48:00 UTC
TRIGGER:schedule
