---METADATA---
HTTP_STATUS:200
TIME_TOTAL:3.449128
TIME_CONNECT:0.270117
SIZE_DOWNLOAD:1306
TIMESTAMP:2025-08-08 23:27:08 UTC
TRIGGER:schedule
