---METADATA---
HTTP_STATUS:200
TIME_TOTAL:3.744678
TIME_CONNECT:0.241734
SIZE_DOWNLOAD:1294
TIMESTAMP:2025-08-08 11:13:20 UTC
TRIGGER:schedule
