---METADATA---
HTTP_STATUS:200
TIME_TOTAL:3.442809
TIME_CONNECT:0.295597
SIZE_DOWNLOAD:1293
TIMESTAMP:2025-08-08 13:25:28 UTC
TRIGGER:schedule
