---METADATA---
HTTP_STATUS:200
TIME_TOTAL:3.450466
TIME_CONNECT:0.287225
SIZE_DOWNLOAD:1306
TIMESTAMP:2025-08-08 22:36:21 UTC
TRIGGER:schedule
