---METADATA---
HTTP_STATUS:200
TIME_TOTAL:3.591385
TIME_CONNECT:0.270517
SIZE_DOWNLOAD:1306
TIMESTAMP:2025-08-08 19:11:50 UTC
TRIGGER:schedule
