---METADATA---
HTTP_STATUS:200
TIME_TOTAL:3.493062
TIME_CONNECT:0.234421
SIZE_DOWNLOAD:1306
TIMESTAMP:2025-08-08 14:43:33 UTC
TRIGGER:schedule
