---METADATA---
HTTP_STATUS:200
TIME_TOTAL:3.431150
TIME_CONNECT:0.292130
SIZE_DOWNLOAD:1296
TIMESTAMP:2025-08-11 10:46:27 UTC
TRIGGER:schedule
