---METADATA---
HTTP_STATUS:200
TIME_TOTAL:3.552102
TIME_CONNECT:0.271113
SIZE_DOWNLOAD:1296
TIMESTAMP:2025-08-11 03:53:54 UTC
TRIGGER:schedule
