---METADATA---
HTTP_STATUS:200
TIME_TOTAL:3.328418
TIME_CONNECT:0.268019
SIZE_DOWNLOAD:1293
TIMESTAMP:2025-08-11 15:54:38 UTC
TRIGGER:schedule
