---METADATA---
HTTP_STATUS:200
TIME_TOTAL:3.718268
TIME_CONNECT:0.301490
SIZE_DOWNLOAD:1296
TIMESTAMP:2025-08-11 10:16:49 UTC
TRIGGER:schedule
