---METADATA---
HTTP_STATUS:200
TIME_TOTAL:3.407431
TIME_CONNECT:0.246781
SIZE_DOWNLOAD:1296
TIMESTAMP:2025-08-11 23:25:41 UTC
TRIGGER:schedule
