---METADATA---
HTTP_STATUS:200
TIME_TOTAL:3.550153
TIME_CONNECT:0.276323
SIZE_DOWNLOAD:1296
TIMESTAMP:2025-08-11 18:52:25 UTC
TRIGGER:schedule
