---METADATA---
HTTP_STATUS:200
TIME_TOTAL:3.421902
TIME_CONNECT:0.276178
SIZE_DOWNLOAD:1296
TIMESTAMP:2025-08-11 22:35:05 UTC
TRIGGER:schedule
