---METADATA---
HTTP_STATUS:200
TIME_TOTAL:3.426214
TIME_CONNECT:0.235979
SIZE_DOWNLOAD:1296
TIMESTAMP:2025-08-11 23:13:21 UTC
TRIGGER:schedule
