---METADATA---
HTTP_STATUS:200
TIME_TOTAL:3.524587
TIME_CONNECT:0.277600
SIZE_DOWNLOAD:1293
TIMESTAMP:2025-08-11 15:52:05 UTC
TRIGGER:schedule
