---METADATA---
HTTP_STATUS:200
TIME_TOTAL:3.362523
TIME_CONNECT:0.272559
SIZE_DOWNLOAD:1296
TIMESTAMP:2025-08-11 09:46:10 UTC
TRIGGER:schedule
