---METADATA---
HTTP_STATUS:200
TIME_TOTAL:3.575582
TIME_CONNECT:0.280711
SIZE_DOWNLOAD:1296
TIMESTAMP:2025-08-11 06:30:25 UTC
TRIGGER:schedule
