---METADATA---
HTTP_STATUS:200
TIME_TOTAL:3.410854
TIME_CONNECT:0.262337
SIZE_DOWNLOAD:1293
TIMESTAMP:2025-08-11 15:16:18 UTC
TRIGGER:schedule
