---METADATA---
HTTP_STATUS:200
TIME_TOTAL:3.573788
TIME_CONNECT:0.280385
SIZE_DOWNLOAD:1296
TIMESTAMP:2025-08-11 22:13:40 UTC
TRIGGER:schedule
