---METADATA---
HTTP_STATUS:200
TIME_TOTAL:1.084275
TIME_CONNECT:0.327450
SIZE_DOWNLOAD:1296
TIMESTAMP:2025-08-11 19:30:00 UTC
TRIGGER:schedule
