---METADATA---
HTTP_STATUS:200
TIME_TOTAL:3.530139
TIME_CONNECT:0.280355
SIZE_DOWNLOAD:1296
TIMESTAMP:2025-08-11 05:18:09 UTC
TRIGGER:schedule
