---METADATA---
HTTP_STATUS:200
TIME_TOTAL:3.349107
TIME_CONNECT:0.279891
SIZE_DOWNLOAD:1293
TIMESTAMP:2025-08-11 14:46:29 UTC
TRIGGER:schedule
