---METADATA---
HTTP_STATUS:200
TIME_TOTAL:3.397522
TIME_CONNECT:0.243091
SIZE_DOWNLOAD:1296
TIMESTAMP:2025-08-11 21:30:04 UTC
TRIGGER:schedule
