---METADATA---
HTTP_STATUS:200
TIME_TOTAL:3.546149
TIME_CONNECT:0.269867
SIZE_DOWNLOAD:1296
TIMESTAMP:2025-08-11 11:56:52 UTC
TRIGGER:schedule
