---METADATA---
HTTP_STATUS:200
TIME_TOTAL:1.133648
TIME_CONNECT:0.276421
SIZE_DOWNLOAD:1296
TIMESTAMP:2025-08-11 20:50:41 UTC
TRIGGER:schedule
