---METADATA---
HTTP_STATUS:200
TIME_TOTAL:3.397299
TIME_CONNECT:0.277895
SIZE_DOWNLOAD:1294
TIMESTAMP:2025-08-11 05:56:42 UTC
TRIGGER:schedule
