---METADATA---
HTTP_STATUS:200
TIME_TOTAL:3.399646
TIME_CONNECT:0.275180
SIZE_DOWNLOAD:1293
TIMESTAMP:2025-08-11 07:17:49 UTC
TRIGGER:schedule
