---METADATA---
HTTP_STATUS:200
TIME_TOTAL:3.482026
TIME_CONNECT:0.278274
SIZE_DOWNLOAD:1296
TIMESTAMP:2025-08-11 18:21:34 UTC
TRIGGER:schedule
