---METADATA---
HTTP_STATUS:200
TIME_TOTAL:3.373933
TIME_CONNECT:0.271830
SIZE_DOWNLOAD:1296
TIMESTAMP:2025-08-11 23:30:38 UTC
TRIGGER:schedule
