---METADATA---
HTTP_STATUS:200
TIME_TOTAL:3.552586
TIME_CONNECT:0.270310
SIZE_DOWNLOAD:1296
TIMESTAMP:2025-08-11 08:22:10 UTC
TRIGGER:schedule
