---METADATA---
HTTP_STATUS:200
TIME_TOTAL:3.298659
TIME_CONNECT:0.277120
SIZE_DOWNLOAD:1294
TIMESTAMP:2025-08-11 16:56:53 UTC
TRIGGER:schedule
