---METADATA---
HTTP_STATUS:200
TIME_TOTAL:3.496221
TIME_CONNECT:0.256517
SIZE_DOWNLOAD:1296
TIMESTAMP:2025-08-11 17:15:27 UTC
TRIGGER:schedule
