---METADATA---
HTTP_STATUS:200
TIME_TOTAL:3.438982
TIME_CONNECT:0.289191
SIZE_DOWNLOAD:1309
TIMESTAMP:2025-08-11 06:49:47 UTC
TRIGGER:schedule
