---METADATA---
HTTP_STATUS:200
TIME_TOTAL:3.481251
TIME_CONNECT:0.270988
SIZE_DOWNLOAD:1296
TIMESTAMP:2025-08-11 21:42:32 UTC
TRIGGER:schedule
