---METADATA---
HTTP_STATUS:200
TIME_TOTAL:3.560490
TIME_CONNECT:0.278556
SIZE_DOWNLOAD:1296
TIMESTAMP:2025-08-11 11:49:17 UTC
TRIGGER:schedule
