---METADATA---
HTTP_STATUS:200
TIME_TOTAL:3.492785
TIME_CONNECT:0.240090
SIZE_DOWNLOAD:1296
TIMESTAMP:2025-08-11 21:40:57 UTC
TRIGGER:schedule
