---METADATA---
HTTP_STATUS:200
TIME_TOTAL:3.558576
TIME_CONNECT:0.271811
SIZE_DOWNLOAD:1296
TIMESTAMP:2025-08-11 02:27:58 UTC
TRIGGER:schedule
