---METADATA---
HTTP_STATUS:200
TIME_TOTAL:3.541905
TIME_CONNECT:0.276729
SIZE_DOWNLOAD:1294
TIMESTAMP:2025-08-11 13:00:13 UTC
TRIGGER:schedule
