---METADATA---
HTTP_STATUS:200
TIME_TOTAL:3.538007
TIME_CONNECT:0.237013
SIZE_DOWNLOAD:1296
TIMESTAMP:2025-08-11 20:28:16 UTC
TRIGGER:schedule
