---METADATA---
HTTP_STATUS:200
TIME_TOTAL:3.610997
TIME_CONNECT:0.290850
SIZE_DOWNLOAD:1296
TIMESTAMP:2025-08-11 17:27:32 UTC
TRIGGER:schedule
