---METADATA---
HTTP_STATUS:200
TIME_TOTAL:3.472812
TIME_CONNECT:0.282533
SIZE_DOWNLOAD:1296
TIMESTAMP:2025-08-11 08:39:38 UTC
TRIGGER:schedule
