---METADATA---
HTTP_STATUS:200
TIME_TOTAL:3.486235
TIME_CONNECT:0.244635
SIZE_DOWNLOAD:1296
TIMESTAMP:2025-08-11 09:55:02 UTC
TRIGGER:schedule
