---METADATA---
HTTP_STATUS:200
TIME_TOTAL:3.715304
TIME_CONNECT:0.272230
SIZE_DOWNLOAD:1309
TIMESTAMP:2025-08-11 07:41:45 UTC
TRIGGER:schedule
