---METADATA---
HTTP_STATUS:200
TIME_TOTAL:3.692598
TIME_CONNECT:0.244761
SIZE_DOWNLOAD:1307
TIMESTAMP:2025-08-11 07:01:05 UTC
TRIGGER:schedule
