---METADATA---
HTTP_STATUS:200
TIME_TOTAL:1.158253
TIME_CONNECT:0.287955
SIZE_DOWNLOAD:1294
TIMESTAMP:2025-08-11 07:56:58 UTC
TRIGGER:schedule
