---METADATA---
HTTP_STATUS:200
TIME_TOTAL:3.591237
TIME_CONNECT:0.271363
SIZE_DOWNLOAD:1296
TIMESTAMP:2025-08-11 17:59:28 UTC
TRIGGER:schedule
