---METADATA---
HTTP_STATUS:200
TIME_TOTAL:3.405006
TIME_CONNECT:0.244873
SIZE_DOWNLOAD:1296
TIMESTAMP:2025-08-11 23:41:55 UTC
TRIGGER:schedule
