---METADATA---
HTTP_STATUS:200
TIME_TOTAL:1.001310
TIME_CONNECT:0.211909
SIZE_DOWNLOAD:1296
TIMESTAMP:2025-08-11 17:47:39 UTC
TRIGGER:schedule
