---METADATA---
HTTP_STATUS:200
TIME_TOTAL:3.315197
TIME_CONNECT:0.271933
SIZE_DOWNLOAD:1296
TIMESTAMP:2025-08-11 05:00:33 UTC
TRIGGER:schedule
