---METADATA---
HTTP_STATUS:200
TIME_TOTAL:3.362861
TIME_CONNECT:0.272389
SIZE_DOWNLOAD:1296
TIMESTAMP:2025-08-11 21:24:20 UTC
TRIGGER:schedule
