---METADATA---
HTTP_STATUS:200
TIME_TOTAL:3.471544
TIME_CONNECT:0.282240
SIZE_DOWNLOAD:1293
TIMESTAMP:2025-08-11 14:59:03 UTC
TRIGGER:schedule
