---METADATA---
HTTP_STATUS:200
TIME_TOTAL:3.534406
TIME_CONNECT:0.250610
SIZE_DOWNLOAD:1296
TIMESTAMP:2025-08-11 17:53:17 UTC
TRIGGER:schedule
