---METADATA---
HTTP_STATUS:200
TIME_TOTAL:3.413936
TIME_CONNECT:0.274929
SIZE_DOWNLOAD:1296
TIMESTAMP:2025-08-11 11:21:43 UTC
TRIGGER:schedule
