---METADATA---
HTTP_STATUS:200
TIME_TOTAL:3.453735
TIME_CONNECT:0.274414
SIZE_DOWNLOAD:1296
TIMESTAMP:2025-08-11 22:50:24 UTC
TRIGGER:schedule
