---METADATA---
HTTP_STATUS:200
TIME_TOTAL:3.455849
TIME_CONNECT:0.238029
SIZE_DOWNLOAD:1293
TIMESTAMP:2025-08-11 15:43:11 UTC
TRIGGER:schedule
