---METADATA---
HTTP_STATUS:200
TIME_TOTAL:3.396556
TIME_CONNECT:0.265591
SIZE_DOWNLOAD:1296
TIMESTAMP:2025-08-11 19:57:11 UTC
TRIGGER:schedule
