---METADATA---
HTTP_STATUS:200
TIME_TOTAL:3.468463
TIME_CONNECT:0.237574
SIZE_DOWNLOAD:1296
TIMESTAMP:2025-08-11 09:20:37 UTC
TRIGGER:schedule
