---METADATA---
HTTP_STATUS:200
TIME_TOTAL:3.362263
TIME_CONNECT:0.245348
SIZE_DOWNLOAD:1296
TIMESTAMP:2025-08-11 19:43:18 UTC
TRIGGER:schedule
