---METADATA---
HTTP_STATUS:200
TIME_TOTAL:3.414795
TIME_CONNECT:0.277174
SIZE_DOWNLOAD:1309
TIMESTAMP:2025-08-11 05:47:44 UTC
TRIGGER:schedule
