---METADATA---
HTTP_STATUS:200
TIME_TOTAL:3.477618
TIME_CONNECT:0.278178
SIZE_DOWNLOAD:1296
TIMESTAMP:2025-08-11 12:31:29 UTC
TRIGGER:schedule
