---METADATA---
HTTP_STATUS:200
TIME_TOTAL:1.048308
TIME_CONNECT:0.281133
SIZE_DOWNLOAD:1293
TIMESTAMP:2025-08-11 14:17:17 UTC
TRIGGER:schedule
