---METADATA---
HTTP_STATUS:200
TIME_TOTAL:3.585856
TIME_CONNECT:0.274619
SIZE_DOWNLOAD:1309
TIMESTAMP:2025-08-11 07:51:26 UTC
TRIGGER:schedule
