---METADATA---
HTTP_STATUS:200
TIME_TOTAL:3.553464
TIME_CONNECT:0.247457
SIZE_DOWNLOAD:1296
TIMESTAMP:2025-08-11 17:43:24 UTC
TRIGGER:schedule
