---METADATA---
HTTP_STATUS:200
TIME_TOTAL:3.594162
TIME_CONNECT:0.268536
SIZE_DOWNLOAD:1296
TIMESTAMP:2025-08-11 04:26:37 UTC
TRIGGER:schedule
