---METADATA---
HTTP_STATUS:200
TIME_TOTAL:3.428877
TIME_CONNECT:0.299251
SIZE_DOWNLOAD:1296
TIMESTAMP:2025-08-11 03:17:46 UTC
TRIGGER:schedule
