---METADATA---
HTTP_STATUS:200
TIME_TOTAL:3.539548
TIME_CONNECT:0.296223
SIZE_DOWNLOAD:1296
TIMESTAMP:2025-08-11 09:00:08 UTC
TRIGGER:schedule
