---METADATA---
HTTP_STATUS:200
TIME_TOTAL:3.387098
TIME_CONNECT:0.280686
SIZE_DOWNLOAD:1296
TIMESTAMP:2025-08-11 20:15:14 UTC
TRIGGER:schedule
