---METADATA---
HTTP_STATUS:200
TIME_TOTAL:3.728728
TIME_CONNECT:0.302060
SIZE_DOWNLOAD:1296
TIMESTAMP:2025-08-11 10:27:39 UTC
TRIGGER:schedule
