---METADATA---
HTTP_STATUS:200
TIME_TOTAL:3.569201
TIME_CONNECT:0.273955
SIZE_DOWNLOAD:1296
TIMESTAMP:2025-08-11 19:42:12 UTC
TRIGGER:schedule
