---METADATA---
HTTP_STATUS:200
TIME_TOTAL:3.479438
TIME_CONNECT:0.246822
SIZE_DOWNLOAD:1296
TIMESTAMP:2025-08-11 19:27:40 UTC
TRIGGER:schedule
