---METADATA---
HTTP_STATUS:200
TIME_TOTAL:3.621206
TIME_CONNECT:0.230983
SIZE_DOWNLOAD:1296
TIMESTAMP:2025-08-11 11:13:39 UTC
TRIGGER:schedule
