---METADATA---
HTTP_STATUS:200
TIME_TOTAL:3.288446
TIME_CONNECT:0.218107
SIZE_DOWNLOAD:1296
TIMESTAMP:2025-08-11 19:13:57 UTC
TRIGGER:schedule
