---METADATA---
HTTP_STATUS:200
TIME_TOTAL:3.506098
TIME_CONNECT:0.287534
SIZE_DOWNLOAD:1296
TIMESTAMP:2025-08-11 18:43:32 UTC
TRIGGER:schedule
