---METADATA---
HTTP_STATUS:200
TIME_TOTAL:3.435956
TIME_CONNECT:0.290072
SIZE_DOWNLOAD:1309
TIMESTAMP:2025-08-11 01:16:33 UTC
TRIGGER:schedule
