---METADATA---
HTTP_STATUS:200
TIME_TOTAL:3.409573
TIME_CONNECT:0.286573
SIZE_DOWNLOAD:1296
TIMESTAMP:2025-08-11 19:50:18 UTC
TRIGGER:schedule
