---METADATA---
HTTP_STATUS:200
TIME_TOTAL:3.405015
TIME_CONNECT:0.330481
SIZE_DOWNLOAD:1296
TIMESTAMP:2025-08-11 22:45:35 UTC
TRIGGER:schedule
