---METADATA---
HTTP_STATUS:200
TIME_TOTAL:3.565277
TIME_CONNECT:0.226018
SIZE_DOWNLOAD:1296
TIMESTAMP:2025-08-11 16:50:19 UTC
TRIGGER:schedule
