---METADATA---
HTTP_STATUS:200
TIME_TOTAL:4.166703
TIME_CONNECT:0.245986
SIZE_DOWNLOAD:1296
TIMESTAMP:2025-08-11 04:48:41 UTC
TRIGGER:schedule
