---METADATA---
HTTP_STATUS:200
TIME_TOTAL:1.118011
TIME_CONNECT:0.272685
SIZE_DOWNLOAD:1296
TIMESTAMP:2025-08-11 20:45:23 UTC
TRIGGER:schedule
