---METADATA---
HTTP_STATUS:200
TIME_TOTAL:3.477878
TIME_CONNECT:0.282013
SIZE_DOWNLOAD:1296
TIMESTAMP:2025-08-11 22:26:51 UTC
TRIGGER:schedule
