---METADATA---
HTTP_STATUS:200
TIME_TOTAL:3.764944
TIME_CONNECT:0.258821
SIZE_DOWNLOAD:1293
TIMESTAMP:2025-08-11 15:31:46 UTC
TRIGGER:schedule
