---METADATA---
HTTP_STATUS:200
TIME_TOTAL:3.467689
TIME_CONNECT:0.283190
SIZE_DOWNLOAD:1293
TIMESTAMP:2025-08-11 14:43:19 UTC
TRIGGER:schedule
