---METADATA---
HTTP_STATUS:200
TIME_TOTAL:3.469480
TIME_CONNECT:0.274299
SIZE_DOWNLOAD:1293
TIMESTAMP:2025-08-11 14:12:36 UTC
TRIGGER:schedule
