---METADATA---
HTTP_STATUS:200
TIME_TOTAL:3.381445
TIME_CONNECT:0.216702
SIZE_DOWNLOAD:1296
TIMESTAMP:2025-08-11 22:57:21 UTC
TRIGGER:schedule
