---METADATA---
HTTP_STATUS:200
TIME_TOTAL:3.694526
TIME_CONNECT:0.287885
SIZE_DOWNLOAD:1296
TIMESTAMP:2025-08-11 11:42:08 UTC
TRIGGER:schedule
