---METADATA---
HTTP_STATUS:200
TIME_TOTAL:3.326748
TIME_CONNECT:0.274555
SIZE_DOWNLOAD:1296
TIMESTAMP:2025-08-11 21:13:44 UTC
TRIGGER:schedule
