---METADATA---
HTTP_STATUS:200
TIME_TOTAL:3.615134
TIME_CONNECT:0.288943
SIZE_DOWNLOAD:1293
TIMESTAMP:2025-08-11 16:19:05 UTC
TRIGGER:schedule
