---METADATA---
HTTP_STATUS:200
TIME_TOTAL:3.703171
TIME_CONNECT:0.271230
SIZE_DOWNLOAD:1293
TIMESTAMP:2025-08-11 16:32:14 UTC
TRIGGER:schedule
