---METADATA---
HTTP_STATUS:200
TIME_TOTAL:3.432744
TIME_CONNECT:0.279147
SIZE_DOWNLOAD:1296
TIMESTAMP:2025-08-11 23:57:00 UTC
TRIGGER:schedule
