---METADATA---
HTTP_STATUS:200
TIME_TOTAL:3.380014
TIME_CONNECT:0.276356
SIZE_DOWNLOAD:1296
TIMESTAMP:2025-08-11 20:40:00 UTC
TRIGGER:schedule
