---METADATA---
HTTP_STATUS:200
TIME_TOTAL:1.064579
TIME_CONNECT:0.222556
SIZE_DOWNLOAD:1293
TIMESTAMP:2025-08-11 13:54:34 UTC
TRIGGER:schedule
