---METADATA---
HTTP_STATUS:200
TIME_TOTAL:3.744793
TIME_CONNECT:0.237240
SIZE_DOWNLOAD:1296
TIMESTAMP:2025-08-11 11:30:49 UTC
TRIGGER:schedule
