---METADATA---
HTTP_STATUS:200
TIME_TOTAL:3.532356
TIME_CONNECT:0.289706
SIZE_DOWNLOAD:1296
TIMESTAMP:2025-08-11 08:50:32 UTC
TRIGGER:schedule
