---METADATA---
HTTP_STATUS:200
TIME_TOTAL:3.415166
TIME_CONNECT:0.233807
SIZE_DOWNLOAD:1296
TIMESTAMP:2025-08-11 23:48:19 UTC
TRIGGER:schedule
