---METADATA---
HTTP_STATUS:200
TIME_TOTAL:3.396837
TIME_CONNECT:0.238207
SIZE_DOWNLOAD:1296
TIMESTAMP:2025-08-11 05:43:48 UTC
TRIGGER:schedule
