---METADATA---
HTTP_STATUS:200
TIME_TOTAL:3.481291
TIME_CONNECT:0.273120
SIZE_DOWNLOAD:1296
TIMESTAMP:2025-08-11 10:50:39 UTC
TRIGGER:schedule
