---METADATA---
HTTP_STATUS:200
TIME_TOTAL:3.804860
TIME_CONNECT:0.335651
SIZE_DOWNLOAD:1294
TIMESTAMP:2025-08-11 06:00:12 UTC
TRIGGER:schedule
