---METADATA---
HTTP_STATUS:200
TIME_TOTAL:3.470429
TIME_CONNECT:0.243505
SIZE_DOWNLOAD:1296
TIMESTAMP:2025-08-11 21:50:34 UTC
TRIGGER:schedule
