---METADATA---
HTTP_STATUS:200
TIME_TOTAL:3.665792
TIME_CONNECT:0.281304
SIZE_DOWNLOAD:1296
TIMESTAMP:2025-08-11 09:37:48 UTC
TRIGGER:schedule
