---METADATA---
HTTP_STATUS:200
TIME_TOTAL:3.671917
TIME_CONNECT:0.300733
SIZE_DOWNLOAD:1291
TIMESTAMP:2025-08-11 13:49:04 UTC
TRIGGER:schedule
