---METADATA---
HTTP_STATUS:200
TIME_TOTAL:3.553678
TIME_CONNECT:0.252017
SIZE_DOWNLOAD:1296
TIMESTAMP:2025-08-11 20:57:22 UTC
TRIGGER:schedule
