---METADATA---
HTTP_STATUS:200
TIME_TOTAL:3.522493
TIME_CONNECT:0.273427
SIZE_DOWNLOAD:1294
TIMESTAMP:2025-08-11 13:24:33 UTC
TRIGGER:schedule
