---METADATA---
HTTP_STATUS:200
TIME_TOTAL:3.634359
TIME_CONNECT:0.305936
SIZE_DOWNLOAD:1296
TIMESTAMP:2025-08-11 19:01:40 UTC
TRIGGER:schedule
