---METADATA---
HTTP_STATUS:200
TIME_TOTAL:3.629147
TIME_CONNECT:0.239095
SIZE_DOWNLOAD:1305
TIMESTAMP:2025-08-11 07:34:59 UTC
TRIGGER:schedule
