---METADATA---
HTTP_STATUS:200
TIME_TOTAL:3.466420
TIME_CONNECT:0.274105
SIZE_DOWNLOAD:1296
TIMESTAMP:2025-08-11 21:56:47 UTC
TRIGGER:schedule
