---METADATA---
HTTP_STATUS:200
TIME_TOTAL:3.378099
TIME_CONNECT:0.258635
SIZE_DOWNLOAD:1309
TIMESTAMP:2025-07-17 05:17:09 UTC
TRIGGER:schedule
