---METADATA---
HTTP_STATUS:200
TIME_TOTAL:3.506511
TIME_CONNECT:0.226155
SIZE_DOWNLOAD:1294
TIMESTAMP:2025-07-17 16:57:20 UTC
TRIGGER:schedule
