---METADATA---
HTTP_STATUS:200
TIME_TOTAL:3.333212
TIME_CONNECT:0.246802
SIZE_DOWNLOAD:1294
TIMESTAMP:2025-07-17 21:23:01 UTC
TRIGGER:schedule
