---METADATA---
HTTP_STATUS:200
TIME_TOTAL:3.633924
TIME_CONNECT:0.280015
SIZE_DOWNLOAD:1294
TIMESTAMP:2025-07-17 20:16:05 UTC
TRIGGER:schedule
