---METADATA---
HTTP_STATUS:200
TIME_TOTAL:3.539515
TIME_CONNECT:0.243946
SIZE_DOWNLOAD:1294
TIMESTAMP:2025-07-17 11:57:14 UTC
TRIGGER:schedule
