---METADATA---
HTTP_STATUS:200
TIME_TOTAL:3.407025
TIME_CONNECT:0.226170
SIZE_DOWNLOAD:1294
TIMESTAMP:2025-07-17 10:16:57 UTC
TRIGGER:schedule
