---METADATA---
HTTP_STATUS:200
TIME_TOTAL:3.578497
TIME_CONNECT:0.295700
SIZE_DOWNLOAD:1308
TIMESTAMP:2025-07-17 07:38:20 UTC
TRIGGER:schedule
