---METADATA---
HTTP_STATUS:200
TIME_TOTAL:3.318550
TIME_CONNECT:0.269149
SIZE_DOWNLOAD:1307
TIMESTAMP:2025-07-17 03:04:28 UTC
TRIGGER:schedule
