---METADATA---
HTTP_STATUS:200
TIME_TOTAL:3.352070
TIME_CONNECT:0.272282
SIZE_DOWNLOAD:1294
TIMESTAMP:2025-07-17 23:50:18 UTC
TRIGGER:schedule
