---METADATA---
HTTP_STATUS:200
TIME_TOTAL:3.607517
TIME_CONNECT:0.300816
SIZE_DOWNLOAD:1294
TIMESTAMP:2025-07-17 14:38:35 UTC
TRIGGER:schedule
