---METADATA---
HTTP_STATUS:200
TIME_TOTAL:3.415520
TIME_CONNECT:0.268566
SIZE_DOWNLOAD:1294
TIMESTAMP:2025-07-17 17:47:10 UTC
TRIGGER:schedule
