---METADATA---
HTTP_STATUS:200
TIME_TOTAL:3.636242
TIME_CONNECT:0.282333
SIZE_DOWNLOAD:1294
TIMESTAMP:2025-07-17 18:42:30 UTC
TRIGGER:schedule
