---METADATA---
HTTP_STATUS:200
TIME_TOTAL:3.225384
TIME_CONNECT:0.284382
SIZE_DOWNLOAD:1294
TIMESTAMP:2025-07-17 15:59:39 UTC
TRIGGER:schedule
