---METADATA---
HTTP_STATUS:200
TIME_TOTAL:3.579167
TIME_CONNECT:0.239569
SIZE_DOWNLOAD:1296
TIMESTAMP:2025-07-17 10:27:38 UTC
TRIGGER:schedule
