---METADATA---
HTTP_STATUS:200
TIME_TOTAL:3.549063
TIME_CONNECT:0.288786
SIZE_DOWNLOAD:1309
TIMESTAMP:2025-07-17 05:57:47 UTC
TRIGGER:schedule
