---METADATA---
HTTP_STATUS:200
TIME_TOTAL:3.342141
TIME_CONNECT:0.263794
SIZE_DOWNLOAD:1307
TIMESTAMP:2025-07-17 13:59:38 UTC
TRIGGER:schedule
