---METADATA---
HTTP_STATUS:200
TIME_TOTAL:3.334938
TIME_CONNECT:0.231846
SIZE_DOWNLOAD:1294
TIMESTAMP:2025-07-17 17:51:42 UTC
TRIGGER:schedule
