---METADATA---
HTTP_STATUS:200
TIME_TOTAL:3.614829
TIME_CONNECT:0.247496
SIZE_DOWNLOAD:1294
TIMESTAMP:2025-07-17 11:13:18 UTC
TRIGGER:schedule
