---METADATA---
HTTP_STATUS:200
TIME_TOTAL:3.405569
TIME_CONNECT:0.214710
SIZE_DOWNLOAD:1294
TIMESTAMP:2025-07-17 19:01:36 UTC
TRIGGER:schedule
