---METADATA---
HTTP_STATUS:200
TIME_TOTAL:3.470041
TIME_CONNECT:0.289301
SIZE_DOWNLOAD:1294
TIMESTAMP:2025-07-17 11:22:02 UTC
TRIGGER:schedule
