---METADATA---
HTTP_STATUS:200
TIME_TOTAL:3.545897
TIME_CONNECT:0.260786
SIZE_DOWNLOAD:1294
TIMESTAMP:2025-07-17 19:43:44 UTC
TRIGGER:schedule
