---METADATA---
HTTP_STATUS:200
TIME_TOTAL:3.449369
TIME_CONNECT:0.227130
SIZE_DOWNLOAD:1294
TIMESTAMP:2025-07-17 10:50:58 UTC
TRIGGER:schedule
