---METADATA---
HTTP_STATUS:200
TIME_TOTAL:3.252819
TIME_CONNECT:0.274045
SIZE_DOWNLOAD:1296
TIMESTAMP:2025-07-17 06:52:53 UTC
TRIGGER:schedule
