---METADATA---
HTTP_STATUS:200
TIME_TOTAL:3.417136
TIME_CONNECT:0.243531
SIZE_DOWNLOAD:1294
TIMESTAMP:2025-07-17 07:40:57 UTC
TRIGGER:schedule
