---METADATA---
HTTP_STATUS:200
TIME_TOTAL:3.457373
TIME_CONNECT:0.279150
SIZE_DOWNLOAD:1296
TIMESTAMP:2025-07-17 09:52:28 UTC
TRIGGER:schedule
