---METADATA---
HTTP_STATUS:200
TIME_TOTAL:3.396545
TIME_CONNECT:0.268720
SIZE_DOWNLOAD:1294
TIMESTAMP:2025-07-17 22:27:43 UTC
TRIGGER:schedule
