---METADATA---
HTTP_STATUS:200
TIME_TOTAL:3.534415
TIME_CONNECT:0.293632
SIZE_DOWNLOAD:1294
TIMESTAMP:2025-07-17 14:30:44 UTC
TRIGGER:schedule
