---METADATA---
HTTP_STATUS:200
TIME_TOTAL:3.694806
TIME_CONNECT:0.270173
SIZE_DOWNLOAD:1296
TIMESTAMP:2025-07-17 08:33:12 UTC
TRIGGER:schedule
