---METADATA---
HTTP_STATUS:200
TIME_TOTAL:3.456346
TIME_CONNECT:0.287478
SIZE_DOWNLOAD:1294
TIMESTAMP:2025-07-17 19:56:51 UTC
TRIGGER:schedule
