---METADATA---
HTTP_STATUS:200
TIME_TOTAL:3.342805
TIME_CONNECT:0.286610
SIZE_DOWNLOAD:1294
TIMESTAMP:2025-07-17 19:49:40 UTC
TRIGGER:schedule
