---METADATA---
HTTP_STATUS:200
TIME_TOTAL:3.505868
TIME_CONNECT:0.275832
SIZE_DOWNLOAD:1294
TIMESTAMP:2025-07-17 15:43:50 UTC
TRIGGER:schedule
