---METADATA---
HTTP_STATUS:200
TIME_TOTAL:3.412012
TIME_CONNECT:0.285573
SIZE_DOWNLOAD:1294
TIMESTAMP:2025-07-17 14:53:15 UTC
TRIGGER:schedule
