---METADATA---
HTTP_STATUS:200
TIME_TOTAL:3.437349
TIME_CONNECT:0.283722
SIZE_DOWNLOAD:1294
TIMESTAMP:2025-07-17 12:29:42 UTC
TRIGGER:schedule
