---METADATA---
HTTP_STATUS:200
TIME_TOTAL:3.428009
TIME_CONNECT:0.272629
SIZE_DOWNLOAD:1308
TIMESTAMP:2025-07-17 07:17:14 UTC
TRIGGER:schedule
