---METADATA---
HTTP_STATUS:200
TIME_TOTAL:1.011828
TIME_CONNECT:0.287041
SIZE_DOWNLOAD:1307
TIMESTAMP:2025-07-17 04:50:36 UTC
TRIGGER:schedule
