---METADATA---
HTTP_STATUS:200
TIME_TOTAL:3.598665
TIME_CONNECT:0.332655
SIZE_DOWNLOAD:1294
TIMESTAMP:2025-07-17 15:16:10 UTC
TRIGGER:schedule
