---METADATA---
HTTP_STATUS:200
TIME_TOTAL:3.450822
TIME_CONNECT:0.235652
SIZE_DOWNLOAD:1294
TIMESTAMP:2025-07-17 21:42:43 UTC
TRIGGER:schedule
