---METADATA---
HTTP_STATUS:200
TIME_TOTAL:3.268934
TIME_CONNECT:0.238870
SIZE_DOWNLOAD:1294
TIMESTAMP:2025-07-17 22:48:13 UTC
TRIGGER:schedule
