---METADATA---
HTTP_STATUS:200
TIME_TOTAL:1.265090
TIME_CONNECT:0.468206
SIZE_DOWNLOAD:1293
TIMESTAMP:2025-07-17 05:19:55 UTC
TRIGGER:schedule
