---METADATA---
HTTP_STATUS:200
TIME_TOTAL:3.518437
TIME_CONNECT:0.277189
SIZE_DOWNLOAD:1294
TIMESTAMP:2025-07-17 23:57:36 UTC
TRIGGER:schedule
