---METADATA---
HTTP_STATUS:200
TIME_TOTAL:3.414696
TIME_CONNECT:0.272367
SIZE_DOWNLOAD:1294
TIMESTAMP:2025-07-17 15:54:47 UTC
TRIGGER:schedule
