---METADATA---
HTTP_STATUS:200
TIME_TOTAL:3.568250
TIME_CONNECT:0.278625
SIZE_DOWNLOAD:1294
TIMESTAMP:2025-07-17 01:13:58 UTC
TRIGGER:schedule
