---METADATA---
HTTP_STATUS:200
TIME_TOTAL:3.541764
TIME_CONNECT:0.288825
SIZE_DOWNLOAD:1294
TIMESTAMP:2025-07-17 23:28:49 UTC
TRIGGER:schedule
