---METADATA---
HTTP_STATUS:200
TIME_TOTAL:3.320857
TIME_CONNECT:0.280244
SIZE_DOWNLOAD:1294
TIMESTAMP:2025-07-17 22:59:47 UTC
TRIGGER:schedule
