---METADATA---
HTTP_STATUS:200
TIME_TOTAL:0.949023
TIME_CONNECT:0.232746
SIZE_DOWNLOAD:1294
TIMESTAMP:2025-07-17 05:46:59 UTC
TRIGGER:schedule
