---METADATA---
HTTP_STATUS:200
TIME_TOTAL:7.163756
TIME_CONNECT:3.992308
SIZE_DOWNLOAD:1294
TIMESTAMP:2025-07-17 16:49:46 UTC
TRIGGER:schedule
