---METADATA---
HTTP_STATUS:200
TIME_TOTAL:3.299042
TIME_CONNECT:0.270124
SIZE_DOWNLOAD:1294
TIMESTAMP:2025-07-17 21:32:09 UTC
TRIGGER:schedule
