---METADATA---
HTTP_STATUS:200
TIME_TOTAL:3.360681
TIME_CONNECT:0.236082
SIZE_DOWNLOAD:1296
TIMESTAMP:2025-07-17 09:18:44 UTC
TRIGGER:schedule
