---METADATA---
HTTP_STATUS:200
TIME_TOTAL:3.550815
TIME_CONNECT:0.270607
SIZE_DOWNLOAD:1294
TIMESTAMP:2025-07-17 16:37:29 UTC
TRIGGER:schedule
