---METADATA---
HTTP_STATUS:200
TIME_TOTAL:3.320361
TIME_CONNECT:0.306287
SIZE_DOWNLOAD:1307
TIMESTAMP:2025-07-17 02:57:07 UTC
TRIGGER:schedule
