---METADATA---
HTTP_STATUS:200
TIME_TOTAL:3.389543
TIME_CONNECT:0.233056
SIZE_DOWNLOAD:1294
TIMESTAMP:2025-07-17 07:51:27 UTC
TRIGGER:schedule
