---METADATA---
HTTP_STATUS:200
TIME_TOTAL:3.316012
TIME_CONNECT:0.236992
SIZE_DOWNLOAD:1294
TIMESTAMP:2025-07-17 14:54:04 UTC
TRIGGER:schedule
