---METADATA---
HTTP_STATUS:200
TIME_TOTAL:3.442914
TIME_CONNECT:0.247946
SIZE_DOWNLOAD:1294
TIMESTAMP:2025-07-17 11:30:23 UTC
TRIGGER:schedule
