---METADATA---
HTTP_STATUS:200
TIME_TOTAL:3.604122
TIME_CONNECT:0.278521
SIZE_DOWNLOAD:1294
TIMESTAMP:2025-07-17 13:52:33 UTC
TRIGGER:schedule
