---METADATA---
HTTP_STATUS:200
TIME_TOTAL:3.650843
TIME_CONNECT:0.260776
SIZE_DOWNLOAD:1307
TIMESTAMP:2025-07-17 04:49:50 UTC
TRIGGER:schedule
