---METADATA---
HTTP_STATUS:200
TIME_TOTAL:3.345345
TIME_CONNECT:0.274330
SIZE_DOWNLOAD:1294
TIMESTAMP:2025-07-17 23:39:55 UTC
TRIGGER:schedule
