---METADATA---
HTTP_STATUS:200
TIME_TOTAL:3.422512
TIME_CONNECT:0.294114
SIZE_DOWNLOAD:1294
TIMESTAMP:2025-07-17 17:59:01 UTC
TRIGGER:schedule
