---METADATA---
HTTP_STATUS:200
TIME_TOTAL:3.561246
TIME_CONNECT:0.279846
SIZE_DOWNLOAD:1296
TIMESTAMP:2025-07-17 08:49:37 UTC
TRIGGER:schedule
