---METADATA---
HTTP_STATUS:200
TIME_TOTAL:3.613498
TIME_CONNECT:0.268403
SIZE_DOWNLOAD:1296
TIMESTAMP:2025-07-17 08:57:29 UTC
TRIGGER:schedule
