---METADATA---
HTTP_STATUS:200
TIME_TOTAL:3.619354
TIME_CONNECT:0.276043
SIZE_DOWNLOAD:1307
TIMESTAMP:2025-07-17 04:04:49 UTC
TRIGGER:schedule
