---METADATA---
HTTP_STATUS:200
TIME_TOTAL:3.366463
TIME_CONNECT:0.279947
SIZE_DOWNLOAD:1294
TIMESTAMP:2025-07-17 19:27:30 UTC
TRIGGER:schedule
