---METADATA---
HTTP_STATUS:200
TIME_TOTAL:3.268705
TIME_CONNECT:0.238737
SIZE_DOWNLOAD:1294
TIMESTAMP:2025-07-17 21:56:50 UTC
TRIGGER:schedule
