---METADATA---
HTTP_STATUS:200
TIME_TOTAL:3.356364
TIME_CONNECT:0.270684
SIZE_DOWNLOAD:1296
TIMESTAMP:2025-07-17 09:55:20 UTC
TRIGGER:schedule
