---METADATA---
HTTP_STATUS:200
TIME_TOTAL:3.591063
TIME_CONNECT:0.236953
SIZE_DOWNLOAD:1292
TIMESTAMP:2025-07-17 10:46:32 UTC
TRIGGER:schedule
