---METADATA---
HTTP_STATUS:200
TIME_TOTAL:3.562479
TIME_CONNECT:0.242888
SIZE_DOWNLOAD:1294
TIMESTAMP:2025-07-17 14:13:17 UTC
TRIGGER:schedule
