---METADATA---
HTTP_STATUS:200
TIME_TOTAL:3.461416
TIME_CONNECT:0.275958
SIZE_DOWNLOAD:1294
TIMESTAMP:2025-07-17 17:36:38 UTC
TRIGGER:schedule
