---METADATA---
HTTP_STATUS:200
TIME_TOTAL:3.436351
TIME_CONNECT:0.268860
SIZE_DOWNLOAD:1294
TIMESTAMP:2025-07-17 07:50:42 UTC
TRIGGER:schedule
