---METADATA---
HTTP_STATUS:200
TIME_TOTAL:3.493755
TIME_CONNECT:0.232962
SIZE_DOWNLOAD:1294
TIMESTAMP:2025-07-17 19:41:43 UTC
TRIGGER:schedule
