---METADATA---
HTTP_STATUS:200
TIME_TOTAL:3.578865
TIME_CONNECT:0.278608
SIZE_DOWNLOAD:1294
TIMESTAMP:2025-07-17 20:52:30 UTC
TRIGGER:schedule
