---METADATA---
HTTP_STATUS:200
TIME_TOTAL:3.506882
TIME_CONNECT:0.280861
SIZE_DOWNLOAD:1294
TIMESTAMP:2025-07-17 23:15:08 UTC
TRIGGER:schedule
