---METADATA---
HTTP_STATUS:200
TIME_TOTAL:3.427355
TIME_CONNECT:0.276058
SIZE_DOWNLOAD:1294
TIMESTAMP:2025-07-17 21:49:33 UTC
TRIGGER:schedule
