---METADATA---
HTTP_STATUS:200
TIME_TOTAL:3.350616
TIME_CONNECT:0.284293
SIZE_DOWNLOAD:1294
TIMESTAMP:2025-07-17 20:54:31 UTC
TRIGGER:schedule
