---METADATA---
HTTP_STATUS:200
TIME_TOTAL:3.401007
TIME_CONNECT:0.269386
SIZE_DOWNLOAD:1307
TIMESTAMP:2025-07-17 13:44:34 UTC
TRIGGER:schedule
