---METADATA---
HTTP_STATUS:200
TIME_TOTAL:3.542180
TIME_CONNECT:0.270833
SIZE_DOWNLOAD:1296
TIMESTAMP:2025-07-17 05:45:02 UTC
TRIGGER:schedule
