---METADATA---
HTTP_STATUS:200
TIME_TOTAL:3.573260
TIME_CONNECT:0.277593
SIZE_DOWNLOAD:1296
TIMESTAMP:2025-07-17 09:44:20 UTC
TRIGGER:schedule
