---METADATA---
HTTP_STATUS:200
TIME_TOTAL:3.481488
TIME_CONNECT:0.222473
SIZE_DOWNLOAD:1307
TIMESTAMP:2025-07-17 00:52:29 UTC
TRIGGER:schedule
