---METADATA---
HTTP_STATUS:200
TIME_TOTAL:3.407244
TIME_CONNECT:0.242456
SIZE_DOWNLOAD:1296
TIMESTAMP:2025-07-17 08:20:15 UTC
TRIGGER:schedule
