---METADATA---
HTTP_STATUS:200
TIME_TOTAL:3.568923
TIME_CONNECT:0.297438
SIZE_DOWNLOAD:1294
TIMESTAMP:2025-07-17 11:49:32 UTC
TRIGGER:schedule
