---METADATA---
HTTP_STATUS:200
TIME_TOTAL:3.573997
TIME_CONNECT:0.293516
SIZE_DOWNLOAD:1294
TIMESTAMP:2025-07-17 15:27:19 UTC
TRIGGER:schedule
