---METADATA---
HTTP_STATUS:200
TIME_TOTAL:3.622640
TIME_CONNECT:0.296522
SIZE_DOWNLOAD:1294
TIMESTAMP:2025-07-17 20:42:36 UTC
TRIGGER:schedule
