---METADATA---
HTTP_STATUS:200
TIME_TOTAL:3.435287
TIME_CONNECT:0.252592
SIZE_DOWNLOAD:1294
TIMESTAMP:2025-07-17 22:14:18 UTC
TRIGGER:schedule
