---METADATA---
HTTP_STATUS:200
TIME_TOTAL:3.380604
TIME_CONNECT:0.284364
SIZE_DOWNLOAD:1294
TIMESTAMP:2025-07-17 18:52:16 UTC
TRIGGER:schedule
