---METADATA---
HTTP_STATUS:200
TIME_TOTAL:3.579603
TIME_CONNECT:0.278217
SIZE_DOWNLOAD:1311
TIMESTAMP:2025-07-17 13:19:18 UTC
TRIGGER:schedule
