---METADATA---
HTTP_STATUS:200
TIME_TOTAL:1.085194
TIME_CONNECT:0.306217
SIZE_DOWNLOAD:1294
TIMESTAMP:2025-07-17 19:29:28 UTC
TRIGGER:schedule
