---METADATA---
HTTP_STATUS:200
TIME_TOTAL:3.810764
TIME_CONNECT:0.299210
SIZE_DOWNLOAD:1295
TIMESTAMP:2025-07-17 07:11:06 UTC
TRIGGER:schedule
