---METADATA---
HTTP_STATUS:200
TIME_TOTAL:3.501192
TIME_CONNECT:0.267257
SIZE_DOWNLOAD:1296
TIMESTAMP:2025-07-17 06:42:34 UTC
TRIGGER:schedule
