---METADATA---
HTTP_STATUS:200
TIME_TOTAL:3.240872
TIME_CONNECT:0.274993
SIZE_DOWNLOAD:1294
TIMESTAMP:2025-07-17 17:14:25 UTC
TRIGGER:schedule
