---METADATA---
HTTP_STATUS:200
TIME_TOTAL:3.417401
TIME_CONNECT:0.278964
SIZE_DOWNLOAD:1294
TIMESTAMP:2025-07-17 20:30:53 UTC
TRIGGER:schedule
