---METADATA---
HTTP_STATUS:200
TIME_TOTAL:3.590387
TIME_CONNECT:0.278555
SIZE_DOWNLOAD:1294
TIMESTAMP:2025-07-17 06:21:46 UTC
TRIGGER:schedule
