---METADATA---
HTTP_STATUS:200
TIME_TOTAL:3.447692
TIME_CONNECT:0.276347
SIZE_DOWNLOAD:1294
TIMESTAMP:2025-07-17 23:45:45 UTC
TRIGGER:schedule
