---METADATA---
HTTP_STATUS:200
TIME_TOTAL:3.510843
TIME_CONNECT:0.246690
SIZE_DOWNLOAD:1294
TIMESTAMP:2025-07-17 11:42:46 UTC
TRIGGER:schedule
