---METADATA---
HTTP_STATUS:200
TIME_TOTAL:3.471263
TIME_CONNECT:0.240357
SIZE_DOWNLOAD:1294
TIMESTAMP:2025-07-17 19:13:42 UTC
TRIGGER:schedule
