---METADATA---
HTTP_STATUS:200
TIME_TOTAL:3.499847
TIME_CONNECT:0.269747
SIZE_DOWNLOAD:1307
TIMESTAMP:2025-07-17 04:01:08 UTC
TRIGGER:schedule
