---METADATA---
HTTP_STATUS:200
TIME_TOTAL:3.558405
TIME_CONNECT:0.272042
SIZE_DOWNLOAD:1292
TIMESTAMP:2025-07-17 18:20:56 UTC
TRIGGER:schedule
