---METADATA---
HTTP_STATUS:200
TIME_TOTAL:3.396049
TIME_CONNECT:0.318582
SIZE_DOWNLOAD:1294
TIMESTAMP:2025-07-17 16:18:51 UTC
TRIGGER:schedule
