---METADATA---
HTTP_STATUS:200
TIME_TOTAL:3.401607
TIME_CONNECT:0.291856
SIZE_DOWNLOAD:1296
TIMESTAMP:2025-07-17 09:32:42 UTC
TRIGGER:schedule
