---METADATA---
HTTP_STATUS:200
TIME_TOTAL:3.337763
TIME_CONNECT:0.228040
SIZE_DOWNLOAD:1294
TIMESTAMP:2025-07-17 22:38:19 UTC
TRIGGER:schedule
