---METADATA---
HTTP_STATUS:200
TIME_TOTAL:3.480695
TIME_CONNECT:0.277261
SIZE_DOWNLOAD:1294
TIMESTAMP:2025-07-17 22:52:35 UTC
TRIGGER:schedule
