---METADATA---
HTTP_STATUS:200
TIME_TOTAL:3.656299
TIME_CONNECT:0.266535
SIZE_DOWNLOAD:1294
TIMESTAMP:2025-06-22 04:56:45 UTC
TRIGGER:schedule
