---METADATA---
HTTP_STATUS:200
TIME_TOTAL:3.387090
TIME_CONNECT:0.241574
SIZE_DOWNLOAD:1292
TIMESTAMP:2025-06-22 11:11:01 UTC
TRIGGER:schedule
