---METADATA---
HTTP_STATUS:200
TIME_TOTAL:3.564086
TIME_CONNECT:0.243365
SIZE_DOWNLOAD:1292
TIMESTAMP:2025-06-22 07:13:20 UTC
TRIGGER:schedule
