---METADATA---
HTTP_STATUS:200
TIME_TOTAL:3.700018
TIME_CONNECT:0.247273
SIZE_DOWNLOAD:1292
TIMESTAMP:2025-06-22 07:30:11 UTC
TRIGGER:schedule
