---METADATA---
HTTP_STATUS:200
TIME_TOTAL:3.296809
TIME_CONNECT:0.253068
SIZE_DOWNLOAD:1293
TIMESTAMP:2025-06-22 19:24:05 UTC
TRIGGER:schedule
