---METADATA---
HTTP_STATUS:200
TIME_TOTAL:3.905598
TIME_CONNECT:0.784687
SIZE_DOWNLOAD:1303
TIMESTAMP:2025-06-22 15:30:13 UTC
TRIGGER:schedule
