---METADATA---
HTTP_STATUS:200
TIME_TOTAL:3.211561
TIME_CONNECT:0.295623
SIZE_DOWNLOAD:1294
TIMESTAMP:2025-06-22 22:33:09 UTC
TRIGGER:schedule
