---METADATA---
HTTP_STATUS:200
TIME_TOTAL:3.232655
TIME_CONNECT:0.224224
SIZE_DOWNLOAD:1294
TIMESTAMP:2025-06-22 22:25:00 UTC
TRIGGER:schedule
