---METADATA---
HTTP_STATUS:200
TIME_TOTAL:3.550259
TIME_CONNECT:0.330210
SIZE_DOWNLOAD:1305
TIMESTAMP:2025-06-22 15:12:54 UTC
TRIGGER:schedule
