---METADATA---
HTTP_STATUS:200
TIME_TOTAL:3.298232
TIME_CONNECT:0.303300
SIZE_DOWNLOAD:1292
TIMESTAMP:2025-06-22 12:25:09 UTC
TRIGGER:schedule
