---METADATA---
HTTP_STATUS:200
TIME_TOTAL:1.151010
TIME_CONNECT:0.311633
SIZE_DOWNLOAD:1292
TIMESTAMP:2025-06-22 13:51:41 UTC
TRIGGER:schedule
