---METADATA---
HTTP_STATUS:200
TIME_TOTAL:3.387984
TIME_CONNECT:0.250061
SIZE_DOWNLOAD:1302
TIMESTAMP:2025-06-22 18:50:12 UTC
TRIGGER:schedule
