---METADATA---
HTTP_STATUS:200
TIME_TOTAL:3.546967
TIME_CONNECT:0.279784
SIZE_DOWNLOAD:1294
TIMESTAMP:2025-06-22 21:12:30 UTC
TRIGGER:schedule
