---METADATA---
HTTP_STATUS:200
TIME_TOTAL:3.492244
TIME_CONNECT:0.224150
SIZE_DOWNLOAD:1294
TIMESTAMP:2025-06-22 20:44:00 UTC
TRIGGER:schedule
