---METADATA---
HTTP_STATUS:200
TIME_TOTAL:3.346334
TIME_CONNECT:0.262483
SIZE_DOWNLOAD:1294
TIMESTAMP:2025-06-22 20:14:18 UTC
TRIGGER:schedule
