---METADATA---
HTTP_STATUS:200
TIME_TOTAL:3.436862
TIME_CONNECT:0.236797
SIZE_DOWNLOAD:1296
TIMESTAMP:2025-06-22 05:08:48 UTC
TRIGGER:schedule
