---METADATA---
HTTP_STATUS:200
TIME_TOTAL:1.095364
TIME_CONNECT:0.289622
SIZE_DOWNLOAD:1294
TIMESTAMP:2025-06-22 21:40:43 UTC
TRIGGER:schedule
