---METADATA---
HTTP_STATUS:200
TIME_TOTAL:3.389455
TIME_CONNECT:0.290857
SIZE_DOWNLOAD:1306
TIMESTAMP:2025-06-22 04:19:27 UTC
TRIGGER:schedule
