---METADATA---
HTTP_STATUS:200
TIME_TOTAL:3.585635
TIME_CONNECT:0.240867
SIZE_DOWNLOAD:1306
TIMESTAMP:2025-06-22 05:48:54 UTC
TRIGGER:schedule
