---METADATA---
HTTP_STATUS:200
TIME_TOTAL:3.309174
TIME_CONNECT:0.253024
SIZE_DOWNLOAD:1302
TIMESTAMP:2025-06-22 18:45:10 UTC
TRIGGER:schedule
