---METADATA---
HTTP_STATUS:200
TIME_TOTAL:3.345151
TIME_CONNECT:0.274855
SIZE_DOWNLOAD:1294
TIMESTAMP:2025-06-22 23:57:15 UTC
TRIGGER:schedule
