---METADATA---
HTTP_STATUS:200
TIME_TOTAL:1.141057
TIME_CONNECT:0.251155
SIZE_DOWNLOAD:1294
TIMESTAMP:2025-06-22 20:48:55 UTC
TRIGGER:schedule
