---METADATA---
HTTP_STATUS:200
TIME_TOTAL:3.501003
TIME_CONNECT:0.213977
SIZE_DOWNLOAD:1305
TIMESTAMP:2025-06-22 13:48:58 UTC
TRIGGER:schedule
