---METADATA---
HTTP_STATUS:200
TIME_TOTAL:3.678506
TIME_CONNECT:0.434174
SIZE_DOWNLOAD:1320
TIMESTAMP:2025-06-22 17:13:54 UTC
TRIGGER:schedule
