---METADATA---
HTTP_STATUS:200
TIME_TOTAL:3.460846
TIME_CONNECT:0.222475
SIZE_DOWNLOAD:1293
TIMESTAMP:2025-06-22 19:30:20 UTC
TRIGGER:schedule
