---METADATA---
HTTP_STATUS:200
TIME_TOTAL:3.557983
TIME_CONNECT:0.291544
SIZE_DOWNLOAD:1307
TIMESTAMP:2025-06-22 19:17:31 UTC
TRIGGER:schedule
