---METADATA---
HTTP_STATUS:200
TIME_TOTAL:3.449982
TIME_CONNECT:0.245269
SIZE_DOWNLOAD:1312
TIMESTAMP:2025-06-22 19:10:33 UTC
TRIGGER:schedule
