---METADATA---
HTTP_STATUS:200
TIME_TOTAL:3.596119
TIME_CONNECT:0.224300
SIZE_DOWNLOAD:1294
TIMESTAMP:2025-06-22 21:40:23 UTC
TRIGGER:schedule
