---METADATA---
HTTP_STATUS:200
TIME_TOTAL:3.470140
TIME_CONNECT:0.278742
SIZE_DOWNLOAD:1292
TIMESTAMP:2025-06-22 07:40:31 UTC
TRIGGER:schedule
