---METADATA---
HTTP_STATUS:200
TIME_TOTAL:3.425459
TIME_CONNECT:0.287000
SIZE_DOWNLOAD:1292
TIMESTAMP:2025-06-22 07:24:41 UTC
TRIGGER:schedule
