---METADATA---
HTTP_STATUS:200
TIME_TOTAL:3.534686
TIME_CONNECT:0.279699
SIZE_DOWNLOAD:1302
TIMESTAMP:2025-06-22 17:39:24 UTC
TRIGGER:schedule
