---METADATA---
HTTP_STATUS:200
TIME_TOTAL:3.323078
TIME_CONNECT:0.260923
SIZE_DOWNLOAD:1306
TIMESTAMP:2025-06-22 19:48:08 UTC
TRIGGER:schedule
