---METADATA---
HTTP_STATUS:200
TIME_TOTAL:3.497152
TIME_CONNECT:0.236928
SIZE_DOWNLOAD:1302
TIMESTAMP:2025-06-22 17:33:33 UTC
TRIGGER:schedule
