---METADATA---
HTTP_STATUS:200
TIME_TOTAL:3.427169
TIME_CONNECT:0.324920
SIZE_DOWNLOAD:1320
TIMESTAMP:2025-06-22 15:48:00 UTC
TRIGGER:schedule
