---METADATA---
HTTP_STATUS:200
TIME_TOTAL:3.558723
TIME_CONNECT:0.290319
SIZE_DOWNLOAD:1305
TIMESTAMP:2025-06-22 16:15:39 UTC
TRIGGER:schedule
