---METADATA---
HTTP_STATUS:200
TIME_TOTAL:1.053094
TIME_CONNECT:0.321436
SIZE_DOWNLOAD:1314
TIMESTAMP:2025-06-22 17:51:33 UTC
TRIGGER:schedule
