---METADATA---
HTTP_STATUS:200
TIME_TOTAL:3.765019
TIME_CONNECT:0.330365
SIZE_DOWNLOAD:1306
TIMESTAMP:2025-06-22 11:39:54 UTC
TRIGGER:schedule
