---METADATA---
HTTP_STATUS:200
TIME_TOTAL:3.476592
TIME_CONNECT:0.246551
SIZE_DOWNLOAD:1292
TIMESTAMP:2025-06-22 03:10:26 UTC
TRIGGER:schedule
