---METADATA---
HTTP_STATUS:200
TIME_TOTAL:3.323430
TIME_CONNECT:0.289363
SIZE_DOWNLOAD:1309
TIMESTAMP:2025-06-22 05:33:29 UTC
TRIGGER:schedule
