---METADATA---
HTTP_STATUS:200
TIME_TOTAL:3.376200
TIME_CONNECT:0.290264
SIZE_DOWNLOAD:1317
TIMESTAMP:2025-06-22 15:41:02 UTC
TRIGGER:schedule
