---METADATA---
HTTP_STATUS:200
TIME_TOTAL:1.065653
TIME_CONNECT:0.282044
SIZE_DOWNLOAD:1294
TIMESTAMP:2025-06-22 06:46:45 UTC
TRIGGER:schedule
