---METADATA---
HTTP_STATUS:200
TIME_TOTAL:3.832958
TIME_CONNECT:0.316488
SIZE_DOWNLOAD:1292
TIMESTAMP:2025-06-22 10:26:57 UTC
TRIGGER:schedule
