---METADATA---
HTTP_STATUS:200
TIME_TOTAL:3.370719
TIME_CONNECT:0.244599
SIZE_DOWNLOAD:1292
TIMESTAMP:2025-06-22 11:21:06 UTC
TRIGGER:schedule
