---METADATA---
HTTP_STATUS:200
TIME_TOTAL:3.678265
TIME_CONNECT:0.370562
SIZE_DOWNLOAD:1318
TIMESTAMP:2025-06-22 16:53:46 UTC
TRIGGER:schedule
