---METADATA---
HTTP_STATUS:200
TIME_TOTAL:3.381296
TIME_CONNECT:0.267688
SIZE_DOWNLOAD:1292
TIMESTAMP:2025-06-22 01:16:04 UTC
TRIGGER:schedule
