---METADATA---
HTTP_STATUS:200
TIME_TOTAL:3.348231
TIME_CONNECT:0.296295
SIZE_DOWNLOAD:1315
TIMESTAMP:2025-06-22 18:29:47 UTC
TRIGGER:schedule
