---METADATA---
HTTP_STATUS:200
TIME_TOTAL:3.197836
TIME_CONNECT:0.244888
SIZE_DOWNLOAD:1303
TIMESTAMP:2025-06-22 13:16:14 UTC
TRIGGER:schedule
