---METADATA---
HTTP_STATUS:200
TIME_TOTAL:3.564222
TIME_CONNECT:0.277961
SIZE_DOWNLOAD:1294
TIMESTAMP:2025-06-22 21:28:49 UTC
TRIGGER:schedule
