---METADATA---
HTTP_STATUS:200
TIME_TOTAL:3.543764
TIME_CONNECT:0.244069
SIZE_DOWNLOAD:1303
TIMESTAMP:2025-06-22 14:12:10 UTC
TRIGGER:schedule
