---METADATA---
HTTP_STATUS:200
TIME_TOTAL:3.389397
TIME_CONNECT:0.267821
SIZE_DOWNLOAD:1294
TIMESTAMP:2025-06-22 21:23:43 UTC
TRIGGER:schedule
