---METADATA---
HTTP_STATUS:200
TIME_TOTAL:3.612776
TIME_CONNECT:0.248865
SIZE_DOWNLOAD:1290
TIMESTAMP:2025-06-22 06:19:22 UTC
TRIGGER:schedule
