---METADATA---
HTTP_STATUS:200
TIME_TOTAL:3.192303
TIME_CONNECT:0.226642
SIZE_DOWNLOAD:1294
TIMESTAMP:2025-06-22 19:58:54 UTC
TRIGGER:schedule
