---METADATA---
HTTP_STATUS:200
TIME_TOTAL:3.540563
TIME_CONNECT:0.283682
SIZE_DOWNLOAD:1292
TIMESTAMP:2025-06-22 09:22:54 UTC
TRIGGER:schedule
