---METADATA---
HTTP_STATUS:200
TIME_TOTAL:3.518998
TIME_CONNECT:0.228579
SIZE_DOWNLOAD:1292
TIMESTAMP:2025-06-22 11:47:59 UTC
TRIGGER:schedule
