---METADATA---
HTTP_STATUS:200
TIME_TOTAL:3.495015
TIME_CONNECT:0.246869
SIZE_DOWNLOAD:1294
TIMESTAMP:2025-06-22 03:40:45 UTC
TRIGGER:schedule
