---METADATA---
HTTP_STATUS:200
TIME_TOTAL:3.688303
TIME_CONNECT:0.277558
SIZE_DOWNLOAD:1292
TIMESTAMP:2025-06-22 07:57:07 UTC
TRIGGER:schedule
