---METADATA---
HTTP_STATUS:200
TIME_TOTAL:3.240506
TIME_CONNECT:0.242287
SIZE_DOWNLOAD:1292
TIMESTAMP:2025-06-22 09:48:28 UTC
TRIGGER:schedule
