---METADATA---
HTTP_STATUS:200
TIME_TOTAL:3.324528
TIME_CONNECT:0.280016
SIZE_DOWNLOAD:1294
TIMESTAMP:2025-06-22 20:57:15 UTC
TRIGGER:schedule
