---METADATA---
HTTP_STATUS:200
TIME_TOTAL:3.290543
TIME_CONNECT:0.248238
SIZE_DOWNLOAD:1292
TIMESTAMP:2025-06-22 05:17:01 UTC
TRIGGER:schedule
