---METADATA---
HTTP_STATUS:200
TIME_TOTAL:3.213494
TIME_CONNECT:0.265008
SIZE_DOWNLOAD:1306
TIMESTAMP:2025-06-22 05:50:19 UTC
TRIGGER:schedule
