---METADATA---
HTTP_STATUS:200
TIME_TOTAL:3.568116
TIME_CONNECT:0.247909
SIZE_DOWNLOAD:1292
TIMESTAMP:2025-06-22 08:53:57 UTC
TRIGGER:schedule
