---METADATA---
HTTP_STATUS:200
TIME_TOTAL:3.364250
TIME_CONNECT:0.278655
SIZE_DOWNLOAD:1292
TIMESTAMP:2025-06-22 07:48:03 UTC
TRIGGER:schedule
