---METADATA---
HTTP_STATUS:200
TIME_TOTAL:3.644470
TIME_CONNECT:0.247053
SIZE_DOWNLOAD:1292
TIMESTAMP:2025-06-22 08:17:05 UTC
TRIGGER:schedule
