---METADATA---
HTTP_STATUS:200
TIME_TOTAL:3.500996
TIME_CONNECT:0.264815
SIZE_DOWNLOAD:1294
TIMESTAMP:2025-06-22 21:56:46 UTC
TRIGGER:schedule
