---METADATA---
HTTP_STATUS:200
TIME_TOTAL:3.406524
TIME_CONNECT:0.266631
SIZE_DOWNLOAD:1292
TIMESTAMP:2025-06-22 12:42:43 UTC
TRIGGER:schedule
