---METADATA---
HTTP_STATUS:200
TIME_TOTAL:3.588383
TIME_CONNECT:0.299093
SIZE_DOWNLOAD:1292
TIMESTAMP:2025-06-22 11:26:04 UTC
TRIGGER:schedule
