---METADATA---
HTTP_STATUS:200
TIME_TOTAL:3.414753
TIME_CONNECT:0.267366
SIZE_DOWNLOAD:1292
TIMESTAMP:2025-06-22 04:47:26 UTC
TRIGGER:schedule
