---METADATA---
HTTP_STATUS:200
TIME_TOTAL:3.517809
TIME_CONNECT:0.305779
SIZE_DOWNLOAD:1292
TIMESTAMP:2025-06-22 09:13:42 UTC
TRIGGER:schedule
