---METADATA---
HTTP_STATUS:200
TIME_TOTAL:3.424518
TIME_CONNECT:0.266108
SIZE_DOWNLOAD:1294
TIMESTAMP:2025-06-22 20:32:18 UTC
TRIGGER:schedule
