---METADATA---
HTTP_STATUS:200
TIME_TOTAL:3.561347
TIME_CONNECT:0.271653
SIZE_DOWNLOAD:1307
TIMESTAMP:2025-06-22 16:44:17 UTC
TRIGGER:schedule
