---METADATA---
HTTP_STATUS:200
TIME_TOTAL:3.275018
TIME_CONNECT:0.231236
SIZE_DOWNLOAD:1294
TIMESTAMP:2025-06-22 22:49:23 UTC
TRIGGER:schedule
