---METADATA---
HTTP_STATUS:200
TIME_TOTAL:1.016695
TIME_CONNECT:0.278850
SIZE_DOWNLOAD:1307
TIMESTAMP:2025-06-22 17:19:54 UTC
TRIGGER:schedule
