---METADATA---
HTTP_STATUS:200
TIME_TOTAL:3.632216
TIME_CONNECT:0.323194
SIZE_DOWNLOAD:1307
TIMESTAMP:2025-06-22 15:21:49 UTC
TRIGGER:schedule
