---METADATA---
HTTP_STATUS:200
TIME_TOTAL:3.616015
TIME_CONNECT:0.311457
SIZE_DOWNLOAD:1292
TIMESTAMP:2025-06-22 08:43:17 UTC
TRIGGER:schedule
