---METADATA---
HTTP_STATUS:200
TIME_TOTAL:3.246108
TIME_CONNECT:0.274816
SIZE_DOWNLOAD:1306
TIMESTAMP:2025-06-22 19:47:04 UTC
TRIGGER:schedule
