---METADATA---
HTTP_STATUS:200
TIME_TOTAL:3.324514
TIME_CONNECT:0.240775
SIZE_DOWNLOAD:1294
TIMESTAMP:2025-06-22 21:48:33 UTC
TRIGGER:schedule
