---METADATA---
HTTP_STATUS:200
TIME_TOTAL:3.260425
TIME_CONNECT:0.235288
SIZE_DOWNLOAD:1292
TIMESTAMP:2025-06-22 05:41:20 UTC
TRIGGER:schedule
