---METADATA---
HTTP_STATUS:200
TIME_TOTAL:3.177560
TIME_CONNECT:0.273441
SIZE_DOWNLOAD:1294
TIMESTAMP:2025-06-22 23:29:45 UTC
TRIGGER:schedule
