---METADATA---
HTTP_STATUS:200
TIME_TOTAL:1.165439
TIME_CONNECT:0.303917
SIZE_DOWNLOAD:1304
TIMESTAMP:2025-06-22 14:20:02 UTC
TRIGGER:schedule
