---METADATA---
HTTP_STATUS:200
TIME_TOTAL:3.429123
TIME_CONNECT:0.238057
SIZE_DOWNLOAD:1315
TIMESTAMP:2025-06-22 18:17:43 UTC
TRIGGER:schedule
