---METADATA---
HTTP_STATUS:200
TIME_TOTAL:3.420691
TIME_CONNECT:0.287924
SIZE_DOWNLOAD:1305
TIMESTAMP:2025-06-22 16:30:59 UTC
TRIGGER:schedule
