---METADATA---
HTTP_STATUS:200
TIME_TOTAL:3.604623
TIME_CONNECT:0.295530
SIZE_DOWNLOAD:1304
TIMESTAMP:2025-06-22 15:57:12 UTC
TRIGGER:schedule
