---METADATA---
HTTP_STATUS:200
TIME_TOTAL:3.257719
TIME_CONNECT:0.278566
SIZE_DOWNLOAD:1292
TIMESTAMP:2025-06-22 02:25:04 UTC
TRIGGER:schedule
