---METADATA---
HTTP_STATUS:200
TIME_TOTAL:3.593356
TIME_CONNECT:0.249450
SIZE_DOWNLOAD:1292
TIMESTAMP:2025-06-22 06:12:24 UTC
TRIGGER:schedule
