---METADATA---
HTTP_STATUS:200
TIME_TOTAL:3.541277
TIME_CONNECT:0.213653
SIZE_DOWNLOAD:1292
TIMESTAMP:2025-06-22 09:31:00 UTC
TRIGGER:schedule
