---METADATA---
HTTP_STATUS:200
TIME_TOTAL:3.471137
TIME_CONNECT:0.239794
SIZE_DOWNLOAD:1307
TIMESTAMP:2025-06-22 14:51:11 UTC
TRIGGER:schedule
