---METADATA---
HTTP_STATUS:200
TIME_TOTAL:3.527316
TIME_CONNECT:0.274185
SIZE_DOWNLOAD:1292
TIMESTAMP:2025-06-22 09:41:27 UTC
TRIGGER:schedule
