---METADATA---
HTTP_STATUS:200
TIME_TOTAL:3.221898
TIME_CONNECT:0.271576
SIZE_DOWNLOAD:1294
TIMESTAMP:2025-06-22 23:50:55 UTC
TRIGGER:schedule
