---METADATA---
HTTP_STATUS:200
TIME_TOTAL:1.058283
TIME_CONNECT:0.279039
SIZE_DOWNLOAD:1318
TIMESTAMP:2025-06-22 16:56:40 UTC
TRIGGER:schedule
