---METADATA---
HTTP_STATUS:200
TIME_TOTAL:3.370092
TIME_CONNECT:0.280626
SIZE_DOWNLOAD:1294
TIMESTAMP:2025-06-22 22:12:38 UTC
TRIGGER:schedule
