---METADATA---
HTTP_STATUS:200
TIME_TOTAL:3.690728
TIME_CONNECT:0.272387
SIZE_DOWNLOAD:1302
TIMESTAMP:2025-06-22 17:48:40 UTC
TRIGGER:schedule
