---METADATA---
HTTP_STATUS:200
TIME_TOTAL:3.187748
TIME_CONNECT:0.219519
SIZE_DOWNLOAD:1294
TIMESTAMP:2025-06-22 23:42:55 UTC
TRIGGER:schedule
