---METADATA---
HTTP_STATUS:200
TIME_TOTAL:3.518345
TIME_CONNECT:0.284418
SIZE_DOWNLOAD:1292
TIMESTAMP:2025-06-22 11:51:59 UTC
TRIGGER:schedule
