---METADATA---
HTTP_STATUS:200
TIME_TOTAL:3.572931
TIME_CONNECT:0.303045
SIZE_DOWNLOAD:1294
TIMESTAMP:2025-06-22 22:43:36 UTC
TRIGGER:schedule
