---METADATA---
HTTP_STATUS:200
TIME_TOTAL:1.019323
TIME_CONNECT:0.221002
SIZE_DOWNLOAD:1306
TIMESTAMP:2025-06-22 13:39:46 UTC
TRIGGER:schedule
