---METADATA---
HTTP_STATUS:200
TIME_TOTAL:3.275250
TIME_CONNECT:0.258923
SIZE_DOWNLOAD:1292
TIMESTAMP:2025-06-22 10:50:03 UTC
TRIGGER:schedule
