---METADATA---
HTTP_STATUS:200
TIME_TOTAL:3.429181
TIME_CONNECT:0.234640
SIZE_DOWNLOAD:1294
TIMESTAMP:2025-06-22 22:57:01 UTC
TRIGGER:schedule
