---METADATA---
HTTP_STATUS:200
TIME_TOTAL:3.274295
TIME_CONNECT:0.229886
SIZE_DOWNLOAD:1292
TIMESTAMP:2025-06-22 08:52:12 UTC
TRIGGER:schedule
