---METADATA---
HTTP_STATUS:200
TIME_TOTAL:3.368816
TIME_CONNECT:0.280253
SIZE_DOWNLOAD:1292
TIMESTAMP:2025-06-22 10:57:12 UTC
TRIGGER:schedule
