---METADATA---
HTTP_STATUS:200
TIME_TOTAL:3.454414
TIME_CONNECT:0.282913
SIZE_DOWNLOAD:1292
TIMESTAMP:2025-06-22 10:35:14 UTC
TRIGGER:schedule
