---METADATA---
HTTP_STATUS:200
TIME_TOTAL:3.756314
TIME_CONNECT:0.308466
SIZE_DOWNLOAD:1294
TIMESTAMP:2025-06-22 06:44:30 UTC
TRIGGER:schedule
