---METADATA---
HTTP_STATUS:200
TIME_TOTAL:3.570227
TIME_CONNECT:0.366170
SIZE_DOWNLOAD:1290
TIMESTAMP:2025-06-22 13:35:22 UTC
TRIGGER:schedule
