---METADATA---
HTTP_STATUS:200
TIME_TOTAL:3.571032
TIME_CONNECT:0.247430
SIZE_DOWNLOAD:1292
TIMESTAMP:2025-06-22 11:36:41 UTC
TRIGGER:schedule
