---METADATA---
HTTP_STATUS:200
TIME_TOTAL:3.257162
TIME_CONNECT:0.237126
SIZE_DOWNLOAD:1292
TIMESTAMP:2025-06-22 10:13:44 UTC
TRIGGER:schedule
