---METADATA---
HTTP_STATUS:200
TIME_TOTAL:3.339677
TIME_CONNECT:0.224501
SIZE_DOWNLOAD:1295
TIMESTAMP:2025-06-22 04:00:04 UTC
TRIGGER:schedule
