---METADATA---
HTTP_STATUS:200
TIME_TOTAL:3.507514
TIME_CONNECT:0.247739
SIZE_DOWNLOAD:1294
TIMESTAMP:2025-06-22 20:28:00 UTC
TRIGGER:schedule
