---METADATA---
HTTP_STATUS:200
TIME_TOTAL:3.284539
TIME_CONNECT:0.298841
SIZE_DOWNLOAD:1294
TIMESTAMP:2025-06-22 23:24:38 UTC
TRIGGER:schedule
