---METADATA---
HTTP_STATUS:200
TIME_TOTAL:3.470423
TIME_CONNECT:0.263146
SIZE_DOWNLOAD:1294
TIMESTAMP:2025-06-22 23:41:22 UTC
TRIGGER:schedule
