---METADATA---
HTTP_STATUS:200
TIME_TOTAL:3.451453
TIME_CONNECT:0.284832
SIZE_DOWNLOAD:1294
TIMESTAMP:2025-06-22 23:13:00 UTC
TRIGGER:schedule
