---METADATA---
HTTP_STATUS:200
TIME_TOTAL:3.255804
TIME_CONNECT:0.238259
SIZE_DOWNLOAD:1296
TIMESTAMP:2025-06-22 06:57:12 UTC
TRIGGER:schedule
