---METADATA---
HTTP_STATUS:200
TIME_TOTAL:3.325363
TIME_CONNECT:0.279964
SIZE_DOWNLOAD:1292
TIMESTAMP:2025-06-22 13:00:51 UTC
TRIGGER:schedule
