---METADATA---
HTTP_STATUS:200
TIME_TOTAL:1.113618
TIME_CONNECT:0.248278
SIZE_DOWNLOAD:1291
TIMESTAMP:2025-06-22 19:35:24 UTC
TRIGGER:schedule
