---METADATA---
HTTP_STATUS:200
TIME_TOTAL:3.605110
TIME_CONNECT:0.268680
SIZE_DOWNLOAD:1294
TIMESTAMP:2025-06-22 04:35:54 UTC
TRIGGER:schedule
