---METADATA---
HTTP_STATUS:200
TIME_TOTAL:3.323721
TIME_CONNECT:0.236931
SIZE_DOWNLOAD:1303
TIMESTAMP:2025-06-22 14:31:30 UTC
TRIGGER:schedule
