---METADATA---
HTTP_STATUS:200
TIME_TOTAL:3.335860
TIME_CONNECT:0.241407
SIZE_DOWNLOAD:1292
TIMESTAMP:2025-06-22 10:45:22 UTC
TRIGGER:schedule
