---METADATA---
HTTP_STATUS:200
TIME_TOTAL:3.568602
TIME_CONNECT:0.286230
SIZE_DOWNLOAD:1292
TIMESTAMP:2025-06-22 09:56:57 UTC
TRIGGER:schedule
