---METADATA---
HTTP_STATUS:200
TIME_TOTAL:3.262817
TIME_CONNECT:0.254606
SIZE_DOWNLOAD:1307
TIMESTAMP:2025-06-22 14:49:05 UTC
TRIGGER:schedule
