---METADATA---
HTTP_STATUS:200
TIME_TOTAL:3.529000
TIME_CONNECT:0.295656
SIZE_DOWNLOAD:1294
TIMESTAMP:2025-08-06 09:40:22 UTC
TRIGGER:schedule
