---METADATA---
HTTP_STATUS:200
TIME_TOTAL:3.375442
TIME_CONNECT:0.286168
SIZE_DOWNLOAD:1294
TIMESTAMP:2025-08-06 20:00:09 UTC
TRIGGER:schedule
