---METADATA---
HTTP_STATUS:200
TIME_TOTAL:3.505452
TIME_CONNECT:0.279176
SIZE_DOWNLOAD:1294
TIMESTAMP:2025-08-06 19:15:33 UTC
TRIGGER:schedule
