---METADATA---
HTTP_STATUS:200
TIME_TOTAL:3.449450
TIME_CONNECT:0.293372
SIZE_DOWNLOAD:1307
TIMESTAMP:2025-08-06 13:28:25 UTC
TRIGGER:schedule
