---METADATA---
HTTP_STATUS:200
TIME_TOTAL:3.635268
TIME_CONNECT:0.237971
SIZE_DOWNLOAD:1307
TIMESTAMP:2025-08-06 11:32:02 UTC
TRIGGER:schedule
