---METADATA---
HTTP_STATUS:200
TIME_TOTAL:3.618849
TIME_CONNECT:0.357184
SIZE_DOWNLOAD:1309
TIMESTAMP:2025-08-06 07:52:40 UTC
TRIGGER:schedule
