---METADATA---
HTTP_STATUS:200
TIME_TOTAL:3.650069
TIME_CONNECT:0.285685
SIZE_DOWNLOAD:1307
TIMESTAMP:2025-08-06 12:32:06 UTC
TRIGGER:schedule
