---METADATA---
HTTP_STATUS:200
TIME_TOTAL:3.500922
TIME_CONNECT:0.275898
SIZE_DOWNLOAD:1307
TIMESTAMP:2025-08-06 06:39:47 UTC
TRIGGER:schedule
