---METADATA---
HTTP_STATUS:200
TIME_TOTAL:3.519272
TIME_CONNECT:0.293249
SIZE_DOWNLOAD:1307
TIMESTAMP:2025-08-06 11:56:57 UTC
TRIGGER:schedule
