---METADATA---
HTTP_STATUS:200
TIME_TOTAL:3.698828
TIME_CONNECT:0.283765
SIZE_DOWNLOAD:1294
TIMESTAMP:2025-08-06 06:57:10 UTC
TRIGGER:schedule
