---METADATA---
HTTP_STATUS:200
TIME_TOTAL:3.632869
TIME_CONNECT:0.293071
SIZE_DOWNLOAD:1294
TIMESTAMP:2025-08-06 03:54:39 UTC
TRIGGER:schedule
