---METADATA---
HTTP_STATUS:200
TIME_TOTAL:3.482833
TIME_CONNECT:0.285069
SIZE_DOWNLOAD:1294
TIMESTAMP:2025-08-06 17:17:58 UTC
TRIGGER:schedule
