---METADATA---
HTTP_STATUS:200
TIME_TOTAL:3.465606
TIME_CONNECT:0.290865
SIZE_DOWNLOAD:1307
TIMESTAMP:2025-08-06 09:49:06 UTC
TRIGGER:schedule
