---METADATA---
HTTP_STATUS:200
TIME_TOTAL:3.590234
TIME_CONNECT:0.298562
SIZE_DOWNLOAD:1298
TIMESTAMP:2025-08-06 07:36:27 UTC
TRIGGER:schedule
