---METADATA---
HTTP_STATUS:200
TIME_TOTAL:3.612498
TIME_CONNECT:0.316531
SIZE_DOWNLOAD:1307
TIMESTAMP:2025-08-06 09:00:17 UTC
TRIGGER:schedule
