---METADATA---
HTTP_STATUS:200
TIME_TOTAL:3.571645
TIME_CONNECT:0.243038
SIZE_DOWNLOAD:1294
TIMESTAMP:2025-08-06 17:45:21 UTC
TRIGGER:schedule
