---METADATA---
HTTP_STATUS:200
TIME_TOTAL:3.571261
TIME_CONNECT:0.274898
SIZE_DOWNLOAD:1291
TIMESTAMP:2025-08-06 23:51:28 UTC
TRIGGER:schedule
