---METADATA---
HTTP_STATUS:200
TIME_TOTAL:3.837477
TIME_CONNECT:0.375098
SIZE_DOWNLOAD:1294
TIMESTAMP:2025-08-06 19:39:13 UTC
TRIGGER:schedule
