---METADATA---
HTTP_STATUS:200
TIME_TOTAL:3.614685
TIME_CONNECT:0.277484
SIZE_DOWNLOAD:1296
TIMESTAMP:2025-08-06 07:45:41 UTC
TRIGGER:schedule
