---METADATA---
HTTP_STATUS:200
TIME_TOTAL:3.585867
TIME_CONNECT:0.344722
SIZE_DOWNLOAD:1294
TIMESTAMP:2025-08-06 18:42:27 UTC
TRIGGER:schedule
