---METADATA---
HTTP_STATUS:200
TIME_TOTAL:3.486647
TIME_CONNECT:0.277876
SIZE_DOWNLOAD:1294
TIMESTAMP:2025-08-06 20:35:00 UTC
TRIGGER:schedule
