---METADATA---
HTTP_STATUS:200
TIME_TOTAL:3.428612
TIME_CONNECT:0.282447
SIZE_DOWNLOAD:1298
TIMESTAMP:2025-08-06 08:20:58 UTC
TRIGGER:schedule
