---METADATA---
HTTP_STATUS:200
TIME_TOTAL:3.528720
TIME_CONNECT:0.265521
SIZE_DOWNLOAD:1307
TIMESTAMP:2025-08-06 11:43:19 UTC
TRIGGER:schedule
