---METADATA---
HTTP_STATUS:200
TIME_TOTAL:3.590356
TIME_CONNECT:0.277280
SIZE_DOWNLOAD:1294
TIMESTAMP:2025-08-06 20:16:48 UTC
TRIGGER:schedule
