---METADATA---
HTTP_STATUS:200
TIME_TOTAL:3.618830
TIME_CONNECT:0.350017
SIZE_DOWNLOAD:1294
TIMESTAMP:2025-08-06 14:50:52 UTC
TRIGGER:schedule
