---METADATA---
HTTP_STATUS:200
TIME_TOTAL:3.493250
TIME_CONNECT:0.307179
SIZE_DOWNLOAD:1291
TIMESTAMP:2025-08-06 23:40:52 UTC
TRIGGER:schedule
