---METADATA---
HTTP_STATUS:200
TIME_TOTAL:3.447024
TIME_CONNECT:0.278356
SIZE_DOWNLOAD:1307
TIMESTAMP:2025-08-06 04:49:44 UTC
TRIGGER:schedule
