---METADATA---
HTTP_STATUS:200
TIME_TOTAL:3.453011
TIME_CONNECT:0.302095
SIZE_DOWNLOAD:1294
TIMESTAMP:2025-08-06 17:57:37 UTC
TRIGGER:schedule
