---METADATA---
HTTP_STATUS:200
TIME_TOTAL:3.400251
TIME_CONNECT:0.271037
SIZE_DOWNLOAD:1294
TIMESTAMP:2025-08-06 20:56:20 UTC
TRIGGER:schedule
