---METADATA---
HTTP_STATUS:200
TIME_TOTAL:3.492167
TIME_CONNECT:0.277455
SIZE_DOWNLOAD:1307
TIMESTAMP:2025-08-06 03:18:47 UTC
TRIGGER:schedule
