---METADATA---
HTTP_STATUS:200
TIME_TOTAL:3.366060
TIME_CONNECT:0.284635
SIZE_DOWNLOAD:1294
TIMESTAMP:2025-08-06 15:49:43 UTC
TRIGGER:schedule
