---METADATA---
HTTP_STATUS:200
TIME_TOTAL:3.609717
TIME_CONNECT:0.336010
SIZE_DOWNLOAD:1294
TIMESTAMP:2025-08-06 19:09:19 UTC
TRIGGER:schedule
