---METADATA---
HTTP_STATUS:200
TIME_TOTAL:3.623207
TIME_CONNECT:0.270876
SIZE_DOWNLOAD:1294
TIMESTAMP:2025-08-06 15:45:17 UTC
TRIGGER:schedule
