---METADATA---
HTTP_STATUS:200
TIME_TOTAL:3.328205
TIME_CONNECT:0.283906
SIZE_DOWNLOAD:1291
TIMESTAMP:2025-08-06 22:29:47 UTC
TRIGGER:schedule
