---METADATA---
HTTP_STATUS:200
TIME_TOTAL:3.364630
TIME_CONNECT:0.215005
SIZE_DOWNLOAD:1307
TIMESTAMP:2025-08-06 09:59:29 UTC
TRIGGER:schedule
