---METADATA---
HTTP_STATUS:200
TIME_TOTAL:3.418543
TIME_CONNECT:0.282840
SIZE_DOWNLOAD:1307
TIMESTAMP:2025-08-06 21:50:19 UTC
TRIGGER:schedule
