---METADATA---
HTTP_STATUS:200
TIME_TOTAL:3.586670
TIME_CONNECT:0.292012
SIZE_DOWNLOAD:1294
TIMESTAMP:2025-08-06 16:48:18 UTC
TRIGGER:schedule
