---METADATA---
HTTP_STATUS:200
TIME_TOTAL:3.370258
TIME_CONNECT:0.298664
SIZE_DOWNLOAD:1292
TIMESTAMP:2025-08-06 01:15:40 UTC
TRIGGER:schedule
