---METADATA---
HTTP_STATUS:200
TIME_TOTAL:3.400080
TIME_CONNECT:0.294233
SIZE_DOWNLOAD:1307
TIMESTAMP:2025-08-06 21:57:02 UTC
TRIGGER:schedule
