---METADATA---
HTTP_STATUS:200
TIME_TOTAL:3.485421
TIME_CONNECT:0.288715
SIZE_DOWNLOAD:1309
TIMESTAMP:2025-08-06 07:24:29 UTC
TRIGGER:schedule
