---METADATA---
HTTP_STATUS:200
TIME_TOTAL:3.855658
TIME_CONNECT:0.280551
SIZE_DOWNLOAD:1294
TIMESTAMP:2025-08-06 18:22:00 UTC
TRIGGER:schedule
