---METADATA---
HTTP_STATUS:200
TIME_TOTAL:3.606999
TIME_CONNECT:0.297330
SIZE_DOWNLOAD:1306
TIMESTAMP:2025-08-06 13:51:56 UTC
TRIGGER:schedule
