---METADATA---
HTTP_STATUS:200
TIME_TOTAL:3.535831
TIME_CONNECT:0.220296
SIZE_DOWNLOAD:1294
TIMESTAMP:2025-08-06 17:42:52 UTC
TRIGGER:schedule
