---METADATA---
HTTP_STATUS:200
TIME_TOTAL:3.540589
TIME_CONNECT:0.227438
SIZE_DOWNLOAD:1295
TIMESTAMP:2025-08-06 05:55:04 UTC
TRIGGER:schedule
