---METADATA---
HTTP_STATUS:200
TIME_TOTAL:3.398543
TIME_CONNECT:0.239242
SIZE_DOWNLOAD:1294
TIMESTAMP:2025-08-06 22:15:19 UTC
TRIGGER:schedule
