---METADATA---
HTTP_STATUS:200
TIME_TOTAL:3.945805
TIME_CONNECT:0.284520
SIZE_DOWNLOAD:1307
TIMESTAMP:2025-08-06 09:22:18 UTC
TRIGGER:schedule
