---METADATA---
HTTP_STATUS:200
TIME_TOTAL:3.523728
TIME_CONNECT:0.277471
SIZE_DOWNLOAD:1307
TIMESTAMP:2025-08-06 05:02:26 UTC
TRIGGER:schedule
