---METADATA---
HTTP_STATUS:200
TIME_TOTAL:3.836026
TIME_CONNECT:0.229315
SIZE_DOWNLOAD:1307
TIMESTAMP:2025-08-06 11:50:42 UTC
TRIGGER:schedule
