---METADATA---
HTTP_STATUS:200
TIME_TOTAL:3.536572
TIME_CONNECT:0.296039
SIZE_DOWNLOAD:1307
TIMESTAMP:2025-08-06 02:28:23 UTC
TRIGGER:schedule
