---METADATA---
HTTP_STATUS:200
TIME_TOTAL:3.516545
TIME_CONNECT:0.277637
SIZE_DOWNLOAD:1309
TIMESTAMP:2025-08-06 11:13:35 UTC
TRIGGER:schedule
