---METADATA---
HTTP_STATUS:200
TIME_TOTAL:3.396452
TIME_CONNECT:0.281340
SIZE_DOWNLOAD:1294
TIMESTAMP:2025-08-06 15:17:25 UTC
TRIGGER:schedule
