---METADATA---
HTTP_STATUS:200
TIME_TOTAL:3.755042
TIME_CONNECT:0.270802
SIZE_DOWNLOAD:1294
TIMESTAMP:2025-08-06 14:28:18 UTC
TRIGGER:schedule
