---METADATA---
HTTP_STATUS:200
TIME_TOTAL:3.409843
TIME_CONNECT:0.283717
SIZE_DOWNLOAD:1294
TIMESTAMP:2025-08-06 13:58:34 UTC
TRIGGER:schedule
