---METADATA---
HTTP_STATUS:200
TIME_TOTAL:3.559978
TIME_CONNECT:0.283522
SIZE_DOWNLOAD:1294
TIMESTAMP:2025-08-06 16:15:18 UTC
TRIGGER:schedule
