---METADATA---
HTTP_STATUS:200
TIME_TOTAL:3.567080
TIME_CONNECT:0.271043
SIZE_DOWNLOAD:1296
TIMESTAMP:2025-08-06 10:55:57 UTC
TRIGGER:schedule
