---METADATA---
HTTP_STATUS:200
TIME_TOTAL:3.617955
TIME_CONNECT:0.284573
SIZE_DOWNLOAD:1294
TIMESTAMP:2025-08-06 16:19:59 UTC
TRIGGER:schedule
