---METADATA---
HTTP_STATUS:200
TIME_TOTAL:3.514035
TIME_CONNECT:0.291150
SIZE_DOWNLOAD:1294
TIMESTAMP:2025-08-06 07:03:28 UTC
TRIGGER:schedule
