---METADATA---
HTTP_STATUS:200
TIME_TOTAL:3.653010
TIME_CONNECT:0.331267
SIZE_DOWNLOAD:1291
TIMESTAMP:2025-08-06 22:56:20 UTC
TRIGGER:schedule
