---METADATA---
HTTP_STATUS:200
TIME_TOTAL:3.398986
TIME_CONNECT:0.237299
SIZE_DOWNLOAD:1291
TIMESTAMP:2025-08-06 22:45:03 UTC
TRIGGER:schedule
