---METADATA---
HTTP_STATUS:200
TIME_TOTAL:3.421349
TIME_CONNECT:0.273128
SIZE_DOWNLOAD:1294
TIMESTAMP:2025-08-06 21:22:20 UTC
TRIGGER:schedule
