---METADATA---
HTTP_STATUS:200
TIME_TOTAL:3.461064
TIME_CONNECT:0.222267
SIZE_DOWNLOAD:1307
TIMESTAMP:2025-08-06 13:03:05 UTC
TRIGGER:schedule
