---METADATA---
HTTP_STATUS:200
TIME_TOTAL:3.408014
TIME_CONNECT:0.270294
SIZE_DOWNLOAD:1291
TIMESTAMP:2025-08-06 21:43:37 UTC
TRIGGER:schedule
