---METADATA---
HTTP_STATUS:200
TIME_TOTAL:3.436027
TIME_CONNECT:0.281043
SIZE_DOWNLOAD:1291
TIMESTAMP:2025-08-06 23:17:59 UTC
TRIGGER:schedule
