---METADATA---
HTTP_STATUS:200
TIME_TOTAL:3.513277
TIME_CONNECT:0.271305
SIZE_DOWNLOAD:1307
TIMESTAMP:2025-08-06 11:24:32 UTC
TRIGGER:schedule
