---METADATA---
HTTP_STATUS:200
TIME_TOTAL:3.381609
TIME_CONNECT:0.269204
SIZE_DOWNLOAD:1291
TIMESTAMP:2025-08-06 23:56:56 UTC
TRIGGER:schedule
