---METADATA---
HTTP_STATUS:200
TIME_TOTAL:3.477178
TIME_CONNECT:0.286762
SIZE_DOWNLOAD:1294
TIMESTAMP:2025-08-06 20:54:00 UTC
TRIGGER:schedule
