---METADATA---
HTTP_STATUS:200
TIME_TOTAL:3.495520
TIME_CONNECT:0.289425
SIZE_DOWNLOAD:1291
TIMESTAMP:2025-08-06 21:39:06 UTC
TRIGGER:schedule
