---METADATA---
HTTP_STATUS:200
TIME_TOTAL:3.637020
TIME_CONNECT:0.291285
SIZE_DOWNLOAD:1308
TIMESTAMP:2025-08-06 05:46:34 UTC
TRIGGER:schedule
