---METADATA---
HTTP_STATUS:200
TIME_TOTAL:3.167896
TIME_CONNECT:0.285636
SIZE_DOWNLOAD:1294
TIMESTAMP:2025-08-06 18:52:44 UTC
TRIGGER:schedule
