---METADATA---
HTTP_STATUS:200
TIME_TOTAL:3.721817
TIME_CONNECT:0.280719
SIZE_DOWNLOAD:1292
TIMESTAMP:2025-08-06 10:47:58 UTC
TRIGGER:schedule
