---METADATA---
HTTP_STATUS:200
TIME_TOTAL:3.473556
TIME_CONNECT:0.266408
SIZE_DOWNLOAD:1291
TIMESTAMP:2025-08-06 23:24:54 UTC
TRIGGER:schedule
