---METADATA---
HTTP_STATUS:200
TIME_TOTAL:3.589840
TIME_CONNECT:0.283499
SIZE_DOWNLOAD:1306
TIMESTAMP:2025-08-06 10:35:35 UTC
TRIGGER:schedule
