---METADATA---
HTTP_STATUS:200
TIME_TOTAL:3.765481
TIME_CONNECT:0.297811
SIZE_DOWNLOAD:1307
TIMESTAMP:2025-08-06 06:25:08 UTC
TRIGGER:schedule
