---METADATA---
HTTP_STATUS:200
TIME_TOTAL:3.676736
TIME_CONNECT:0.280278
SIZE_DOWNLOAD:1294
TIMESTAMP:2025-08-06 16:52:09 UTC
TRIGGER:schedule
