---METADATA---
HTTP_STATUS:200
TIME_TOTAL:3.511858
TIME_CONNECT:0.307714
SIZE_DOWNLOAD:1294
TIMESTAMP:2025-08-06 19:31:06 UTC
TRIGGER:schedule
