---METADATA---
HTTP_STATUS:200
TIME_TOTAL:3.472458
TIME_CONNECT:0.277773
SIZE_DOWNLOAD:1294
TIMESTAMP:2025-08-06 14:53:54 UTC
TRIGGER:schedule
