---METADATA---
HTTP_STATUS:200
TIME_TOTAL:3.609082
TIME_CONNECT:0.330182
SIZE_DOWNLOAD:1294
TIMESTAMP:2025-08-06 05:23:03 UTC
TRIGGER:schedule
