---METADATA---
HTTP_STATUS:200
TIME_TOTAL:3.445152
TIME_CONNECT:0.276411
SIZE_DOWNLOAD:1307
TIMESTAMP:2025-08-06 04:27:45 UTC
TRIGGER:schedule
