---METADATA---
HTTP_STATUS:200
TIME_TOTAL:3.496571
TIME_CONNECT:0.287735
SIZE_DOWNLOAD:1305
TIMESTAMP:2025-08-06 08:52:05 UTC
TRIGGER:schedule
