---METADATA---
HTTP_STATUS:200
TIME_TOTAL:3.612855
TIME_CONNECT:0.340665
SIZE_DOWNLOAD:1294
TIMESTAMP:2025-08-06 21:15:32 UTC
TRIGGER:schedule
