---METADATA---
HTTP_STATUS:200
TIME_TOTAL:3.535062
TIME_CONNECT:0.293484
SIZE_DOWNLOAD:1294
TIMESTAMP:2025-08-06 17:12:58 UTC
TRIGGER:schedule
