---METADATA---
HTTP_STATUS:200
TIME_TOTAL:3.410793
TIME_CONNECT:0.285844
SIZE_DOWNLOAD:1294
TIMESTAMP:2025-08-06 19:48:19 UTC
TRIGGER:schedule
