---METADATA---
HTTP_STATUS:200
TIME_TOTAL:3.414652
TIME_CONNECT:0.289936
SIZE_DOWNLOAD:1294
TIMESTAMP:2025-08-06 20:43:51 UTC
TRIGGER:schedule
