---METADATA---
HTTP_STATUS:200
TIME_TOTAL:1.035045
TIME_CONNECT:0.283850
SIZE_DOWNLOAD:1294
TIMESTAMP:2025-08-06 19:49:02 UTC
TRIGGER:schedule
