---METADATA---
HTTP_STATUS:200
TIME_TOTAL:3.598025
TIME_CONNECT:0.403287
SIZE_DOWNLOAD:1291
TIMESTAMP:2025-08-06 23:43:58 UTC
TRIGGER:schedule
