---METADATA---
HTTP_STATUS:200
TIME_TOTAL:3.449815
TIME_CONNECT:0.230835
SIZE_DOWNLOAD:1307
TIMESTAMP:2025-08-06 08:34:59 UTC
TRIGGER:schedule
