---METADATA---
HTTP_STATUS:200
TIME_TOTAL:3.434055
TIME_CONNECT:0.300402
SIZE_DOWNLOAD:1294
TIMESTAMP:2025-08-06 14:26:50 UTC
TRIGGER:schedule
