---METADATA---
HTTP_STATUS:200
TIME_TOTAL:3.510112
TIME_CONNECT:0.282561
SIZE_DOWNLOAD:1294
TIMESTAMP:2025-08-06 15:28:41 UTC
TRIGGER:schedule
