---METADATA---
HTTP_STATUS:200
TIME_TOTAL:3.396435
TIME_CONNECT:0.312395
SIZE_DOWNLOAD:1291
TIMESTAMP:2025-08-06 22:50:32 UTC
TRIGGER:schedule
