---METADATA---
HTTP_STATUS:200
TIME_TOTAL:3.574306
TIME_CONNECT:0.318932
SIZE_DOWNLOAD:1307
TIMESTAMP:2025-08-06 10:16:55 UTC
TRIGGER:schedule
