---METADATA---
HTTP_STATUS:200
TIME_TOTAL:3.404817
TIME_CONNECT:0.282594
SIZE_DOWNLOAD:1294
TIMESTAMP:2025-07-01 12:28:55 UTC
TRIGGER:schedule
