---METADATA---
HTTP_STATUS:200
TIME_TOTAL:1.142164
TIME_CONNECT:0.297016
SIZE_DOWNLOAD:1294
TIMESTAMP:2025-07-01 05:54:14 UTC
TRIGGER:schedule
