---METADATA---
HTTP_STATUS:200
TIME_TOTAL:3.529322
TIME_CONNECT:0.277054
SIZE_DOWNLOAD:1307
TIMESTAMP:2025-07-01 15:58:30 UTC
TRIGGER:schedule
