---METADATA---
HTTP_STATUS:200
TIME_TOTAL:3.421092
TIME_CONNECT:0.240439
SIZE_DOWNLOAD:1294
TIMESTAMP:2025-07-01 04:11:05 UTC
TRIGGER:schedule
