---METADATA---
HTTP_STATUS:200
TIME_TOTAL:3.508058
TIME_CONNECT:0.250720
SIZE_DOWNLOAD:1307
TIMESTAMP:2025-07-01 13:55:49 UTC
TRIGGER:schedule
