---METADATA---
HTTP_STATUS:200
TIME_TOTAL:3.628494
TIME_CONNECT:0.300914
SIZE_DOWNLOAD:1294
TIMESTAMP:2025-07-01 10:45:15 UTC
TRIGGER:schedule
