---METADATA---
HTTP_STATUS:200
TIME_TOTAL:3.230330
TIME_CONNECT:0.271968
SIZE_DOWNLOAD:1294
TIMESTAMP:2025-07-01 21:56:45 UTC
TRIGGER:schedule
