---METADATA---
HTTP_STATUS:200
TIME_TOTAL:3.323441
TIME_CONNECT:0.311311
SIZE_DOWNLOAD:1294
TIMESTAMP:2025-07-01 22:25:56 UTC
TRIGGER:schedule
