---METADATA---
HTTP_STATUS:200
TIME_TOTAL:3.367512
TIME_CONNECT:0.274053
SIZE_DOWNLOAD:1307
TIMESTAMP:2025-07-01 20:15:41 UTC
TRIGGER:schedule
