---METADATA---
HTTP_STATUS:200
TIME_TOTAL:3.399284
TIME_CONNECT:0.269624
SIZE_DOWNLOAD:1294
TIMESTAMP:2025-07-01 06:35:30 UTC
TRIGGER:schedule
