---METADATA---
HTTP_STATUS:200
TIME_TOTAL:3.247251
TIME_CONNECT:0.279430
SIZE_DOWNLOAD:1307
TIMESTAMP:2025-07-01 19:47:06 UTC
TRIGGER:schedule
