---METADATA---
HTTP_STATUS:200
TIME_TOTAL:3.642306
TIME_CONNECT:0.253968
SIZE_DOWNLOAD:1307
TIMESTAMP:2025-07-01 15:46:44 UTC
TRIGGER:schedule
