---METADATA---
HTTP_STATUS:200
TIME_TOTAL:3.319731
TIME_CONNECT:0.278908
SIZE_DOWNLOAD:1294
TIMESTAMP:2025-07-01 06:21:47 UTC
TRIGGER:schedule
