---METADATA---
HTTP_STATUS:200
TIME_TOTAL:3.459881
TIME_CONNECT:0.305803
SIZE_DOWNLOAD:1307
TIMESTAMP:2025-07-01 20:30:41 UTC
TRIGGER:schedule
