---METADATA---
HTTP_STATUS:200
TIME_TOTAL:3.495051
TIME_CONNECT:0.234846
SIZE_DOWNLOAD:1294
TIMESTAMP:2025-07-01 09:52:49 UTC
TRIGGER:schedule
