---METADATA---
HTTP_STATUS:200
TIME_TOTAL:3.341710
TIME_CONNECT:0.268296
SIZE_DOWNLOAD:1294
TIMESTAMP:2025-07-01 11:43:14 UTC
TRIGGER:schedule
