---METADATA---
HTTP_STATUS:200
TIME_TOTAL:3.260384
TIME_CONNECT:0.268178
SIZE_DOWNLOAD:1294
TIMESTAMP:2025-07-01 23:30:27 UTC
TRIGGER:schedule
