---METADATA---
HTTP_STATUS:200
TIME_TOTAL:3.358135
TIME_CONNECT:0.251241
SIZE_DOWNLOAD:1307
TIMESTAMP:2025-07-01 13:43:56 UTC
TRIGGER:schedule
