---METADATA---
HTTP_STATUS:200
TIME_TOTAL:3.602066
TIME_CONNECT:0.271401
SIZE_DOWNLOAD:1307
TIMESTAMP:2025-07-01 16:55:59 UTC
TRIGGER:schedule
