---METADATA---
HTTP_STATUS:200
TIME_TOTAL:3.169600
TIME_CONNECT:0.229480
SIZE_DOWNLOAD:1307
TIMESTAMP:2025-07-01 20:51:42 UTC
TRIGGER:schedule
