---METADATA---
HTTP_STATUS:200
TIME_TOTAL:3.188029
TIME_CONNECT:0.240147
SIZE_DOWNLOAD:1294
TIMESTAMP:2025-07-01 22:45:24 UTC
TRIGGER:schedule
