---METADATA---
HTTP_STATUS:200
TIME_TOTAL:3.428519
TIME_CONNECT:0.242081
SIZE_DOWNLOAD:1307
TIMESTAMP:2025-07-01 19:58:51 UTC
TRIGGER:schedule
