---METADATA---
HTTP_STATUS:200
TIME_TOTAL:3.331796
TIME_CONNECT:0.236948
SIZE_DOWNLOAD:1294
TIMESTAMP:2025-07-01 10:26:30 UTC
TRIGGER:schedule
