---METADATA---
HTTP_STATUS:200
TIME_TOTAL:3.468713
TIME_CONNECT:0.286726
SIZE_DOWNLOAD:1294
TIMESTAMP:2025-07-01 11:28:30 UTC
TRIGGER:schedule
