---METADATA---
HTTP_STATUS:200
TIME_TOTAL:3.541767
TIME_CONNECT:0.229456
SIZE_DOWNLOAD:1307
TIMESTAMP:2025-07-01 14:22:33 UTC
TRIGGER:schedule
