---METADATA---
HTTP_STATUS:200
TIME_TOTAL:3.217945
TIME_CONNECT:0.283615
SIZE_DOWNLOAD:1294
TIMESTAMP:2025-07-01 23:43:05 UTC
TRIGGER:schedule
