---METADATA---
HTTP_STATUS:200
TIME_TOTAL:3.314844
TIME_CONNECT:0.268728
SIZE_DOWNLOAD:1294
TIMESTAMP:2025-07-01 11:08:48 UTC
TRIGGER:schedule
