---METADATA---
HTTP_STATUS:200
TIME_TOTAL:3.550888
TIME_CONNECT:0.270198
SIZE_DOWNLOAD:1294
TIMESTAMP:2025-07-01 08:36:32 UTC
TRIGGER:schedule
