---METADATA---
HTTP_STATUS:200
TIME_TOTAL:3.840770
TIME_CONNECT:0.411849
SIZE_DOWNLOAD:1294
TIMESTAMP:2025-07-01 07:40:46 UTC
TRIGGER:schedule
