---METADATA---
HTTP_STATUS:200
TIME_TOTAL:3.697997
TIME_CONNECT:0.285598
SIZE_DOWNLOAD:1294
TIMESTAMP:2025-07-01 07:15:46 UTC
TRIGGER:schedule
