---METADATA---
HTTP_STATUS:200
TIME_TOTAL:3.585166
TIME_CONNECT:0.300875
SIZE_DOWNLOAD:1294
TIMESTAMP:2025-07-01 11:40:38 UTC
TRIGGER:schedule
