---METADATA---
HTTP_STATUS:200
TIME_TOTAL:3.523018
TIME_CONNECT:0.317911
SIZE_DOWNLOAD:1307
TIMESTAMP:2025-07-01 17:45:09 UTC
TRIGGER:schedule
