---METADATA---
HTTP_STATUS:200
TIME_TOTAL:3.310701
TIME_CONNECT:0.275675
SIZE_DOWNLOAD:1294
TIMESTAMP:2025-07-01 02:28:48 UTC
TRIGGER:schedule
