---METADATA---
HTTP_STATUS:200
TIME_TOTAL:3.516723
TIME_CONNECT:0.231216
SIZE_DOWNLOAD:1294
TIMESTAMP:2025-07-01 08:20:02 UTC
TRIGGER:schedule
