---METADATA---
HTTP_STATUS:200
TIME_TOTAL:3.204704
TIME_CONNECT:0.241112
SIZE_DOWNLOAD:1292
TIMESTAMP:2025-07-01 21:13:01 UTC
TRIGGER:schedule
