---METADATA---
HTTP_STATUS:200
TIME_TOTAL:3.341001
TIME_CONNECT:0.238412
SIZE_DOWNLOAD:1294
TIMESTAMP:2025-07-01 21:21:47 UTC
TRIGGER:schedule
