---METADATA---
HTTP_STATUS:200
TIME_TOTAL:4.132003
TIME_CONNECT:0.259727
SIZE_DOWNLOAD:1294
TIMESTAMP:2025-07-01 09:17:03 UTC
TRIGGER:schedule
