---METADATA---
HTTP_STATUS:200
TIME_TOTAL:3.377719
TIME_CONNECT:0.283057
SIZE_DOWNLOAD:1307
TIMESTAMP:2025-07-01 19:25:53 UTC
TRIGGER:schedule
