---METADATA---
HTTP_STATUS:200
TIME_TOTAL:3.661043
TIME_CONNECT:0.277107
SIZE_DOWNLOAD:1307
TIMESTAMP:2025-07-01 13:09:16 UTC
TRIGGER:schedule
