---METADATA---
HTTP_STATUS:200
TIME_TOTAL:1.078075
TIME_CONNECT:0.278936
SIZE_DOWNLOAD:1307
TIMESTAMP:2025-07-01 14:57:02 UTC
TRIGGER:schedule
