---METADATA---
HTTP_STATUS:200
TIME_TOTAL:3.182425
TIME_CONNECT:0.288786
SIZE_DOWNLOAD:1307
TIMESTAMP:2025-07-01 16:18:18 UTC
TRIGGER:schedule
