---METADATA---
HTTP_STATUS:200
TIME_TOTAL:3.509882
TIME_CONNECT:0.264021
SIZE_DOWNLOAD:1294
TIMESTAMP:2025-07-01 05:44:27 UTC
TRIGGER:schedule
