---METADATA---
HTTP_STATUS:200
TIME_TOTAL:3.323870
TIME_CONNECT:0.248416
SIZE_DOWNLOAD:1307
TIMESTAMP:2025-07-01 14:14:59 UTC
TRIGGER:schedule
