---METADATA---
HTTP_STATUS:200
TIME_TOTAL:3.271363
TIME_CONNECT:0.245632
SIZE_DOWNLOAD:1307
TIMESTAMP:2025-07-01 15:29:25 UTC
TRIGGER:schedule
