---METADATA---
HTTP_STATUS:200
TIME_TOTAL:3.239236
TIME_CONNECT:0.270598
SIZE_DOWNLOAD:1307
TIMESTAMP:2025-07-01 18:37:26 UTC
TRIGGER:schedule
