---METADATA---
HTTP_STATUS:200
TIME_TOTAL:3.402299
TIME_CONNECT:0.291154
SIZE_DOWNLOAD:1307
TIMESTAMP:2025-07-01 20:41:21 UTC
TRIGGER:schedule
