---METADATA---
HTTP_STATUS:200
TIME_TOTAL:3.587578
TIME_CONNECT:0.316011
SIZE_DOWNLOAD:1294
TIMESTAMP:2025-07-01 07:45:42 UTC
TRIGGER:schedule
