---METADATA---
HTTP_STATUS:200
TIME_TOTAL:3.354505
TIME_CONNECT:0.298316
SIZE_DOWNLOAD:1294
TIMESTAMP:2025-07-01 03:15:14 UTC
TRIGGER:schedule
