---METADATA---
HTTP_STATUS:200
TIME_TOTAL:3.566260
TIME_CONNECT:0.306837
SIZE_DOWNLOAD:1307
TIMESTAMP:2025-07-01 13:38:03 UTC
TRIGGER:schedule
