---METADATA---
HTTP_STATUS:200
TIME_TOTAL:3.265908
TIME_CONNECT:0.279717
SIZE_DOWNLOAD:1294
TIMESTAMP:2025-07-01 04:58:44 UTC
TRIGGER:schedule
