---METADATA---
HTTP_STATUS:200
TIME_TOTAL:3.647475
TIME_CONNECT:0.280360
SIZE_DOWNLOAD:1294
TIMESTAMP:2025-07-01 07:28:28 UTC
TRIGGER:schedule
