---METADATA---
HTTP_STATUS:200
TIME_TOTAL:3.276534
TIME_CONNECT:0.215064
SIZE_DOWNLOAD:1294
TIMESTAMP:2025-07-01 03:48:39 UTC
TRIGGER:schedule
