---METADATA---
HTTP_STATUS:200
TIME_TOTAL:3.523858
TIME_CONNECT:0.318077
SIZE_DOWNLOAD:1294
TIMESTAMP:2025-07-01 22:50:33 UTC
TRIGGER:schedule
