---METADATA---
HTTP_STATUS:200
TIME_TOTAL:3.436151
TIME_CONNECT:0.265111
SIZE_DOWNLOAD:1307
TIMESTAMP:2025-07-01 19:11:09 UTC
TRIGGER:schedule
