---METADATA---
HTTP_STATUS:200
TIME_TOTAL:3.537547
TIME_CONNECT:0.286422
SIZE_DOWNLOAD:1307
TIMESTAMP:2025-07-01 18:19:29 UTC
TRIGGER:schedule
