---METADATA---
HTTP_STATUS:200
TIME_TOTAL:1.051517
TIME_CONNECT:0.242777
SIZE_DOWNLOAD:1307
TIMESTAMP:2025-07-01 19:31:12 UTC
TRIGGER:schedule
