---METADATA---
HTTP_STATUS:200
TIME_TOTAL:3.403652
TIME_CONNECT:0.318091
SIZE_DOWNLOAD:1294
TIMESTAMP:2025-07-01 21:41:50 UTC
TRIGGER:schedule
