---METADATA---
HTTP_STATUS:200
TIME_TOTAL:3.720136
TIME_CONNECT:0.271992
SIZE_DOWNLOAD:1307
TIMESTAMP:2025-07-01 14:44:48 UTC
TRIGGER:schedule
