---METADATA---
HTTP_STATUS:200
TIME_TOTAL:3.319730
TIME_CONNECT:0.310618
SIZE_DOWNLOAD:1294
TIMESTAMP:2025-07-01 09:51:20 UTC
TRIGGER:schedule
