---METADATA---
HTTP_STATUS:200
TIME_TOTAL:3.174213
TIME_CONNECT:0.237117
SIZE_DOWNLOAD:1294
TIMESTAMP:2025-07-01 21:30:24 UTC
TRIGGER:schedule
