---METADATA---
HTTP_STATUS:200
TIME_TOTAL:3.291831
TIME_CONNECT:0.281647
SIZE_DOWNLOAD:1294
TIMESTAMP:2025-07-01 23:13:15 UTC
TRIGGER:schedule
