---METADATA---
HTTP_STATUS:200
TIME_TOTAL:3.509627
TIME_CONNECT:0.286077
SIZE_DOWNLOAD:1307
TIMESTAMP:2025-07-01 01:17:49 UTC
TRIGGER:schedule
