---METADATA---
HTTP_STATUS:200
TIME_TOTAL:1.064880
TIME_CONNECT:0.230542
SIZE_DOWNLOAD:1294
TIMESTAMP:2025-07-01 07:50:46 UTC
TRIGGER:schedule
