---METADATA---
HTTP_STATUS:200
TIME_TOTAL:3.636911
TIME_CONNECT:0.233693
SIZE_DOWNLOAD:1294
TIMESTAMP:2025-07-01 05:51:32 UTC
TRIGGER:schedule
