---METADATA---
HTTP_STATUS:200
TIME_TOTAL:3.297123
TIME_CONNECT:0.281544
SIZE_DOWNLOAD:1307
TIMESTAMP:2025-07-01 17:51:29 UTC
TRIGGER:schedule
