---METADATA---
HTTP_STATUS:200
TIME_TOTAL:3.549414
TIME_CONNECT:0.274168
SIZE_DOWNLOAD:1307
TIMESTAMP:2025-07-01 15:51:00 UTC
TRIGGER:schedule
