---METADATA---
HTTP_STATUS:200
TIME_TOTAL:3.474324
TIME_CONNECT:0.336464
SIZE_DOWNLOAD:1307
TIMESTAMP:2025-07-01 18:47:54 UTC
TRIGGER:schedule
