---METADATA---
HTTP_STATUS:200
TIME_TOTAL:3.331748
TIME_CONNECT:0.299571
SIZE_DOWNLOAD:1307
TIMESTAMP:2025-07-01 17:23:47 UTC
TRIGGER:schedule
