---METADATA---
HTTP_STATUS:200
TIME_TOTAL:3.614048
TIME_CONNECT:0.276209
SIZE_DOWNLOAD:1294
TIMESTAMP:2025-07-01 22:57:24 UTC
TRIGGER:schedule
