---METADATA---
HTTP_STATUS:200
TIME_TOTAL:1.151648
TIME_CONNECT:0.284393
SIZE_DOWNLOAD:1294
TIMESTAMP:2025-07-01 10:49:15 UTC
TRIGGER:schedule
