---METADATA---
HTTP_STATUS:200
TIME_TOTAL:3.194641
TIME_CONNECT:0.271082
SIZE_DOWNLOAD:1307
TIMESTAMP:2025-07-01 17:57:12 UTC
TRIGGER:schedule
