---METADATA---
HTTP_STATUS:200
TIME_TOTAL:1.045066
TIME_CONNECT:0.280712
SIZE_DOWNLOAD:1294
TIMESTAMP:2025-07-01 11:12:33 UTC
TRIGGER:schedule
