---METADATA---
HTTP_STATUS:200
TIME_TOTAL:3.707105
TIME_CONNECT:0.275849
SIZE_DOWNLOAD:1307
TIMESTAMP:2025-07-01 16:34:57 UTC
TRIGGER:schedule
