---METADATA---
HTTP_STATUS:200
TIME_TOTAL:3.595040
TIME_CONNECT:0.286631
SIZE_DOWNLOAD:1307
TIMESTAMP:2025-07-01 19:36:29 UTC
TRIGGER:schedule
