---METADATA---
HTTP_STATUS:200
TIME_TOTAL:3.334256
TIME_CONNECT:0.300591
SIZE_DOWNLOAD:1307
TIMESTAMP:2025-07-01 18:55:14 UTC
TRIGGER:schedule
