---METADATA---
HTTP_STATUS:200
TIME_TOTAL:3.948472
TIME_CONNECT:0.284047
SIZE_DOWNLOAD:1294
TIMESTAMP:2025-07-01 10:15:50 UTC
TRIGGER:schedule
