---METADATA---
HTTP_STATUS:200
TIME_TOTAL:3.521366
TIME_CONNECT:0.259783
SIZE_DOWNLOAD:1294
TIMESTAMP:2025-07-01 23:25:53 UTC
TRIGGER:schedule
