---METADATA---
HTTP_STATUS:200
TIME_TOTAL:3.545551
TIME_CONNECT:0.318487
SIZE_DOWNLOAD:1294
TIMESTAMP:2025-07-01 23:57:17 UTC
TRIGGER:schedule
