---METADATA---
HTTP_STATUS:200
TIME_TOTAL:3.565245
TIME_CONNECT:0.277441
SIZE_DOWNLOAD:1307
TIMESTAMP:2025-07-01 15:15:05 UTC
TRIGGER:schedule
