---METADATA---
HTTP_STATUS:200
TIME_TOTAL:3.446324
TIME_CONNECT:0.296115
SIZE_DOWNLOAD:1294
TIMESTAMP:2025-07-01 06:57:31 UTC
TRIGGER:schedule
