---METADATA---
HTTP_STATUS:200
TIME_TOTAL:3.464088
TIME_CONNECT:0.283410
SIZE_DOWNLOAD:1307
TIMESTAMP:2025-07-01 16:48:20 UTC
TRIGGER:schedule
