---METADATA---
HTTP_STATUS:200
TIME_TOTAL:3.438347
TIME_CONNECT:0.293411
SIZE_DOWNLOAD:1294
TIMESTAMP:2025-07-01 11:56:45 UTC
TRIGGER:schedule
