---METADATA---
HTTP_STATUS:200
TIME_TOTAL:3.381089
TIME_CONNECT:0.310857
SIZE_DOWNLOAD:1307
TIMESTAMP:2025-07-01 15:35:40 UTC
TRIGGER:schedule
