---METADATA---
HTTP_STATUS:200
TIME_TOTAL:3.300004
TIME_CONNECT:0.288250
SIZE_DOWNLOAD:1307
TIMESTAMP:2025-07-01 19:48:37 UTC
TRIGGER:schedule
