---METADATA---
HTTP_STATUS:200
TIME_TOTAL:3.406729
TIME_CONNECT:0.266589
SIZE_DOWNLOAD:1294
TIMESTAMP:2025-07-01 04:28:10 UTC
TRIGGER:schedule
