---METADATA---
HTTP_STATUS:200
TIME_TOTAL:3.221990
TIME_CONNECT:0.278736
SIZE_DOWNLOAD:1294
TIMESTAMP:2025-07-01 22:13:21 UTC
TRIGGER:schedule
