---METADATA---
HTTP_STATUS:200
TIME_TOTAL:3.578432
TIME_CONNECT:0.269908
SIZE_DOWNLOAD:1294
TIMESTAMP:2025-07-01 09:42:48 UTC
TRIGGER:schedule
