---METADATA---
HTTP_STATUS:200
TIME_TOTAL:3.386776
TIME_CONNECT:0.237751
SIZE_DOWNLOAD:1294
TIMESTAMP:2025-07-01 09:30:58 UTC
TRIGGER:schedule
