---METADATA---
HTTP_STATUS:200
TIME_TOTAL:3.467915
TIME_CONNECT:0.280300
SIZE_DOWNLOAD:1307
TIMESTAMP:2025-07-01 14:51:11 UTC
TRIGGER:schedule
