---METADATA---
HTTP_STATUS:200
TIME_TOTAL:3.612972
TIME_CONNECT:0.290272
SIZE_DOWNLOAD:1294
TIMESTAMP:2025-07-01 08:48:40 UTC
TRIGGER:schedule
