---METADATA---
HTTP_STATUS:200
TIME_TOTAL:3.572984
TIME_CONNECT:0.295447
SIZE_DOWNLOAD:1294
TIMESTAMP:2025-07-01 05:18:38 UTC
TRIGGER:schedule
