---METADATA---
HTTP_STATUS:200
TIME_TOTAL:3.202454
TIME_CONNECT:0.231872
SIZE_DOWNLOAD:1307
TIMESTAMP:2025-07-01 17:35:20 UTC
TRIGGER:schedule
