---METADATA---
HTTP_STATUS:200
TIME_TOTAL:3.385595
TIME_CONNECT:0.301863
SIZE_DOWNLOAD:1294
TIMESTAMP:2025-07-01 21:49:08 UTC
TRIGGER:schedule
