---METADATA---
HTTP_STATUS:200
TIME_TOTAL:3.357968
TIME_CONNECT:0.241135
SIZE_DOWNLOAD:1294
TIMESTAMP:2025-07-01 06:51:02 UTC
TRIGGER:schedule
