---METADATA---
HTTP_STATUS:200
TIME_TOTAL:3.244531
TIME_CONNECT:0.269907
SIZE_DOWNLOAD:1307
TIMESTAMP:2025-07-01 14:35:31 UTC
TRIGGER:schedule
