---METADATA---
HTTP_STATUS:200
TIME_TOTAL:3.361376
TIME_CONNECT:0.312939
SIZE_DOWNLOAD:1294
TIMESTAMP:2025-07-01 22:34:53 UTC
TRIGGER:schedule
