---METADATA---
HTTP_STATUS:200
TIME_TOTAL:3.630649
TIME_CONNECT:0.272981
SIZE_DOWNLOAD:1307
TIMESTAMP:2025-07-01 13:54:26 UTC
TRIGGER:schedule
