---METADATA---
HTTP_STATUS:200
TIME_TOTAL:3.208599
TIME_CONNECT:0.206697
SIZE_DOWNLOAD:1294
TIMESTAMP:2025-07-01 08:57:14 UTC
TRIGGER:schedule
