---METADATA---
HTTP_STATUS:200
TIME_TOTAL:3.232805
TIME_CONNECT:0.219170
SIZE_DOWNLOAD:1307
TIMESTAMP:2025-07-01 17:13:17 UTC
TRIGGER:schedule
