---METADATA---
HTTP_STATUS:200
TIME_TOTAL:3.538267
TIME_CONNECT:0.271330
SIZE_DOWNLOAD:1307
TIMESTAMP:2025-07-01 20:50:34 UTC
TRIGGER:schedule
