---METADATA---
HTTP_STATUS:200
TIME_TOTAL:3.063639
TIME_CONNECT:0.232516
SIZE_DOWNLOAD:1294
TIMESTAMP:2025-07-01 04:49:40 UTC
TRIGGER:schedule
