---METADATA---
HTTP_STATUS:200
TIME_TOTAL:1.187593
TIME_CONNECT:0.319322
SIZE_DOWNLOAD:1294
TIMESTAMP:2025-07-01 11:48:52 UTC
TRIGGER:schedule
