---METADATA---
HTTP_STATUS:200
TIME_TOTAL:3.525574
TIME_CONNECT:0.297803
SIZE_DOWNLOAD:1294
TIMESTAMP:2025-07-01 23:48:52 UTC
TRIGGER:schedule
