---METADATA---
HTTP_STATUS:200
TIME_TOTAL:3.565746
TIME_CONNECT:0.240406
SIZE_DOWNLOAD:1294
TIMESTAMP:2025-07-01 07:57:54 UTC
TRIGGER:schedule
