---METADATA---
HTTP_STATUS:200
TIME_TOTAL:3.268855
TIME_CONNECT:0.338306
SIZE_DOWNLOAD:1307
TIMESTAMP:2025-07-06 22:57:33 UTC
TRIGGER:schedule
