---METADATA---
HTTP_STATUS:200
TIME_TOTAL:3.354321
TIME_CONNECT:0.228216
SIZE_DOWNLOAD:1307
TIMESTAMP:2025-07-06 15:25:30 UTC
TRIGGER:schedule
