---METADATA---
HTTP_STATUS:200
TIME_TOTAL:3.336138
TIME_CONNECT:0.233547
SIZE_DOWNLOAD:1296
TIMESTAMP:2025-07-06 06:19:24 UTC
TRIGGER:schedule
