---METADATA---
HTTP_STATUS:200
TIME_TOTAL:3.267301
TIME_CONNECT:0.291563
SIZE_DOWNLOAD:1307
TIMESTAMP:2025-07-06 21:29:08 UTC
TRIGGER:schedule
