---METADATA---
HTTP_STATUS:200
TIME_TOTAL:3.343855
TIME_CONNECT:0.279773
SIZE_DOWNLOAD:1307
TIMESTAMP:2025-07-06 23:57:01 UTC
TRIGGER:schedule
