---METADATA---
HTTP_STATUS:200
TIME_TOTAL:3.216962
TIME_CONNECT:0.225979
SIZE_DOWNLOAD:1292
TIMESTAMP:2025-07-06 06:47:17 UTC
TRIGGER:schedule
