---METADATA---
HTTP_STATUS:200
TIME_TOTAL:3.178021
TIME_CONNECT:0.221690
SIZE_DOWNLOAD:1307
TIMESTAMP:2025-07-06 23:13:03 UTC
TRIGGER:schedule
