---METADATA---
HTTP_STATUS:200
TIME_TOTAL:3.538149
TIME_CONNECT:0.278480
SIZE_DOWNLOAD:1307
TIMESTAMP:2025-07-06 21:48:41 UTC
TRIGGER:schedule
