---METADATA---
HTTP_STATUS:200
TIME_TOTAL:3.254550
TIME_CONNECT:0.283202
SIZE_DOWNLOAD:1307
TIMESTAMP:2025-07-06 14:12:05 UTC
TRIGGER:schedule
