---METADATA---
HTTP_STATUS:200
TIME_TOTAL:3.382439
TIME_CONNECT:0.277309
SIZE_DOWNLOAD:1309
TIMESTAMP:2025-07-06 07:48:05 UTC
TRIGGER:schedule
