---METADATA---
HTTP_STATUS:200
TIME_TOTAL:3.526721
TIME_CONNECT:0.241152
SIZE_DOWNLOAD:1296
TIMESTAMP:2025-07-06 08:48:12 UTC
TRIGGER:schedule
