---METADATA---
HTTP_STATUS:200
TIME_TOTAL:3.519930
TIME_CONNECT:0.213826
SIZE_DOWNLOAD:1307
TIMESTAMP:2025-07-06 22:34:43 UTC
TRIGGER:schedule
