---METADATA---
HTTP_STATUS:200
TIME_TOTAL:3.299401
TIME_CONNECT:0.253203
SIZE_DOWNLOAD:1307
TIMESTAMP:2025-07-06 16:53:38 UTC
TRIGGER:schedule
