---METADATA---
HTTP_STATUS:200
TIME_TOTAL:3.433970
TIME_CONNECT:0.349084
SIZE_DOWNLOAD:1309
TIMESTAMP:2025-07-06 07:28:24 UTC
TRIGGER:schedule
