---METADATA---
HTTP_STATUS:200
TIME_TOTAL:3.362205
TIME_CONNECT:0.274453
SIZE_DOWNLOAD:1307
TIMESTAMP:2025-07-06 17:48:11 UTC
TRIGGER:schedule
