---METADATA---
HTTP_STATUS:200
TIME_TOTAL:3.348650
TIME_CONNECT:0.285165
SIZE_DOWNLOAD:1307
TIMESTAMP:2025-07-06 23:43:18 UTC
TRIGGER:schedule
