---METADATA---
HTTP_STATUS:200
TIME_TOTAL:3.443533
TIME_CONNECT:0.272243
SIZE_DOWNLOAD:1307
TIMESTAMP:2025-07-06 21:24:12 UTC
TRIGGER:schedule
