---METADATA---
HTTP_STATUS:200
TIME_TOTAL:3.414852
TIME_CONNECT:0.284205
SIZE_DOWNLOAD:1307
TIMESTAMP:2025-07-06 18:43:01 UTC
TRIGGER:schedule
