---METADATA---
HTTP_STATUS:200
TIME_TOTAL:3.558637
TIME_CONNECT:0.267201
SIZE_DOWNLOAD:1309
TIMESTAMP:2025-07-06 13:02:29 UTC
TRIGGER:schedule
