---METADATA---
HTTP_STATUS:200
TIME_TOTAL:3.275192
TIME_CONNECT:0.291182
SIZE_DOWNLOAD:1307
TIMESTAMP:2025-07-06 19:21:06 UTC
TRIGGER:schedule
