---METADATA---
HTTP_STATUS:200
TIME_TOTAL:3.350786
TIME_CONNECT:0.289470
SIZE_DOWNLOAD:1300
TIMESTAMP:2025-07-06 20:14:49 UTC
TRIGGER:schedule
