---METADATA---
HTTP_STATUS:200
TIME_TOTAL:3.609403
TIME_CONNECT:0.275444
SIZE_DOWNLOAD:1307
TIMESTAMP:2025-07-06 06:54:49 UTC
TRIGGER:schedule
