---METADATA---
HTTP_STATUS:200
TIME_TOTAL:3.593708
TIME_CONNECT:0.281690
SIZE_DOWNLOAD:1309
TIMESTAMP:2025-07-06 11:50:50 UTC
TRIGGER:schedule
