---METADATA---
HTTP_STATUS:200
TIME_TOTAL:3.240544
TIME_CONNECT:0.288668
SIZE_DOWNLOAD:1307
TIMESTAMP:2025-07-06 14:31:24 UTC
TRIGGER:schedule
