---METADATA---
HTTP_STATUS:200
TIME_TOTAL:3.534126
TIME_CONNECT:0.278976
SIZE_DOWNLOAD:1309
TIMESTAMP:2025-07-06 12:44:33 UTC
TRIGGER:schedule
