---METADATA---
HTTP_STATUS:200
TIME_TOTAL:3.480329
TIME_CONNECT:0.238532
SIZE_DOWNLOAD:1307
TIMESTAMP:2025-07-06 20:56:59 UTC
TRIGGER:schedule
