---METADATA---
HTTP_STATUS:200
TIME_TOTAL:1.042554
TIME_CONNECT:0.209766
SIZE_DOWNLOAD:1307
TIMESTAMP:2025-07-06 19:39:37 UTC
TRIGGER:schedule
