---METADATA---
HTTP_STATUS:200
TIME_TOTAL:3.669255
TIME_CONNECT:0.252689
SIZE_DOWNLOAD:1296
TIMESTAMP:2025-07-06 09:13:26 UTC
TRIGGER:schedule
