---METADATA---
HTTP_STATUS:200
TIME_TOTAL:3.506811
TIME_CONNECT:0.244284
SIZE_DOWNLOAD:1309
TIMESTAMP:2025-07-06 05:14:32 UTC
TRIGGER:schedule
