---METADATA---
HTTP_STATUS:200
TIME_TOTAL:3.626579
TIME_CONNECT:0.277897
SIZE_DOWNLOAD:1307
TIMESTAMP:2025-07-06 13:17:52 UTC
TRIGGER:schedule
