---METADATA---
HTTP_STATUS:200
TIME_TOTAL:3.723622
TIME_CONNECT:0.316613
SIZE_DOWNLOAD:1296
TIMESTAMP:2025-07-06 04:53:15 UTC
TRIGGER:schedule
