---METADATA---
HTTP_STATUS:200
TIME_TOTAL:3.326179
TIME_CONNECT:0.268087
SIZE_DOWNLOAD:1307
TIMESTAMP:2025-07-06 23:52:01 UTC
TRIGGER:schedule
