---METADATA---
HTTP_STATUS:200
TIME_TOTAL:3.583260
TIME_CONNECT:0.265483
SIZE_DOWNLOAD:1307
TIMESTAMP:2025-07-06 20:33:23 UTC
TRIGGER:schedule
