---METADATA---
HTTP_STATUS:200
TIME_TOTAL:3.167605
TIME_CONNECT:0.216677
SIZE_DOWNLOAD:1307
TIMESTAMP:2025-07-06 15:48:28 UTC
TRIGGER:schedule
