---METADATA---
HTTP_STATUS:200
TIME_TOTAL:3.481877
TIME_CONNECT:0.328340
SIZE_DOWNLOAD:1296
TIMESTAMP:2025-07-06 09:56:52 UTC
TRIGGER:schedule
