---METADATA---
HTTP_STATUS:200
TIME_TOTAL:3.405833
TIME_CONNECT:0.278451
SIZE_DOWNLOAD:1296
TIMESTAMP:2025-07-06 09:43:57 UTC
TRIGGER:schedule
