---METADATA---
HTTP_STATUS:200
TIME_TOTAL:3.491635
TIME_CONNECT:0.340378
SIZE_DOWNLOAD:1307
TIMESTAMP:2025-07-06 19:51:32 UTC
TRIGGER:schedule
