---METADATA---
HTTP_STATUS:200
TIME_TOTAL:3.436560
TIME_CONNECT:0.277535
SIZE_DOWNLOAD:1307
TIMESTAMP:2025-07-06 14:42:59 UTC
TRIGGER:schedule
