---METADATA---
HTTP_STATUS:200
TIME_TOTAL:3.340201
TIME_CONNECT:0.277237
SIZE_DOWNLOAD:1294
TIMESTAMP:2025-07-06 06:37:07 UTC
TRIGGER:schedule
