---METADATA---
HTTP_STATUS:200
TIME_TOTAL:3.352215
TIME_CONNECT:0.321181
SIZE_DOWNLOAD:1292
TIMESTAMP:2025-07-06 20:24:39 UTC
TRIGGER:schedule
