---METADATA---
HTTP_STATUS:200
TIME_TOTAL:3.335281
TIME_CONNECT:0.283481
SIZE_DOWNLOAD:1307
TIMESTAMP:2025-07-06 17:38:01 UTC
TRIGGER:schedule
