---METADATA---
HTTP_STATUS:200
TIME_TOTAL:1.092422
TIME_CONNECT:0.278158
SIZE_DOWNLOAD:1307
TIMESTAMP:2025-07-06 13:41:13 UTC
TRIGGER:schedule
