---METADATA---
HTTP_STATUS:200
TIME_TOTAL:3.619823
TIME_CONNECT:0.274793
SIZE_DOWNLOAD:1307
TIMESTAMP:2025-07-06 07:12:48 UTC
TRIGGER:schedule
