---METADATA---
HTTP_STATUS:200
TIME_TOTAL:3.723760
TIME_CONNECT:0.277870
SIZE_DOWNLOAD:1307
TIMESTAMP:2025-07-06 01:16:29 UTC
TRIGGER:schedule
