---METADATA---
HTTP_STATUS:200
TIME_TOTAL:3.312008
TIME_CONNECT:0.235441
SIZE_DOWNLOAD:1294
TIMESTAMP:2025-07-06 05:23:01 UTC
TRIGGER:schedule
