---METADATA---
HTTP_STATUS:200
TIME_TOTAL:3.486416
TIME_CONNECT:0.240305
SIZE_DOWNLOAD:1293
TIMESTAMP:2025-07-06 13:56:54 UTC
TRIGGER:schedule
