---METADATA---
HTTP_STATUS:200
TIME_TOTAL:3.620944
TIME_CONNECT:0.290689
SIZE_DOWNLOAD:1307
TIMESTAMP:2025-07-06 10:36:11 UTC
TRIGGER:schedule
