---METADATA---
HTTP_STATUS:200
TIME_TOTAL:1.072461
TIME_CONNECT:0.279775
SIZE_DOWNLOAD:1294
TIMESTAMP:2025-07-06 07:39:44 UTC
TRIGGER:schedule
