---METADATA---
HTTP_STATUS:200
TIME_TOTAL:3.666174
TIME_CONNECT:0.376040
SIZE_DOWNLOAD:1306
TIMESTAMP:2025-07-06 03:11:18 UTC
TRIGGER:schedule
