---METADATA---
HTTP_STATUS:200
TIME_TOTAL:3.168790
TIME_CONNECT:0.237260
SIZE_DOWNLOAD:1305
TIMESTAMP:2025-07-06 04:45:17 UTC
TRIGGER:schedule
