---METADATA---
HTTP_STATUS:200
TIME_TOTAL:3.279804
TIME_CONNECT:0.280206
SIZE_DOWNLOAD:1307
TIMESTAMP:2025-07-06 18:14:38 UTC
TRIGGER:schedule
