---METADATA---
HTTP_STATUS:200
TIME_TOTAL:3.620154
TIME_CONNECT:0.313523
SIZE_DOWNLOAD:1307
TIMESTAMP:2025-07-06 13:49:41 UTC
TRIGGER:schedule
