---METADATA---
HTTP_STATUS:200
TIME_TOTAL:3.423810
TIME_CONNECT:0.297132
SIZE_DOWNLOAD:1294
TIMESTAMP:2025-07-06 10:27:41 UTC
TRIGGER:schedule
