---METADATA---
HTTP_STATUS:200
TIME_TOTAL:3.309788
TIME_CONNECT:0.240173
SIZE_DOWNLOAD:1296
TIMESTAMP:2025-07-06 09:29:00 UTC
TRIGGER:schedule
