---METADATA---
HTTP_STATUS:200
TIME_TOTAL:3.500461
TIME_CONNECT:0.286685
SIZE_DOWNLOAD:1309
TIMESTAMP:2025-07-06 11:22:20 UTC
TRIGGER:schedule
