---METADATA---
HTTP_STATUS:200
TIME_TOTAL:3.305964
TIME_CONNECT:0.278409
SIZE_DOWNLOAD:1307
TIMESTAMP:2025-07-06 16:44:52 UTC
TRIGGER:schedule
