---METADATA---
HTTP_STATUS:200
TIME_TOTAL:3.273917
TIME_CONNECT:0.287366
SIZE_DOWNLOAD:1307
TIMESTAMP:2025-07-06 16:15:54 UTC
TRIGGER:schedule
