---METADATA---
HTTP_STATUS:200
TIME_TOTAL:3.265065
TIME_CONNECT:0.250913
SIZE_DOWNLOAD:1307
TIMESTAMP:2025-07-06 18:45:35 UTC
TRIGGER:schedule
