---METADATA---
HTTP_STATUS:200
TIME_TOTAL:3.780512
TIME_CONNECT:0.284060
SIZE_DOWNLOAD:1296
TIMESTAMP:2025-07-06 08:43:10 UTC
TRIGGER:schedule
