---METADATA---
HTTP_STATUS:200
TIME_TOTAL:3.391401
TIME_CONNECT:0.305785
SIZE_DOWNLOAD:1307
TIMESTAMP:2025-07-06 17:50:03 UTC
TRIGGER:schedule
