---METADATA---
HTTP_STATUS:200
TIME_TOTAL:3.443451
TIME_CONNECT:0.317889
SIZE_DOWNLOAD:1307
TIMESTAMP:2025-07-06 15:56:44 UTC
TRIGGER:schedule
