---METADATA---
HTTP_STATUS:200
TIME_TOTAL:3.226063
TIME_CONNECT:0.253313
SIZE_DOWNLOAD:1295
TIMESTAMP:2025-07-06 20:42:57 UTC
TRIGGER:schedule
