---METADATA---
HTTP_STATUS:200
TIME_TOTAL:3.326803
TIME_CONNECT:0.278161
SIZE_DOWNLOAD:1307
TIMESTAMP:2025-07-06 17:19:45 UTC
TRIGGER:schedule
