---METADATA---
HTTP_STATUS:200
TIME_TOTAL:1.073222
TIME_CONNECT:0.296975
SIZE_DOWNLOAD:1307
TIMESTAMP:2025-07-06 23:44:05 UTC
TRIGGER:schedule
