---METADATA---
HTTP_STATUS:200
TIME_TOTAL:3.308730
TIME_CONNECT:0.280582
SIZE_DOWNLOAD:1307
TIMESTAMP:2025-07-06 18:18:21 UTC
TRIGGER:schedule
