---METADATA---
HTTP_STATUS:200
TIME_TOTAL:1.058587
TIME_CONNECT:0.277730
SIZE_DOWNLOAD:1296
TIMESTAMP:2025-07-06 09:30:51 UTC
TRIGGER:schedule
