---METADATA---
HTTP_STATUS:200
TIME_TOTAL:3.378568
TIME_CONNECT:0.265439
SIZE_DOWNLOAD:1309
TIMESTAMP:2025-07-06 05:57:07 UTC
TRIGGER:schedule
