---METADATA---
HTTP_STATUS:200
TIME_TOTAL:3.323367
TIME_CONNECT:0.282723
SIZE_DOWNLOAD:1307
TIMESTAMP:2025-07-06 23:30:03 UTC
TRIGGER:schedule
