---METADATA---
HTTP_STATUS:200
TIME_TOTAL:3.545802
TIME_CONNECT:0.275225
SIZE_DOWNLOAD:1307
TIMESTAMP:2025-07-06 05:44:29 UTC
TRIGGER:schedule
