---METADATA---
HTTP_STATUS:200
TIME_TOTAL:3.473540
TIME_CONNECT:0.331344
SIZE_DOWNLOAD:1307
TIMESTAMP:2025-07-06 21:56:50 UTC
TRIGGER:schedule
