---METADATA---
HTTP_STATUS:200
TIME_TOTAL:3.478579
TIME_CONNECT:0.281838
SIZE_DOWNLOAD:1307
TIMESTAMP:2025-07-06 19:11:02 UTC
TRIGGER:schedule
