---METADATA---
HTTP_STATUS:200
TIME_TOTAL:3.563189
TIME_CONNECT:0.231196
SIZE_DOWNLOAD:1292
TIMESTAMP:2025-07-06 05:35:00 UTC
TRIGGER:schedule
