---METADATA---
HTTP_STATUS:200
TIME_TOTAL:3.514707
TIME_CONNECT:0.235711
SIZE_DOWNLOAD:1309
TIMESTAMP:2025-07-06 12:25:59 UTC
TRIGGER:schedule
