---METADATA---
HTTP_STATUS:200
TIME_TOTAL:3.462272
TIME_CONNECT:0.275451
SIZE_DOWNLOAD:1294
TIMESTAMP:2025-07-06 04:22:05 UTC
TRIGGER:schedule
