---METADATA---
HTTP_STATUS:200
TIME_TOTAL:3.162560
TIME_CONNECT:0.239040
SIZE_DOWNLOAD:1307
TIMESTAMP:2025-07-06 14:23:45 UTC
TRIGGER:schedule
