---METADATA---
HTTP_STATUS:200
TIME_TOTAL:3.228080
TIME_CONNECT:0.254567
SIZE_DOWNLOAD:1296
TIMESTAMP:2025-07-06 08:28:09 UTC
TRIGGER:schedule
