---METADATA---
HTTP_STATUS:200
TIME_TOTAL:3.280637
TIME_CONNECT:0.276756
SIZE_DOWNLOAD:1294
TIMESTAMP:2025-07-06 10:50:27 UTC
TRIGGER:schedule
