---METADATA---
HTTP_STATUS:200
TIME_TOTAL:3.619240
TIME_CONNECT:0.274471
SIZE_DOWNLOAD:1307
TIMESTAMP:2025-07-06 16:55:47 UTC
TRIGGER:schedule
