---METADATA---
HTTP_STATUS:200
TIME_TOTAL:3.649850
TIME_CONNECT:0.247133
SIZE_DOWNLOAD:1307
TIMESTAMP:2025-07-06 21:40:35 UTC
TRIGGER:schedule
