---METADATA---
HTTP_STATUS:200
TIME_TOTAL:3.378681
TIME_CONNECT:0.280724
SIZE_DOWNLOAD:1296
TIMESTAMP:2025-07-06 10:13:48 UTC
TRIGGER:schedule
