---METADATA---
HTTP_STATUS:200
TIME_TOTAL:3.349630
TIME_CONNECT:0.279882
SIZE_DOWNLOAD:1307
TIMESTAMP:2025-07-06 14:48:50 UTC
TRIGGER:schedule
