---METADATA---
HTTP_STATUS:200
TIME_TOTAL:3.411003
TIME_CONNECT:0.272564
SIZE_DOWNLOAD:1296
TIMESTAMP:2025-07-06 08:54:51 UTC
TRIGGER:schedule
