---METADATA---
HTTP_STATUS:200
TIME_TOTAL:3.265728
TIME_CONNECT:0.229020
SIZE_DOWNLOAD:1307
TIMESTAMP:2025-07-06 04:01:52 UTC
TRIGGER:schedule
