---METADATA---
HTTP_STATUS:200
TIME_TOTAL:3.624300
TIME_CONNECT:0.287984
SIZE_DOWNLOAD:1309
TIMESTAMP:2025-07-06 11:39:03 UTC
TRIGGER:schedule
