---METADATA---
HTTP_STATUS:200
TIME_TOTAL:3.366397
TIME_CONNECT:0.302037
SIZE_DOWNLOAD:1307
TIMESTAMP:2025-07-06 19:25:05 UTC
TRIGGER:schedule
