---METADATA---
HTTP_STATUS:200
TIME_TOTAL:3.322149
TIME_CONNECT:0.267957
SIZE_DOWNLOAD:1307
TIMESTAMP:2025-07-06 15:13:10 UTC
TRIGGER:schedule
