---METADATA---
HTTP_STATUS:200
TIME_TOTAL:3.519648
TIME_CONNECT:0.237532
SIZE_DOWNLOAD:1307
TIMESTAMP:2025-07-06 14:56:46 UTC
TRIGGER:schedule
