---METADATA---
HTTP_STATUS:200
TIME_TOTAL:3.345351
TIME_CONNECT:0.291354
SIZE_DOWNLOAD:1307
TIMESTAMP:2025-07-06 22:50:37 UTC
TRIGGER:schedule
