---METADATA---
HTTP_STATUS:200
TIME_TOTAL:3.408697
TIME_CONNECT:0.299826
SIZE_DOWNLOAD:1309
TIMESTAMP:2025-07-06 11:37:19 UTC
TRIGGER:schedule
