---METADATA---
HTTP_STATUS:200
TIME_TOTAL:3.392445
TIME_CONNECT:0.291447
SIZE_DOWNLOAD:1294
TIMESTAMP:2025-07-06 07:39:01 UTC
TRIGGER:schedule
