---METADATA---
HTTP_STATUS:200
TIME_TOTAL:3.186027
TIME_CONNECT:0.268476
SIZE_DOWNLOAD:1307
TIMESTAMP:2025-07-06 22:13:47 UTC
TRIGGER:schedule
