---METADATA---
HTTP_STATUS:200
TIME_TOTAL:3.322633
TIME_CONNECT:0.292119
SIZE_DOWNLOAD:1307
TIMESTAMP:2025-07-06 17:12:55 UTC
TRIGGER:schedule
