---METADATA---
HTTP_STATUS:200
TIME_TOTAL:3.378056
TIME_CONNECT:0.284850
SIZE_DOWNLOAD:1305
TIMESTAMP:2025-07-06 10:57:35 UTC
TRIGGER:schedule
