---METADATA---
HTTP_STATUS:200
TIME_TOTAL:3.300774
TIME_CONNECT:0.330503
SIZE_DOWNLOAD:1309
TIMESTAMP:2025-07-06 10:45:56 UTC
TRIGGER:schedule
