---METADATA---
HTTP_STATUS:200
TIME_TOTAL:3.364751
TIME_CONNECT:0.238969
SIZE_DOWNLOAD:1296
TIMESTAMP:2025-07-06 09:00:13 UTC
TRIGGER:schedule
