---METADATA---
HTTP_STATUS:200
TIME_TOTAL:3.399682
TIME_CONNECT:0.268466
SIZE_DOWNLOAD:1309
TIMESTAMP:2025-07-06 11:26:59 UTC
TRIGGER:schedule
