---METADATA---
HTTP_STATUS:200
TIME_TOTAL:3.508008
TIME_CONNECT:0.302711
SIZE_DOWNLOAD:1291
TIMESTAMP:2025-07-06 08:16:56 UTC
TRIGGER:schedule
