---METADATA---
HTTP_STATUS:200
TIME_TOTAL:3.375868
TIME_CONNECT:0.238616
SIZE_DOWNLOAD:1294
TIMESTAMP:2025-07-06 03:42:59 UTC
TRIGGER:schedule
