---METADATA---
HTTP_STATUS:200
TIME_TOTAL:3.252063
TIME_CONNECT:0.276711
SIZE_DOWNLOAD:1306
TIMESTAMP:2025-07-06 02:25:57 UTC
TRIGGER:schedule
