---METADATA---
HTTP_STATUS:200
TIME_TOTAL:3.326048
TIME_CONNECT:0.281172
SIZE_DOWNLOAD:1307
TIMESTAMP:2025-07-06 15:42:02 UTC
TRIGGER:schedule
