---METADATA---
HTTP_STATUS:200
TIME_TOTAL:3.524203
TIME_CONNECT:0.228917
SIZE_DOWNLOAD:1307
TIMESTAMP:2025-07-06 23:25:33 UTC
TRIGGER:schedule
