---METADATA---
HTTP_STATUS:200
TIME_TOTAL:3.354711
TIME_CONNECT:0.238899
SIZE_DOWNLOAD:1307
TIMESTAMP:2025-07-06 22:26:31 UTC
TRIGGER:schedule
