---METADATA---
HTTP_STATUS:200
TIME_TOTAL:3.469148
TIME_CONNECT:0.275001
SIZE_DOWNLOAD:1307
TIMESTAMP:2025-07-06 15:30:58 UTC
TRIGGER:schedule
