---METADATA---
HTTP_STATUS:200
TIME_TOTAL:3.354396
TIME_CONNECT:0.293358
SIZE_DOWNLOAD:1307
TIMESTAMP:2025-07-06 20:50:02 UTC
TRIGGER:schedule
