---METADATA---
HTTP_STATUS:200
TIME_TOTAL:3.532861
TIME_CONNECT:0.266204
SIZE_DOWNLOAD:1307
TIMESTAMP:2025-07-06 19:35:01 UTC
TRIGGER:schedule
