---METADATA---
HTTP_STATUS:200
TIME_TOTAL:3.324031
TIME_CONNECT:0.280338
SIZE_DOWNLOAD:1309
TIMESTAMP:2025-07-06 11:12:19 UTC
TRIGGER:schedule
