---METADATA---
HTTP_STATUS:200
TIME_TOTAL:3.416068
TIME_CONNECT:0.286432
SIZE_DOWNLOAD:1307
TIMESTAMP:2025-07-06 21:12:33 UTC
TRIGGER:schedule
