---METADATA---
HTTP_STATUS:200
TIME_TOTAL:3.385094
TIME_CONNECT:0.255952
SIZE_DOWNLOAD:1309
TIMESTAMP:2025-07-06 11:48:25 UTC
TRIGGER:schedule
