---METADATA---
HTTP_STATUS:200
TIME_TOTAL:3.571351
TIME_CONNECT:0.250737
SIZE_DOWNLOAD:1294
TIMESTAMP:2025-07-06 13:36:54 UTC
TRIGGER:schedule
