---METADATA---
HTTP_STATUS:200
TIME_TOTAL:3.453637
TIME_CONNECT:0.286167
SIZE_DOWNLOAD:1296
TIMESTAMP:2025-07-06 09:48:03 UTC
TRIGGER:schedule
