---METADATA---
HTTP_STATUS:200
TIME_TOTAL:3.455681
TIME_CONNECT:0.271419
SIZE_DOWNLOAD:1307
TIMESTAMP:2025-07-06 19:48:33 UTC
TRIGGER:schedule
