---METADATA---
HTTP_STATUS:200
TIME_TOTAL:3.580748
TIME_CONNECT:0.273059
SIZE_DOWNLOAD:1307
TIMESTAMP:2025-07-06 05:49:58 UTC
TRIGGER:schedule
