---METADATA---
HTTP_STATUS:200
TIME_TOTAL:3.293502
TIME_CONNECT:0.274538
SIZE_DOWNLOAD:1307
TIMESTAMP:2025-07-06 22:45:42 UTC
TRIGGER:schedule
