---METADATA---
HTTP_STATUS:200
TIME_TOTAL:3.370762
TIME_CONNECT:0.250281
SIZE_DOWNLOAD:1307
TIMESTAMP:2025-07-06 18:57:00 UTC
TRIGGER:schedule
