---METADATA---
HTTP_STATUS:200
TIME_TOTAL:1.106765
TIME_CONNECT:0.245953
SIZE_DOWNLOAD:1309
TIMESTAMP:2025-07-06 07:51:44 UTC
TRIGGER:schedule
