---METADATA---
HTTP_STATUS:200
TIME_TOTAL:3.594517
TIME_CONNECT:0.288183
SIZE_DOWNLOAD:1307
TIMESTAMP:2025-07-06 16:31:04 UTC
TRIGGER:schedule
