---METADATA---
HTTP_STATUS:200
TIME_TOTAL:3.437289
TIME_CONNECT:0.269086
SIZE_DOWNLOAD:1296
TIMESTAMP:2025-07-06 07:20:37 UTC
TRIGGER:schedule
