---METADATA---
HTTP_STATUS:200
TIME_TOTAL:3.301351
TIME_CONNECT:0.284067
SIZE_DOWNLOAD:1294
TIMESTAMP:2025-06-16 15:15:19 UTC
TRIGGER:schedule
