---METADATA---
HTTP_STATUS:200
TIME_TOTAL:3.338594
TIME_CONNECT:0.249185
SIZE_DOWNLOAD:1294
TIMESTAMP:2025-06-16 23:56:51 UTC
TRIGGER:schedule
