---METADATA---
HTTP_STATUS:200
TIME_TOTAL:3.238233
TIME_CONNECT:0.272044
SIZE_DOWNLOAD:1294
TIMESTAMP:2025-06-16 21:48:07 UTC
TRIGGER:schedule
