---METADATA---
HTTP_STATUS:200
TIME_TOTAL:1.143542
TIME_CONNECT:0.231845
SIZE_DOWNLOAD:1294
TIMESTAMP:2025-06-16 19:25:45 UTC
TRIGGER:schedule
