---METADATA---
HTTP_STATUS:200
TIME_TOTAL:3.525128
TIME_CONNECT:0.251231
SIZE_DOWNLOAD:1294
TIMESTAMP:2025-06-16 06:51:34 UTC
TRIGGER:schedule
