---METADATA---
HTTP_STATUS:200
TIME_TOTAL:3.630969
TIME_CONNECT:0.289493
SIZE_DOWNLOAD:1294
TIMESTAMP:2025-06-16 23:41:15 UTC
TRIGGER:schedule
