---METADATA---
HTTP_STATUS:200
TIME_TOTAL:3.410329
TIME_CONNECT:0.243820
SIZE_DOWNLOAD:1294
TIMESTAMP:2025-06-16 16:47:44 UTC
TRIGGER:schedule
