---METADATA---
HTTP_STATUS:200
TIME_TOTAL:1.210519
TIME_CONNECT:0.233969
SIZE_DOWNLOAD:1307
TIMESTAMP:2025-06-16 08:48:26 UTC
TRIGGER:schedule
