---METADATA---
HTTP_STATUS:200
TIME_TOTAL:3.666695
TIME_CONNECT:0.260701
SIZE_DOWNLOAD:1294
TIMESTAMP:2025-06-16 14:38:21 UTC
TRIGGER:schedule
