---METADATA---
HTTP_STATUS:200
TIME_TOTAL:3.597303
TIME_CONNECT:0.251392
SIZE_DOWNLOAD:1305
TIMESTAMP:2025-06-16 06:40:15 UTC
TRIGGER:schedule
