---METADATA---
HTTP_STATUS:200
TIME_TOTAL:3.473260
TIME_CONNECT:0.286955
SIZE_DOWNLOAD:1305
TIMESTAMP:2025-06-16 10:45:11 UTC
TRIGGER:schedule
