---METADATA---
HTTP_STATUS:200
TIME_TOTAL:3.212248
TIME_CONNECT:0.238259
SIZE_DOWNLOAD:1294
TIMESTAMP:2025-06-16 23:13:10 UTC
TRIGGER:schedule
