---METADATA---
HTTP_STATUS:200
TIME_TOTAL:3.440275
TIME_CONNECT:0.285280
SIZE_DOWNLOAD:1305
TIMESTAMP:2025-06-16 11:42:54 UTC
TRIGGER:schedule
