---METADATA---
HTTP_STATUS:200
TIME_TOTAL:3.652106
TIME_CONNECT:0.291066
SIZE_DOWNLOAD:1294
TIMESTAMP:2025-06-16 20:44:39 UTC
TRIGGER:schedule
