---METADATA---
HTTP_STATUS:200
TIME_TOTAL:3.438241
TIME_CONNECT:0.251569
SIZE_DOWNLOAD:1296
TIMESTAMP:2025-06-16 05:40:55 UTC
TRIGGER:schedule
