---METADATA---
HTTP_STATUS:200
TIME_TOTAL:3.456074
TIME_CONNECT:0.301727
SIZE_DOWNLOAD:1294
TIMESTAMP:2025-06-16 17:49:04 UTC
TRIGGER:schedule
