---METADATA---
HTTP_STATUS:200
TIME_TOTAL:3.170528
TIME_CONNECT:0.223264
SIZE_DOWNLOAD:1294
TIMESTAMP:2025-06-16 19:20:25 UTC
TRIGGER:schedule
