---METADATA---
HTTP_STATUS:200
TIME_TOTAL:3.237182
TIME_CONNECT:0.274956
SIZE_DOWNLOAD:1294
TIMESTAMP:2025-06-16 22:26:26 UTC
TRIGGER:schedule
