---METADATA---
HTTP_STATUS:200
TIME_TOTAL:3.471456
TIME_CONNECT:0.277041
SIZE_DOWNLOAD:1305
TIMESTAMP:2025-06-16 10:26:32 UTC
TRIGGER:schedule
