---METADATA---
HTTP_STATUS:200
TIME_TOTAL:3.311221
TIME_CONNECT:0.277490
SIZE_DOWNLOAD:1307
TIMESTAMP:2025-06-16 09:00:37 UTC
TRIGGER:schedule
