---METADATA---
HTTP_STATUS:200
TIME_TOTAL:3.635156
TIME_CONNECT:0.279438
SIZE_DOWNLOAD:1294
TIMESTAMP:2025-06-16 17:12:59 UTC
TRIGGER:schedule
