---METADATA---
HTTP_STATUS:200
TIME_TOTAL:3.209982
TIME_CONNECT:0.241789
SIZE_DOWNLOAD:1305
TIMESTAMP:2025-06-16 03:37:22 UTC
TRIGGER:schedule
