---METADATA---
HTTP_STATUS:200
TIME_TOTAL:3.401653
TIME_CONNECT:0.265391
SIZE_DOWNLOAD:1294
TIMESTAMP:2025-06-16 06:22:21 UTC
TRIGGER:schedule
