---METADATA---
HTTP_STATUS:200
TIME_TOTAL:3.412718
TIME_CONNECT:0.265885
SIZE_DOWNLOAD:1294
TIMESTAMP:2025-06-16 07:39:48 UTC
TRIGGER:schedule
