---METADATA---
HTTP_STATUS:200
TIME_TOTAL:3.508249
TIME_CONNECT:0.248134
SIZE_DOWNLOAD:1294
TIMESTAMP:2025-06-16 22:45:30 UTC
TRIGGER:schedule
