---METADATA---
HTTP_STATUS:200
TIME_TOTAL:3.590994
TIME_CONNECT:0.238674
SIZE_DOWNLOAD:1294
TIMESTAMP:2025-06-16 14:14:10 UTC
TRIGGER:schedule
