---METADATA---
HTTP_STATUS:200
TIME_TOTAL:3.600911
TIME_CONNECT:0.305583
SIZE_DOWNLOAD:1294
TIMESTAMP:2025-06-16 07:00:39 UTC
TRIGGER:schedule
