---METADATA---
HTTP_STATUS:200
TIME_TOTAL:3.600561
TIME_CONNECT:0.275414
SIZE_DOWNLOAD:1305
TIMESTAMP:2025-06-16 11:39:51 UTC
TRIGGER:schedule
