---METADATA---
HTTP_STATUS:200
TIME_TOTAL:1.127410
TIME_CONNECT:0.276152
SIZE_DOWNLOAD:1305
TIMESTAMP:2025-06-16 11:12:33 UTC
TRIGGER:schedule
