---METADATA---
HTTP_STATUS:200
TIME_TOTAL:1.179035
TIME_CONNECT:0.274740
SIZE_DOWNLOAD:1305
TIMESTAMP:2025-06-16 10:48:53 UTC
TRIGGER:schedule
