---METADATA---
HTTP_STATUS:200
TIME_TOTAL:3.409894
TIME_CONNECT:0.243994
SIZE_DOWNLOAD:1294
TIMESTAMP:2025-06-16 17:33:02 UTC
TRIGGER:schedule
