---METADATA---
HTTP_STATUS:200
TIME_TOTAL:3.397560
TIME_CONNECT:0.276179
SIZE_DOWNLOAD:1307
TIMESTAMP:2025-06-16 08:45:22 UTC
TRIGGER:schedule
