---METADATA---
HTTP_STATUS:200
TIME_TOTAL:3.370004
TIME_CONNECT:0.297690
SIZE_DOWNLOAD:1294
TIMESTAMP:2025-06-16 23:30:04 UTC
TRIGGER:schedule
