---METADATA---
HTTP_STATUS:200
TIME_TOTAL:3.700518
TIME_CONNECT:0.289662
SIZE_DOWNLOAD:1294
TIMESTAMP:2025-06-16 15:41:54 UTC
TRIGGER:schedule
