---METADATA---
HTTP_STATUS:200
TIME_TOTAL:3.421436
TIME_CONNECT:0.269707
SIZE_DOWNLOAD:1294
TIMESTAMP:2025-06-16 16:29:54 UTC
TRIGGER:schedule
