---METADATA---
HTTP_STATUS:200
TIME_TOTAL:3.556089
TIME_CONNECT:0.308325
SIZE_DOWNLOAD:1294
TIMESTAMP:2025-06-16 21:25:21 UTC
TRIGGER:schedule
