---METADATA---
HTTP_STATUS:200
TIME_TOTAL:3.393162
TIME_CONNECT:0.287462
SIZE_DOWNLOAD:1294
TIMESTAMP:2025-06-16 17:20:08 UTC
TRIGGER:schedule
