---METADATA---
HTTP_STATUS:200
TIME_TOTAL:3.323190
TIME_CONNECT:0.243980
SIZE_DOWNLOAD:1294
TIMESTAMP:2025-06-16 23:42:09 UTC
TRIGGER:schedule
