---METADATA---
HTTP_STATUS:200
TIME_TOTAL:3.270299
TIME_CONNECT:0.286452
SIZE_DOWNLOAD:1305
TIMESTAMP:2025-06-16 03:53:49 UTC
TRIGGER:schedule
