---METADATA---
HTTP_STATUS:200
TIME_TOTAL:3.602676
TIME_CONNECT:0.311770
SIZE_DOWNLOAD:1290
TIMESTAMP:2025-06-16 05:56:58 UTC
TRIGGER:schedule
