---METADATA---
HTTP_STATUS:200
TIME_TOTAL:3.474964
TIME_CONNECT:0.239817
SIZE_DOWNLOAD:1294
TIMESTAMP:2025-06-16 20:51:38 UTC
TRIGGER:schedule
