---METADATA---
HTTP_STATUS:200
TIME_TOTAL:3.480353
TIME_CONNECT:0.237848
SIZE_DOWNLOAD:1294
TIMESTAMP:2025-06-16 15:30:09 UTC
TRIGGER:schedule
