---METADATA---
HTTP_STATUS:200
TIME_TOTAL:1.014824
TIME_CONNECT:0.231945
SIZE_DOWNLOAD:1305
TIMESTAMP:2025-06-16 11:28:14 UTC
TRIGGER:schedule
