---METADATA---
HTTP_STATUS:200
TIME_TOTAL:3.171013
TIME_CONNECT:0.231325
SIZE_DOWNLOAD:1294
TIMESTAMP:2025-06-16 22:50:02 UTC
TRIGGER:schedule
