---METADATA---
HTTP_STATUS:200
TIME_TOTAL:3.488557
TIME_CONNECT:0.282960
SIZE_DOWNLOAD:1294
TIMESTAMP:2025-06-16 19:48:13 UTC
TRIGGER:schedule
