---METADATA---
HTTP_STATUS:200
TIME_TOTAL:3.425198
TIME_CONNECT:0.232563
SIZE_DOWNLOAD:1302
TIMESTAMP:2025-06-16 09:42:40 UTC
TRIGGER:schedule
