---METADATA---
HTTP_STATUS:200
TIME_TOTAL:3.257184
TIME_CONNECT:0.218779
SIZE_DOWNLOAD:1294
TIMESTAMP:2025-06-16 18:56:27 UTC
TRIGGER:schedule
