---METADATA---
HTTP_STATUS:200
TIME_TOTAL:3.280992
TIME_CONNECT:0.253806
SIZE_DOWNLOAD:1292
TIMESTAMP:2025-06-16 13:55:49 UTC
TRIGGER:schedule
