---METADATA---
HTTP_STATUS:200
TIME_TOTAL:3.264564
TIME_CONNECT:0.234953
SIZE_DOWNLOAD:1294
TIMESTAMP:2025-06-16 04:18:08 UTC
TRIGGER:schedule
