---METADATA---
HTTP_STATUS:200
TIME_TOTAL:3.622370
TIME_CONNECT:0.291889
SIZE_DOWNLOAD:1294
TIMESTAMP:2025-06-16 14:51:34 UTC
TRIGGER:schedule
