---METADATA---
HTTP_STATUS:200
TIME_TOTAL:3.334360
TIME_CONNECT:0.274627
SIZE_DOWNLOAD:1305
TIMESTAMP:2025-06-16 07:48:45 UTC
TRIGGER:schedule
