---METADATA---
HTTP_STATUS:200
TIME_TOTAL:3.385180
TIME_CONNECT:0.284084
SIZE_DOWNLOAD:1305
TIMESTAMP:2025-06-16 11:56:58 UTC
TRIGGER:schedule
