---METADATA---
HTTP_STATUS:200
TIME_TOTAL:3.392978
TIME_CONNECT:0.237965
SIZE_DOWNLOAD:1294
TIMESTAMP:2025-06-16 21:41:35 UTC
TRIGGER:schedule
