---METADATA---
HTTP_STATUS:200
TIME_TOTAL:3.386468
TIME_CONNECT:0.305437
SIZE_DOWNLOAD:1294
TIMESTAMP:2025-06-16 21:57:02 UTC
TRIGGER:schedule
