---METADATA---
HTTP_STATUS:200
TIME_TOTAL:3.565315
TIME_CONNECT:0.271915
SIZE_DOWNLOAD:1294
TIMESTAMP:2025-06-16 22:13:26 UTC
TRIGGER:schedule
