---METADATA---
HTTP_STATUS:200
TIME_TOTAL:3.659762
TIME_CONNECT:0.288559
SIZE_DOWNLOAD:1305
TIMESTAMP:2025-06-16 12:56:48 UTC
TRIGGER:schedule
