---METADATA---
HTTP_STATUS:200
TIME_TOTAL:1.050010
TIME_CONNECT:0.304990
SIZE_DOWNLOAD:1305
TIMESTAMP:2025-06-16 11:48:21 UTC
TRIGGER:schedule
