---METADATA---
HTTP_STATUS:200
TIME_TOTAL:3.531134
TIME_CONNECT:0.241071
SIZE_DOWNLOAD:1294
TIMESTAMP:2025-06-16 20:15:35 UTC
TRIGGER:schedule
