---METADATA---
HTTP_STATUS:200
TIME_TOTAL:3.467949
TIME_CONNECT:0.306046
SIZE_DOWNLOAD:1294
TIMESTAMP:2025-06-16 18:19:52 UTC
TRIGGER:schedule
