---METADATA---
HTTP_STATUS:200
TIME_TOTAL:3.382065
TIME_CONNECT:0.260800
SIZE_DOWNLOAD:1294
TIMESTAMP:2025-06-16 18:37:35 UTC
TRIGGER:schedule
