---METADATA---
HTTP_STATUS:200
TIME_TOTAL:3.323251
TIME_CONNECT:0.233571
SIZE_DOWNLOAD:1305
TIMESTAMP:2025-06-16 11:27:59 UTC
TRIGGER:schedule
