---METADATA---
HTTP_STATUS:200
TIME_TOTAL:3.574109
TIME_CONNECT:0.236014
SIZE_DOWNLOAD:1305
TIMESTAMP:2025-06-16 12:29:15 UTC
TRIGGER:schedule
