---METADATA---
HTTP_STATUS:200
TIME_TOTAL:3.305543
TIME_CONNECT:0.284541
SIZE_DOWNLOAD:1294
TIMESTAMP:2025-06-16 23:50:08 UTC
TRIGGER:schedule
