---METADATA---
HTTP_STATUS:200
TIME_TOTAL:3.376359
TIME_CONNECT:0.250873
SIZE_DOWNLOAD:1294
TIMESTAMP:2025-06-16 16:53:29 UTC
TRIGGER:schedule
