---METADATA---
HTTP_STATUS:200
TIME_TOTAL:3.510907
TIME_CONNECT:0.315715
SIZE_DOWNLOAD:1294
TIMESTAMP:2025-06-16 15:51:08 UTC
TRIGGER:schedule
