---METADATA---
HTTP_STATUS:200
TIME_TOTAL:3.344068
TIME_CONNECT:0.219440
SIZE_DOWNLOAD:1294
TIMESTAMP:2025-06-16 20:25:45 UTC
TRIGGER:schedule
