---METADATA---
HTTP_STATUS:200
TIME_TOTAL:3.504019
TIME_CONNECT:0.295220
SIZE_DOWNLOAD:1294
TIMESTAMP:2025-06-16 04:27:08 UTC
TRIGGER:schedule
