---METADATA---
HTTP_STATUS:200
TIME_TOTAL:3.699294
TIME_CONNECT:0.280840
SIZE_DOWNLOAD:1305
TIMESTAMP:2025-06-16 04:48:53 UTC
TRIGGER:schedule
