---METADATA---
HTTP_STATUS:200
TIME_TOTAL:3.659609
TIME_CONNECT:0.248369
SIZE_DOWNLOAD:1305
TIMESTAMP:2025-06-16 11:08:03 UTC
TRIGGER:schedule
