---METADATA---
HTTP_STATUS:200
TIME_TOTAL:3.472785
TIME_CONNECT:0.243527
SIZE_DOWNLOAD:1292
TIMESTAMP:2025-06-16 13:45:11 UTC
TRIGGER:schedule
