---METADATA---
HTTP_STATUS:200
TIME_TOTAL:3.632034
TIME_CONNECT:0.273851
SIZE_DOWNLOAD:1305
TIMESTAMP:2025-06-16 01:11:34 UTC
TRIGGER:schedule
