---METADATA---
HTTP_STATUS:200
TIME_TOTAL:3.474178
TIME_CONNECT:0.208017
SIZE_DOWNLOAD:1294
TIMESTAMP:2025-06-16 19:38:59 UTC
TRIGGER:schedule
