---METADATA---
HTTP_STATUS:200
TIME_TOTAL:3.499314
TIME_CONNECT:0.242884
SIZE_DOWNLOAD:1302
TIMESTAMP:2025-06-16 09:52:06 UTC
TRIGGER:schedule
