---METADATA---
HTTP_STATUS:200
TIME_TOTAL:3.403343
TIME_CONNECT:0.334554
SIZE_DOWNLOAD:1294
TIMESTAMP:2025-06-16 20:41:28 UTC
TRIGGER:schedule
