---METADATA---
HTTP_STATUS:200
TIME_TOTAL:3.306992
TIME_CONNECT:0.279431
SIZE_DOWNLOAD:1294
TIMESTAMP:2025-06-16 19:50:56 UTC
TRIGGER:schedule
