---METADATA---
HTTP_STATUS:200
TIME_TOTAL:1.151597
TIME_CONNECT:0.290559
SIZE_DOWNLOAD:1296
TIMESTAMP:2025-06-16 05:43:23 UTC
TRIGGER:schedule
