---METADATA---
HTTP_STATUS:200
TIME_TOTAL:3.671156
TIME_CONNECT:0.290178
SIZE_DOWNLOAD:1305
TIMESTAMP:2025-06-16 07:49:25 UTC
TRIGGER:schedule
