---METADATA---
HTTP_STATUS:200
TIME_TOTAL:3.628833
TIME_CONNECT:0.281161
SIZE_DOWNLOAD:1309
TIMESTAMP:2025-06-16 04:52:35 UTC
TRIGGER:schedule
