---METADATA---
HTTP_STATUS:200
TIME_TOTAL:3.253758
TIME_CONNECT:0.245807
SIZE_DOWNLOAD:1294
TIMESTAMP:2025-06-16 15:52:44 UTC
TRIGGER:schedule
