---METADATA---
HTTP_STATUS:200
TIME_TOTAL:3.260883
TIME_CONNECT:0.239432
SIZE_DOWNLOAD:1294
TIMESTAMP:2025-06-16 14:26:02 UTC
TRIGGER:schedule
