---METADATA---
HTTP_STATUS:200
TIME_TOTAL:3.352934
TIME_CONNECT:0.291588
SIZE_DOWNLOAD:1294
TIMESTAMP:2025-06-16 22:57:22 UTC
TRIGGER:schedule
