---METADATA---
HTTP_STATUS:200
TIME_TOTAL:3.347799
TIME_CONNECT:0.295928
SIZE_DOWNLOAD:1294
TIMESTAMP:2025-06-16 05:52:58 UTC
TRIGGER:schedule
