---METADATA---
HTTP_STATUS:200
TIME_TOTAL:3.277322
TIME_CONNECT:0.253935
SIZE_DOWNLOAD:1294
TIMESTAMP:2025-06-16 14:46:42 UTC
TRIGGER:schedule
