---METADATA---
HTTP_STATUS:200
TIME_TOTAL:3.333665
TIME_CONNECT:0.236270
SIZE_DOWNLOAD:1292
TIMESTAMP:2025-06-16 09:16:57 UTC
TRIGGER:schedule
