---METADATA---
HTTP_STATUS:200
TIME_TOTAL:3.351175
TIME_CONNECT:0.277484
SIZE_DOWNLOAD:1294
TIMESTAMP:2025-06-16 20:56:55 UTC
TRIGGER:schedule
