---METADATA---
HTTP_STATUS:200
TIME_TOTAL:3.321687
TIME_CONNECT:0.289295
SIZE_DOWNLOAD:1307
TIMESTAMP:2025-06-16 07:31:08 UTC
TRIGGER:schedule
