---METADATA---
HTTP_STATUS:200
TIME_TOTAL:3.596019
TIME_CONNECT:0.337020
SIZE_DOWNLOAD:1305
TIMESTAMP:2025-06-16 02:19:26 UTC
TRIGGER:schedule
