---METADATA---
HTTP_STATUS:200
TIME_TOTAL:3.385456
TIME_CONNECT:0.270753
SIZE_DOWNLOAD:1292
TIMESTAMP:2025-06-16 10:16:09 UTC
TRIGGER:schedule
