---METADATA---
HTTP_STATUS:200
TIME_TOTAL:3.647863
TIME_CONNECT:0.290436
SIZE_DOWNLOAD:1309
TIMESTAMP:2025-06-16 07:15:55 UTC
TRIGGER:schedule
