---METADATA---
HTTP_STATUS:200
TIME_TOTAL:3.453842
TIME_CONNECT:0.276717
SIZE_DOWNLOAD:1292
TIMESTAMP:2025-06-16 05:16:44 UTC
TRIGGER:schedule
