---METADATA---
HTTP_STATUS:200
TIME_TOTAL:3.415818
TIME_CONNECT:0.277453
SIZE_DOWNLOAD:1302
TIMESTAMP:2025-06-16 09:34:33 UTC
TRIGGER:schedule
