---METADATA---
HTTP_STATUS:200
TIME_TOTAL:3.394587
TIME_CONNECT:0.237720
SIZE_DOWNLOAD:1305
TIMESTAMP:2025-06-16 02:59:18 UTC
TRIGGER:schedule
