---METADATA---
HTTP_STATUS:200
TIME_TOTAL:3.557749
TIME_CONNECT:0.283546
SIZE_DOWNLOAD:1294
TIMESTAMP:2025-06-16 17:43:12 UTC
TRIGGER:schedule
