---METADATA---
HTTP_STATUS:200
TIME_TOTAL:3.964823
TIME_CONNECT:0.294722
SIZE_DOWNLOAD:1302
TIMESTAMP:2025-06-16 09:50:42 UTC
TRIGGER:schedule
