---METADATA---
HTTP_STATUS:200
TIME_TOTAL:3.385614
TIME_CONNECT:0.285362
SIZE_DOWNLOAD:1294
TIMESTAMP:2025-06-16 19:35:43 UTC
TRIGGER:schedule
