---METADATA---
HTTP_STATUS:200
TIME_TOTAL:3.345058
TIME_CONNECT:0.277314
SIZE_DOWNLOAD:1291
TIMESTAMP:2025-06-16 13:39:17 UTC
TRIGGER:schedule
