---METADATA---
HTTP_STATUS:200
TIME_TOTAL:3.403533
TIME_CONNECT:0.240122
SIZE_DOWNLOAD:1294
TIMESTAMP:2025-06-16 23:25:15 UTC
TRIGGER:schedule
