---METADATA---
HTTP_STATUS:200
TIME_TOTAL:3.415437
TIME_CONNECT:0.249716
SIZE_DOWNLOAD:1294
TIMESTAMP:2025-06-16 13:09:48 UTC
TRIGGER:schedule
