---METADATA---
HTTP_STATUS:200
TIME_TOTAL:3.466770
TIME_CONNECT:0.291179
SIZE_DOWNLOAD:1294
TIMESTAMP:2025-06-16 08:13:15 UTC
TRIGGER:schedule
