---METADATA---
HTTP_STATUS:200
TIME_TOTAL:3.254821
TIME_CONNECT:0.281874
SIZE_DOWNLOAD:1294
TIMESTAMP:2025-06-16 21:13:15 UTC
TRIGGER:schedule
