---METADATA---
HTTP_STATUS:200
TIME_TOTAL:3.230039
TIME_CONNECT:0.290149
SIZE_DOWNLOAD:1294
TIMESTAMP:2025-06-16 18:48:45 UTC
TRIGGER:schedule
