---METADATA---
HTTP_STATUS:200
TIME_TOTAL:3.557429
TIME_CONNECT:0.241134
SIZE_DOWNLOAD:1294
TIMESTAMP:2025-06-16 14:58:36 UTC
TRIGGER:schedule
