---METADATA---
HTTP_STATUS:200
TIME_TOTAL:3.596909
TIME_CONNECT:0.299431
SIZE_DOWNLOAD:1294
TIMESTAMP:2025-06-16 16:17:54 UTC
TRIGGER:schedule
