---METADATA---
HTTP_STATUS:200
TIME_TOTAL:3.620955
TIME_CONNECT:0.250871
SIZE_DOWNLOAD:1290
TIMESTAMP:2025-06-16 05:12:16 UTC
TRIGGER:schedule
