---METADATA---
HTTP_STATUS:200
TIME_TOTAL:3.362894
TIME_CONNECT:0.287969
SIZE_DOWNLOAD:1294
TIMESTAMP:2025-06-16 17:57:06 UTC
TRIGGER:schedule
