---METADATA---
HTTP_STATUS:200
TIME_TOTAL:3.958860
TIME_CONNECT:0.241653
SIZE_DOWNLOAD:1292
TIMESTAMP:2025-06-16 08:20:20 UTC
TRIGGER:schedule
