---METADATA---
HTTP_STATUS:200
TIME_TOTAL:3.251108
TIME_CONNECT:0.287175
SIZE_DOWNLOAD:1294
TIMESTAMP:2025-06-16 19:10:57 UTC
TRIGGER:schedule
