---METADATA---
HTTP_STATUS:200
TIME_TOTAL:3.282626
TIME_CONNECT:0.316731
SIZE_DOWNLOAD:1305
TIMESTAMP:2025-06-21 19:10:16 UTC
TRIGGER:schedule
