---METADATA---
HTTP_STATUS:200
TIME_TOTAL:3.692005
TIME_CONNECT:0.289792
SIZE_DOWNLOAD:1308
TIMESTAMP:2025-06-21 07:39:46 UTC
TRIGGER:schedule
