---METADATA---
HTTP_STATUS:200
TIME_TOTAL:3.475799
TIME_CONNECT:0.246210
SIZE_DOWNLOAD:1305
TIMESTAMP:2025-06-21 22:48:37 UTC
TRIGGER:schedule
