---METADATA---
HTTP_STATUS:200
TIME_TOTAL:3.495828
TIME_CONNECT:0.240641
SIZE_DOWNLOAD:1308
TIMESTAMP:2025-06-21 09:57:13 UTC
TRIGGER:schedule
