---METADATA---
HTTP_STATUS:200
TIME_TOTAL:3.752728
TIME_CONNECT:0.250840
SIZE_DOWNLOAD:1292
TIMESTAMP:2025-06-21 13:16:45 UTC
TRIGGER:schedule
