---METADATA---
HTTP_STATUS:200
TIME_TOTAL:3.636616
TIME_CONNECT:0.256127
SIZE_DOWNLOAD:1308
TIMESTAMP:2025-06-21 11:51:46 UTC
TRIGGER:schedule
