---METADATA---
HTTP_STATUS:200
TIME_TOTAL:3.549770
TIME_CONNECT:0.242740
SIZE_DOWNLOAD:1305
TIMESTAMP:2025-06-21 19:17:32 UTC
TRIGGER:schedule
