---METADATA---
HTTP_STATUS:200
TIME_TOTAL:3.536255
TIME_CONNECT:0.290755
SIZE_DOWNLOAD:1305
TIMESTAMP:2025-06-21 22:43:14 UTC
TRIGGER:schedule
