---METADATA---
HTTP_STATUS:200
TIME_TOTAL:3.381641
TIME_CONNECT:0.249486
SIZE_DOWNLOAD:1305
TIMESTAMP:2025-06-21 15:25:01 UTC
TRIGGER:schedule
