---METADATA---
HTTP_STATUS:200
TIME_TOTAL:1.264741
TIME_CONNECT:0.291795
SIZE_DOWNLOAD:1305
TIMESTAMP:2025-06-21 19:34:46 UTC
TRIGGER:schedule
