---METADATA---
HTTP_STATUS:200
TIME_TOTAL:3.270506
TIME_CONNECT:0.284411
SIZE_DOWNLOAD:1305
TIMESTAMP:2025-06-21 14:24:19 UTC
TRIGGER:schedule
