---METADATA---
HTTP_STATUS:200
TIME_TOTAL:3.533110
TIME_CONNECT:0.283814
SIZE_DOWNLOAD:1308
TIMESTAMP:2025-06-21 10:50:15 UTC
TRIGGER:schedule
