---METADATA---
HTTP_STATUS:200
TIME_TOTAL:3.568635
TIME_CONNECT:0.274186
SIZE_DOWNLOAD:1305
TIMESTAMP:2025-06-21 14:32:45 UTC
TRIGGER:schedule
