---METADATA---
HTTP_STATUS:200
TIME_TOTAL:1.003786
TIME_CONNECT:0.252755
SIZE_DOWNLOAD:1305
TIMESTAMP:2025-06-21 18:53:33 UTC
TRIGGER:schedule
