---METADATA---
HTTP_STATUS:200
TIME_TOTAL:3.344244
TIME_CONNECT:0.283798
SIZE_DOWNLOAD:1305
TIMESTAMP:2025-06-21 21:22:49 UTC
TRIGGER:schedule
