---METADATA---
HTTP_STATUS:200
TIME_TOTAL:3.379294
TIME_CONNECT:0.286498
SIZE_DOWNLOAD:1308
TIMESTAMP:2025-06-21 11:39:11 UTC
TRIGGER:schedule
