---METADATA---
HTTP_STATUS:200
TIME_TOTAL:3.531857
TIME_CONNECT:0.297143
SIZE_DOWNLOAD:1308
TIMESTAMP:2025-06-21 08:27:47 UTC
TRIGGER:schedule
