---METADATA---
HTTP_STATUS:200
TIME_TOTAL:3.391215
TIME_CONNECT:0.300406
SIZE_DOWNLOAD:1308
TIMESTAMP:2025-06-21 04:48:58 UTC
TRIGGER:schedule
