---METADATA---
HTTP_STATUS:200
TIME_TOTAL:3.521866
TIME_CONNECT:0.236328
SIZE_DOWNLOAD:1296
TIMESTAMP:2025-06-21 04:28:15 UTC
TRIGGER:schedule
