---METADATA---
HTTP_STATUS:200
TIME_TOTAL:3.582134
TIME_CONNECT:0.251748
SIZE_DOWNLOAD:1305
TIMESTAMP:2025-06-21 14:56:51 UTC
TRIGGER:schedule
