---METADATA---
HTTP_STATUS:200
TIME_TOTAL:3.643064
TIME_CONNECT:0.301072
SIZE_DOWNLOAD:1305
TIMESTAMP:2025-06-21 15:12:43 UTC
TRIGGER:schedule
