---METADATA---
HTTP_STATUS:200
TIME_TOTAL:3.162586
TIME_CONNECT:0.244186
SIZE_DOWNLOAD:1305
TIMESTAMP:2025-06-21 23:29:25 UTC
TRIGGER:schedule
