---METADATA---
HTTP_STATUS:200
TIME_TOTAL:3.606626
TIME_CONNECT:0.280216
SIZE_DOWNLOAD:1305
TIMESTAMP:2025-06-21 17:48:43 UTC
TRIGGER:schedule
