---METADATA---
HTTP_STATUS:200
TIME_TOTAL:3.720123
TIME_CONNECT:0.287827
SIZE_DOWNLOAD:1308
TIMESTAMP:2025-06-21 10:36:13 UTC
TRIGGER:schedule
