---METADATA---
HTTP_STATUS:200
TIME_TOTAL:3.584785
TIME_CONNECT:0.249413
SIZE_DOWNLOAD:1305
TIMESTAMP:2025-06-21 15:41:17 UTC
TRIGGER:schedule
