---METADATA---
HTTP_STATUS:200
TIME_TOTAL:3.566078
TIME_CONNECT:0.239157
SIZE_DOWNLOAD:1305
TIMESTAMP:2025-06-21 18:10:03 UTC
TRIGGER:schedule
