---METADATA---
HTTP_STATUS:200
TIME_TOTAL:3.577318
TIME_CONNECT:0.218683
SIZE_DOWNLOAD:1308
TIMESTAMP:2025-06-21 07:12:50 UTC
TRIGGER:schedule
