---METADATA---
HTTP_STATUS:200
TIME_TOTAL:3.474944
TIME_CONNECT:0.280233
SIZE_DOWNLOAD:1308
TIMESTAMP:2025-06-21 06:43:33 UTC
TRIGGER:schedule
