---METADATA---
HTTP_STATUS:200
TIME_TOTAL:3.253294
TIME_CONNECT:0.224521
SIZE_DOWNLOAD:1308
TIMESTAMP:2025-06-21 09:00:05 UTC
TRIGGER:schedule
