---METADATA---
HTTP_STATUS:200
TIME_TOTAL:3.376238
TIME_CONNECT:0.306146
SIZE_DOWNLOAD:1308
TIMESTAMP:2025-06-21 10:13:45 UTC
TRIGGER:schedule
