---METADATA---
HTTP_STATUS:200
TIME_TOTAL:3.345214
TIME_CONNECT:0.269752
SIZE_DOWNLOAD:1305
TIMESTAMP:2025-06-21 21:57:06 UTC
TRIGGER:schedule
