---METADATA---
HTTP_STATUS:200
TIME_TOTAL:3.699650
TIME_CONNECT:0.309095
SIZE_DOWNLOAD:1308
TIMESTAMP:2025-06-21 08:17:09 UTC
TRIGGER:schedule
