---METADATA---
HTTP_STATUS:200
TIME_TOTAL:3.736625
TIME_CONNECT:0.279872
SIZE_DOWNLOAD:1308
TIMESTAMP:2025-06-21 11:48:04 UTC
TRIGGER:schedule
