---METADATA---
HTTP_STATUS:200
TIME_TOTAL:3.253815
TIME_CONNECT:0.223676
SIZE_DOWNLOAD:1305
TIMESTAMP:2025-06-21 20:43:02 UTC
TRIGGER:schedule
