---METADATA---
HTTP_STATUS:200
TIME_TOTAL:3.260654
TIME_CONNECT:0.239384
SIZE_DOWNLOAD:1305
TIMESTAMP:2025-06-21 23:13:01 UTC
TRIGGER:schedule
