---METADATA---
HTTP_STATUS:200
TIME_TOTAL:3.431935
TIME_CONNECT:0.240727
SIZE_DOWNLOAD:1305
TIMESTAMP:2025-06-21 21:48:17 UTC
TRIGGER:schedule
