---METADATA---
HTTP_STATUS:200
TIME_TOTAL:3.405726
TIME_CONNECT:0.292395
SIZE_DOWNLOAD:1291
TIMESTAMP:2025-06-21 03:54:39 UTC
TRIGGER:schedule
