---METADATA---
HTTP_STATUS:200
TIME_TOTAL:3.467884
TIME_CONNECT:0.298463
SIZE_DOWNLOAD:1307
TIMESTAMP:2025-06-21 04:00:59 UTC
TRIGGER:schedule
