---METADATA---
HTTP_STATUS:200
TIME_TOTAL:3.379603
TIME_CONNECT:0.233387
SIZE_DOWNLOAD:1305
TIMESTAMP:2025-06-21 14:48:52 UTC
TRIGGER:schedule
