---METADATA---
HTTP_STATUS:200
TIME_TOTAL:3.722957
TIME_CONNECT:0.287458
SIZE_DOWNLOAD:1308
TIMESTAMP:2025-06-21 07:51:32 UTC
TRIGGER:schedule
