---METADATA---
HTTP_STATUS:200
TIME_TOTAL:3.396616
TIME_CONNECT:0.294172
SIZE_DOWNLOAD:1292
TIMESTAMP:2025-06-21 13:49:09 UTC
TRIGGER:schedule
