---METADATA---
HTTP_STATUS:200
TIME_TOTAL:3.506267
TIME_CONNECT:0.267830
SIZE_DOWNLOAD:1305
TIMESTAMP:2025-06-21 19:24:27 UTC
TRIGGER:schedule
