---METADATA---
HTTP_STATUS:200
TIME_TOTAL:3.412124
TIME_CONNECT:0.244079
SIZE_DOWNLOAD:1308
TIMESTAMP:2025-06-21 06:56:55 UTC
TRIGGER:schedule
