---METADATA---
HTTP_STATUS:200
TIME_TOTAL:3.186516
TIME_CONNECT:0.278984
SIZE_DOWNLOAD:1308
TIMESTAMP:2025-06-21 09:49:07 UTC
TRIGGER:schedule
