---METADATA---
HTTP_STATUS:200
TIME_TOTAL:3.573074
TIME_CONNECT:0.302194
SIZE_DOWNLOAD:1292
TIMESTAMP:2025-06-21 12:43:04 UTC
TRIGGER:schedule
