---METADATA---
HTTP_STATUS:200
TIME_TOTAL:3.544113
TIME_CONNECT:0.247180
SIZE_DOWNLOAD:1308
TIMESTAMP:2025-06-21 10:57:30 UTC
TRIGGER:schedule
