---METADATA---
HTTP_STATUS:200
TIME_TOTAL:3.353094
TIME_CONNECT:0.299873
SIZE_DOWNLOAD:1308
TIMESTAMP:2025-06-21 08:54:43 UTC
TRIGGER:schedule
