---METADATA---
HTTP_STATUS:200
TIME_TOTAL:3.664536
TIME_CONNECT:0.279432
SIZE_DOWNLOAD:1308
TIMESTAMP:2025-06-21 11:28:14 UTC
TRIGGER:schedule
