---METADATA---
HTTP_STATUS:200
TIME_TOTAL:1.230570
TIME_CONNECT:0.242507
SIZE_DOWNLOAD:1308
TIMESTAMP:2025-06-21 07:48:07 UTC
TRIGGER:schedule
