---METADATA---
HTTP_STATUS:200
TIME_TOTAL:3.590779
TIME_CONNECT:0.238789
SIZE_DOWNLOAD:1308
TIMESTAMP:2025-06-21 09:43:24 UTC
TRIGGER:schedule
