---METADATA---
HTTP_STATUS:200
TIME_TOTAL:3.468172
TIME_CONNECT:0.254612
SIZE_DOWNLOAD:1308
TIMESTAMP:2025-06-21 07:29:00 UTC
TRIGGER:schedule
