---METADATA---
HTTP_STATUS:200
TIME_TOTAL:3.283493
TIME_CONNECT:0.243137
SIZE_DOWNLOAD:1305
TIMESTAMP:2025-06-21 02:06:27 UTC
TRIGGER:schedule
