---METADATA---
HTTP_STATUS:200
TIME_TOTAL:3.418753
TIME_CONNECT:0.238876
SIZE_DOWNLOAD:1305
TIMESTAMP:2025-06-21 23:40:53 UTC
TRIGGER:schedule
