---METADATA---
HTTP_STATUS:200
TIME_TOTAL:3.622552
TIME_CONNECT:0.249749
SIZE_DOWNLOAD:1308
TIMESTAMP:2025-06-21 10:27:53 UTC
TRIGGER:schedule
