---METADATA---
HTTP_STATUS:200
TIME_TOTAL:3.573819
TIME_CONNECT:0.243644
SIZE_DOWNLOAD:1308
TIMESTAMP:2025-06-21 04:53:11 UTC
TRIGGER:schedule
