---METADATA---
HTTP_STATUS:200
TIME_TOTAL:3.257745
TIME_CONNECT:0.215150
SIZE_DOWNLOAD:1308
TIMESTAMP:2025-06-21 05:32:39 UTC
TRIGGER:schedule
