---METADATA---
HTTP_STATUS:200
TIME_TOTAL:3.396959
TIME_CONNECT:0.287028
SIZE_DOWNLOAD:1305
TIMESTAMP:2025-06-21 18:44:14 UTC
TRIGGER:schedule
