---METADATA---
HTTP_STATUS:200
TIME_TOTAL:3.310041
TIME_CONNECT:0.272417
SIZE_DOWNLOAD:1305
TIMESTAMP:2025-06-21 21:39:13 UTC
TRIGGER:schedule
