---METADATA---
HTTP_STATUS:200
TIME_TOTAL:3.182533
TIME_CONNECT:0.293748
SIZE_DOWNLOAD:1305
TIMESTAMP:2025-06-21 13:01:04 UTC
TRIGGER:schedule
