---METADATA---
HTTP_STATUS:200
TIME_TOTAL:3.414054
TIME_CONNECT:0.298580
SIZE_DOWNLOAD:1305
TIMESTAMP:2025-06-21 20:49:31 UTC
TRIGGER:schedule
