---METADATA---
HTTP_STATUS:200
TIME_TOTAL:3.251500
TIME_CONNECT:0.236608
SIZE_DOWNLOAD:1305
TIMESTAMP:2025-06-21 20:56:48 UTC
TRIGGER:schedule
