---METADATA---
HTTP_STATUS:200
TIME_TOTAL:3.533445
TIME_CONNECT:0.278726
SIZE_DOWNLOAD:1292
TIMESTAMP:2025-06-21 13:35:30 UTC
TRIGGER:schedule
