---METADATA---
HTTP_STATUS:200
TIME_TOTAL:3.593709
TIME_CONNECT:0.310019
SIZE_DOWNLOAD:1308
TIMESTAMP:2025-06-21 05:48:53 UTC
TRIGGER:schedule
