---METADATA---
HTTP_STATUS:200
TIME_TOTAL:3.187782
TIME_CONNECT:0.235623
SIZE_DOWNLOAD:1305
TIMESTAMP:2025-06-21 23:56:55 UTC
TRIGGER:schedule
