---METADATA---
HTTP_STATUS:200
TIME_TOTAL:3.480521
TIME_CONNECT:0.226313
SIZE_DOWNLOAD:1305
TIMESTAMP:2025-06-21 21:27:47 UTC
TRIGGER:schedule
