---METADATA---
HTTP_STATUS:200
TIME_TOTAL:1.041144
TIME_CONNECT:0.298475
SIZE_DOWNLOAD:1308
TIMESTAMP:2025-06-21 11:40:00 UTC
TRIGGER:schedule
