---METADATA---
HTTP_STATUS:200
TIME_TOTAL:3.395429
TIME_CONNECT:0.237829
SIZE_DOWNLOAD:1305
TIMESTAMP:2025-06-21 23:24:25 UTC
TRIGGER:schedule
