---METADATA---
HTTP_STATUS:200
TIME_TOTAL:3.537403
TIME_CONNECT:0.351418
SIZE_DOWNLOAD:1308
TIMESTAMP:2025-06-21 09:28:05 UTC
TRIGGER:schedule
