---METADATA---
HTTP_STATUS:200
TIME_TOTAL:3.211018
TIME_CONNECT:0.238545
SIZE_DOWNLOAD:1308
TIMESTAMP:2025-06-21 10:45:37 UTC
TRIGGER:schedule
