---METADATA---
HTTP_STATUS:200
TIME_TOTAL:3.517633
TIME_CONNECT:0.270649
SIZE_DOWNLOAD:1305
TIMESTAMP:2025-06-21 21:11:41 UTC
TRIGGER:schedule
