---METADATA---
HTTP_STATUS:200
TIME_TOTAL:3.347533
TIME_CONNECT:0.276632
SIZE_DOWNLOAD:1305
TIMESTAMP:2025-06-21 14:42:35 UTC
TRIGGER:schedule
