---METADATA---
HTTP_STATUS:200
TIME_TOTAL:1.412804
TIME_CONNECT:0.603894
SIZE_DOWNLOAD:1308
TIMESTAMP:2025-06-21 05:49:32 UTC
TRIGGER:schedule
