---METADATA---
HTTP_STATUS:200
TIME_TOTAL:3.532288
TIME_CONNECT:0.276701
SIZE_DOWNLOAD:1305
TIMESTAMP:2025-06-21 20:31:53 UTC
TRIGGER:schedule
