---METADATA---
HTTP_STATUS:200
TIME_TOTAL:3.539610
TIME_CONNECT:0.274174
SIZE_DOWNLOAD:1308
TIMESTAMP:2025-06-21 06:46:05 UTC
TRIGGER:schedule
