---METADATA---
HTTP_STATUS:200
TIME_TOTAL:3.516480
TIME_CONNECT:0.260495
SIZE_DOWNLOAD:1308
TIMESTAMP:2025-06-21 05:08:33 UTC
TRIGGER:schedule
