---METADATA---
HTTP_STATUS:200
TIME_TOTAL:3.642573
TIME_CONNECT:0.296290
SIZE_DOWNLOAD:1308
TIMESTAMP:2025-06-21 07:23:50 UTC
TRIGGER:schedule
