---METADATA---
HTTP_STATUS:200
TIME_TOTAL:3.508029
TIME_CONNECT:0.242036
SIZE_DOWNLOAD:1305
TIMESTAMP:2025-06-21 22:12:12 UTC
TRIGGER:schedule
