---METADATA---
HTTP_STATUS:200
TIME_TOTAL:1.073786
TIME_CONNECT:0.243224
SIZE_DOWNLOAD:1308
TIMESTAMP:2025-06-21 09:31:40 UTC
TRIGGER:schedule
