---METADATA---
HTTP_STATUS:200
TIME_TOTAL:3.303759
TIME_CONNECT:0.220889
SIZE_DOWNLOAD:1307
TIMESTAMP:2025-06-21 03:41:41 UTC
TRIGGER:schedule
