---METADATA---
HTTP_STATUS:200
TIME_TOTAL:1.128568
TIME_CONNECT:0.277747
SIZE_DOWNLOAD:1305
TIMESTAMP:2025-06-21 19:29:09 UTC
TRIGGER:schedule
