---METADATA---
HTTP_STATUS:200
TIME_TOTAL:3.464693
TIME_CONNECT:0.319285
SIZE_DOWNLOAD:1305
TIMESTAMP:2025-06-21 18:17:36 UTC
TRIGGER:schedule
