---METADATA---
HTTP_STATUS:200
TIME_TOTAL:3.400544
TIME_CONNECT:0.238139
SIZE_DOWNLOAD:1308
TIMESTAMP:2025-06-21 06:11:45 UTC
TRIGGER:schedule
