---METADATA---
HTTP_STATUS:200
TIME_TOTAL:3.506646
TIME_CONNECT:0.270153
SIZE_DOWNLOAD:1305
TIMESTAMP:2025-06-21 19:42:42 UTC
TRIGGER:schedule
