---METADATA---
HTTP_STATUS:200
TIME_TOTAL:3.626486
TIME_CONNECT:0.277087
SIZE_DOWNLOAD:1308
TIMESTAMP:2025-06-21 09:13:32 UTC
TRIGGER:schedule
