---METADATA---
HTTP_STATUS:200
TIME_TOTAL:3.303794
TIME_CONNECT:0.241566
SIZE_DOWNLOAD:1305
TIMESTAMP:2025-06-21 18:39:56 UTC
TRIGGER:schedule
