---METADATA---
HTTP_STATUS:200
TIME_TOTAL:1.316303
TIME_CONNECT:0.437743
SIZE_DOWNLOAD:1308
TIMESTAMP:2025-06-21 05:13:17 UTC
TRIGGER:schedule
