---METADATA---
HTTP_STATUS:200
TIME_TOTAL:3.294009
TIME_CONNECT:0.245575
SIZE_DOWNLOAD:1305
TIMESTAMP:2025-06-21 23:49:09 UTC
TRIGGER:schedule
