---METADATA---
HTTP_STATUS:200
TIME_TOTAL:3.603393
TIME_CONNECT:0.242249
SIZE_DOWNLOAD:1308
TIMESTAMP:2025-06-21 06:18:35 UTC
TRIGGER:schedule
