---METADATA---
HTTP_STATUS:200
TIME_TOTAL:1.124131
TIME_CONNECT:0.289345
SIZE_DOWNLOAD:1305
TIMESTAMP:2025-06-21 17:49:52 UTC
TRIGGER:schedule
