---METADATA---
HTTP_STATUS:200
TIME_TOTAL:3.423003
TIME_CONNECT:0.221166
SIZE_DOWNLOAD:1305
TIMESTAMP:2025-06-21 01:08:15 UTC
TRIGGER:schedule
