---METADATA---
HTTP_STATUS:200
TIME_TOTAL:3.526016
TIME_CONNECT:0.247683
SIZE_DOWNLOAD:1305
TIMESTAMP:2025-06-21 18:53:00 UTC
TRIGGER:schedule
