---METADATA---
HTTP_STATUS:200
TIME_TOTAL:3.645637
TIME_CONNECT:0.483981
SIZE_DOWNLOAD:1305
TIMESTAMP:2025-06-21 13:56:50 UTC
TRIGGER:schedule
