---METADATA---
HTTP_STATUS:200
TIME_TOTAL:3.602875
TIME_CONNECT:0.249301
SIZE_DOWNLOAD:1308
TIMESTAMP:2025-06-21 04:36:12 UTC
TRIGGER:schedule
