---METADATA---
HTTP_STATUS:200
TIME_TOTAL:3.265477
TIME_CONNECT:0.229857
SIZE_DOWNLOAD:1305
TIMESTAMP:2025-06-21 17:41:56 UTC
TRIGGER:schedule
