---METADATA---
HTTP_STATUS:200
TIME_TOTAL:3.331704
TIME_CONNECT:0.309630
SIZE_DOWNLOAD:1305
TIMESTAMP:2025-06-21 15:30:43 UTC
TRIGGER:schedule
