---METADATA---
HTTP_STATUS:200
TIME_TOTAL:1.177862
TIME_CONNECT:0.301155
SIZE_DOWNLOAD:1305
TIMESTAMP:2025-06-21 13:40:13 UTC
TRIGGER:schedule
