---METADATA---
HTTP_STATUS:200
TIME_TOTAL:3.420021
TIME_CONNECT:0.279955
SIZE_DOWNLOAD:1308
TIMESTAMP:2025-06-21 11:22:58 UTC
TRIGGER:schedule
