---METADATA---
HTTP_STATUS:200
TIME_TOTAL:3.382493
TIME_CONNECT:0.243186
SIZE_DOWNLOAD:1305
TIMESTAMP:2025-06-21 02:49:30 UTC
TRIGGER:schedule
