---METADATA---
HTTP_STATUS:200
TIME_TOTAL:3.282793
TIME_CONNECT:0.240545
SIZE_DOWNLOAD:1305
TIMESTAMP:2025-06-21 14:13:03 UTC
TRIGGER:schedule
