---METADATA---
HTTP_STATUS:200
TIME_TOTAL:3.744925
TIME_CONNECT:0.677657
SIZE_DOWNLOAD:1305
TIMESTAMP:2025-06-21 03:18:51 UTC
TRIGGER:schedule
