---METADATA---
HTTP_STATUS:200
TIME_TOTAL:3.129989
TIME_CONNECT:0.286153
SIZE_DOWNLOAD:1305
TIMESTAMP:2025-06-21 22:56:50 UTC
TRIGGER:schedule
