---METADATA---
HTTP_STATUS:200
TIME_TOTAL:3.340539
TIME_CONNECT:0.282363
SIZE_DOWNLOAD:1305
TIMESTAMP:2025-06-21 22:32:38 UTC
TRIGGER:schedule
