---METADATA---
HTTP_STATUS:200
TIME_TOTAL:3.449177
TIME_CONNECT:0.271478
SIZE_DOWNLOAD:1305
TIMESTAMP:2025-06-21 19:56:55 UTC
TRIGGER:schedule
