---METADATA---
HTTP_STATUS:200
TIME_TOTAL:3.545571
TIME_CONNECT:0.320918
SIZE_DOWNLOAD:1308
TIMESTAMP:2025-06-21 11:12:11 UTC
TRIGGER:schedule
