---METADATA---
HTTP_STATUS:200
TIME_TOTAL:3.512974
TIME_CONNECT:0.280725
SIZE_DOWNLOAD:1305
TIMESTAMP:2025-06-21 20:13:54 UTC
TRIGGER:schedule
