---METADATA---
HTTP_STATUS:200
TIME_TOTAL:3.354975
TIME_CONNECT:0.303946
SIZE_DOWNLOAD:1308
TIMESTAMP:2025-06-21 08:48:24 UTC
TRIGGER:schedule
