---METADATA---
HTTP_STATUS:200
TIME_TOTAL:3.248241
TIME_CONNECT:0.246432
SIZE_DOWNLOAD:1305
TIMESTAMP:2025-06-21 21:40:15 UTC
TRIGGER:schedule
