---METADATA---
HTTP_STATUS:200
TIME_TOTAL:3.494942
TIME_CONNECT:0.290125
SIZE_DOWNLOAD:1305
TIMESTAMP:2025-06-21 20:26:44 UTC
TRIGGER:schedule
