---METADATA---
HTTP_STATUS:200
TIME_TOTAL:0.939018
TIME_CONNECT:0.273627
SIZE_DOWNLOAD:1305
TIMESTAMP:2025-06-21 23:41:05 UTC
TRIGGER:schedule
