---METADATA---
HTTP_STATUS:200
TIME_TOTAL:3.275845
TIME_CONNECT:0.279208
SIZE_DOWNLOAD:1308
TIMESTAMP:2025-06-21 05:33:14 UTC
TRIGGER:schedule
