---METADATA---
HTTP_STATUS:200
TIME_TOTAL:3.273019
TIME_CONNECT:0.321934
SIZE_DOWNLOAD:1305
TIMESTAMP:2025-06-21 22:24:49 UTC
TRIGGER:schedule
