---METADATA---
HTTP_STATUS:200
TIME_TOTAL:3.666745
TIME_CONNECT:0.313228
SIZE_DOWNLOAD:1308
TIMESTAMP:2025-06-21 08:43:14 UTC
TRIGGER:schedule
