---METADATA---
HTTP_STATUS:200
TIME_TOTAL:3.501022
TIME_CONNECT:0.278760
SIZE_DOWNLOAD:1308
TIMESTAMP:2025-06-21 12:25:06 UTC
TRIGGER:schedule
