---METADATA---
HTTP_STATUS:200
TIME_TOTAL:3.360411
TIME_CONNECT:0.239369
SIZE_DOWNLOAD:1294
TIMESTAMP:2025-07-03 17:24:28 UTC
TRIGGER:schedule
