---METADATA---
HTTP_STATUS:200
TIME_TOTAL:1.056295
TIME_CONNECT:0.270095
SIZE_DOWNLOAD:1305
TIMESTAMP:2025-07-03 11:49:00 UTC
TRIGGER:schedule
