---METADATA---
HTTP_STATUS:200
TIME_TOTAL:0.984907
TIME_CONNECT:0.219424
SIZE_DOWNLOAD:1130
TIMESTAMP:2025-07-03 05:45:00 UTC
TRIGGER:schedule
