---METADATA---
HTTP_STATUS:200
TIME_TOTAL:3.407317
TIME_CONNECT:0.223010
SIZE_DOWNLOAD:1309
TIMESTAMP:2025-07-03 09:46:21 UTC
TRIGGER:schedule
