---METADATA---
HTTP_STATUS:200
TIME_TOTAL:3.396121
TIME_CONNECT:0.272001
SIZE_DOWNLOAD:1294
TIMESTAMP:2025-07-03 14:37:05 UTC
TRIGGER:schedule
