---METADATA---
HTTP_STATUS:200
TIME_TOTAL:3.585382
TIME_CONNECT:0.274984
SIZE_DOWNLOAD:1294
TIMESTAMP:2025-07-03 23:25:43 UTC
TRIGGER:schedule
