---METADATA---
HTTP_STATUS:200
TIME_TOTAL:3.354908
TIME_CONNECT:0.277666
SIZE_DOWNLOAD:1294
TIMESTAMP:2025-07-03 15:41:04 UTC
TRIGGER:schedule
