---METADATA---
HTTP_STATUS:200
TIME_TOTAL:3.475677
TIME_CONNECT:0.299793
SIZE_DOWNLOAD:1294
TIMESTAMP:2025-07-03 04:50:14 UTC
TRIGGER:schedule
