---METADATA---
HTTP_STATUS:200
TIME_TOTAL:3.206487
TIME_CONNECT:0.248311
SIZE_DOWNLOAD:1294
TIMESTAMP:2025-07-03 18:19:34 UTC
TRIGGER:schedule
