---METADATA---
HTTP_STATUS:200
TIME_TOTAL:3.864229
TIME_CONNECT:0.259903
SIZE_DOWNLOAD:1305
TIMESTAMP:2025-07-03 11:20:06 UTC
TRIGGER:schedule
