---METADATA---
HTTP_STATUS:200
TIME_TOTAL:3.698898
TIME_CONNECT:0.285985
SIZE_DOWNLOAD:1307
TIMESTAMP:2025-07-03 07:43:27 UTC
TRIGGER:schedule
