---METADATA---
HTTP_STATUS:200
TIME_TOTAL:3.343464
TIME_CONNECT:0.291890
SIZE_DOWNLOAD:1294
TIMESTAMP:2025-07-03 07:14:48 UTC
TRIGGER:schedule
