---METADATA---
HTTP_STATUS:200
TIME_TOTAL:3.412814
TIME_CONNECT:0.286336
SIZE_DOWNLOAD:1305
TIMESTAMP:2025-07-03 11:36:26 UTC
TRIGGER:schedule
