---METADATA---
HTTP_STATUS:200
TIME_TOTAL:3.518383
TIME_CONNECT:0.271774
SIZE_DOWNLOAD:1294
TIMESTAMP:2025-07-03 14:58:00 UTC
TRIGGER:schedule
