---METADATA---
HTTP_STATUS:200
TIME_TOTAL:3.635765
TIME_CONNECT:0.299507
SIZE_DOWNLOAD:1294
TIMESTAMP:2025-07-03 14:46:12 UTC
TRIGGER:schedule
