---METADATA---
HTTP_STATUS:200
TIME_TOTAL:3.374726
TIME_CONNECT:0.269943
SIZE_DOWNLOAD:1294
TIMESTAMP:2025-07-03 20:58:55 UTC
TRIGGER:schedule
