---METADATA---
HTTP_STATUS:200
TIME_TOTAL:3.525381
TIME_CONNECT:0.277601
SIZE_DOWNLOAD:1294
TIMESTAMP:2025-07-03 18:48:02 UTC
TRIGGER:schedule
