---METADATA---
HTTP_STATUS:200
TIME_TOTAL:3.824918
TIME_CONNECT:0.391045
SIZE_DOWNLOAD:1298
TIMESTAMP:2025-07-03 07:57:04 UTC
TRIGGER:schedule
