---METADATA---
HTTP_STATUS:200
TIME_TOTAL:3.617893
TIME_CONNECT:0.208161
SIZE_DOWNLOAD:1305
TIMESTAMP:2025-07-03 10:44:59 UTC
TRIGGER:schedule
