---METADATA---
HTTP_STATUS:200
TIME_TOTAL:3.303760
TIME_CONNECT:0.230082
SIZE_DOWNLOAD:1309
TIMESTAMP:2025-07-03 09:52:29 UTC
TRIGGER:schedule
