---METADATA---
HTTP_STATUS:200
TIME_TOTAL:3.376205
TIME_CONNECT:0.284696
SIZE_DOWNLOAD:1296
TIMESTAMP:2025-07-03 02:11:02 UTC
TRIGGER:schedule
