---METADATA---
HTTP_STATUS:200
TIME_TOTAL:3.563005
TIME_CONNECT:0.213614
SIZE_DOWNLOAD:1309
TIMESTAMP:2025-07-03 05:16:02 UTC
TRIGGER:schedule
