---METADATA---
HTTP_STATUS:200
TIME_TOTAL:3.158158
TIME_CONNECT:0.263896
SIZE_DOWNLOAD:1294
TIMESTAMP:2025-07-03 09:16:14 UTC
TRIGGER:schedule
