---METADATA---
HTTP_STATUS:200
TIME_TOTAL:3.367503
TIME_CONNECT:0.269093
SIZE_DOWNLOAD:1294
TIMESTAMP:2025-07-03 19:18:34 UTC
TRIGGER:schedule
