---METADATA---
HTTP_STATUS:200
TIME_TOTAL:3.664761
TIME_CONNECT:0.275504
SIZE_DOWNLOAD:1294
TIMESTAMP:2025-07-03 05:42:49 UTC
TRIGGER:schedule
