---METADATA---
HTTP_STATUS:200
TIME_TOTAL:3.470204
TIME_CONNECT:0.284736
SIZE_DOWNLOAD:1294
TIMESTAMP:2025-07-03 17:50:04 UTC
TRIGGER:schedule
