---METADATA---
HTTP_STATUS:200
TIME_TOTAL:3.388722
TIME_CONNECT:0.273884
SIZE_DOWNLOAD:1296
TIMESTAMP:2025-07-03 08:35:24 UTC
TRIGGER:schedule
