---METADATA---
HTTP_STATUS:200
TIME_TOTAL:3.510969
TIME_CONNECT:0.243332
SIZE_DOWNLOAD:1294
TIMESTAMP:2025-07-03 16:35:13 UTC
TRIGGER:schedule
