---METADATA---
HTTP_STATUS:200
TIME_TOTAL:3.534330
TIME_CONNECT:0.287597
SIZE_DOWNLOAD:1309
TIMESTAMP:2025-07-03 09:26:17 UTC
TRIGGER:schedule
