---METADATA---
HTTP_STATUS:200
TIME_TOTAL:3.364799
TIME_CONNECT:0.266945
SIZE_DOWNLOAD:1294
TIMESTAMP:2025-07-03 17:14:14 UTC
TRIGGER:schedule
