---METADATA---
HTTP_STATUS:200
TIME_TOTAL:3.318366
TIME_CONNECT:0.262152
SIZE_DOWNLOAD:1294
TIMESTAMP:2025-07-03 20:29:42 UTC
TRIGGER:schedule
