---METADATA---
HTTP_STATUS:200
TIME_TOTAL:3.688979
TIME_CONNECT:0.249581
SIZE_DOWNLOAD:1294
TIMESTAMP:2025-07-03 04:53:47 UTC
TRIGGER:schedule
