---METADATA---
HTTP_STATUS:200
TIME_TOTAL:3.307253
TIME_CONNECT:0.308184
SIZE_DOWNLOAD:1294
TIMESTAMP:2025-07-03 23:43:15 UTC
TRIGGER:schedule
