---METADATA---
HTTP_STATUS:200
TIME_TOTAL:3.329887
TIME_CONNECT:0.277695
SIZE_DOWNLOAD:1294
TIMESTAMP:2025-07-03 20:34:13 UTC
TRIGGER:schedule
