---METADATA---
HTTP_STATUS:200
TIME_TOTAL:3.131108
TIME_CONNECT:0.273325
SIZE_DOWNLOAD:1294
TIMESTAMP:2025-07-03 20:51:35 UTC
TRIGGER:schedule
