---METADATA---
HTTP_STATUS:200
TIME_TOTAL:3.408921
TIME_CONNECT:0.294171
SIZE_DOWNLOAD:1294
TIMESTAMP:2025-07-03 19:25:18 UTC
TRIGGER:schedule
