---METADATA---
HTTP_STATUS:200
TIME_TOTAL:3.597756
TIME_CONNECT:0.301036
SIZE_DOWNLOAD:1294
TIMESTAMP:2025-07-03 15:51:51 UTC
TRIGGER:schedule
