---METADATA---
HTTP_STATUS:200
TIME_TOTAL:3.295981
TIME_CONNECT:0.275403
SIZE_DOWNLOAD:1294
TIMESTAMP:2025-07-03 13:53:51 UTC
TRIGGER:schedule
