---METADATA---
HTTP_STATUS:200
TIME_TOTAL:3.454009
TIME_CONNECT:0.243536
SIZE_DOWNLOAD:1294
TIMESTAMP:2025-07-03 22:45:10 UTC
TRIGGER:schedule
