---METADATA---
HTTP_STATUS:200
TIME_TOTAL:3.459063
TIME_CONNECT:0.313588
SIZE_DOWNLOAD:1294
TIMESTAMP:2025-07-03 06:39:44 UTC
TRIGGER:schedule
