---METADATA---
HTTP_STATUS:200
TIME_TOTAL:3.971467
TIME_CONNECT:0.384664
SIZE_DOWNLOAD:1294
TIMESTAMP:2025-07-03 07:49:06 UTC
TRIGGER:schedule
