---METADATA---
HTTP_STATUS:200
TIME_TOTAL:3.529823
TIME_CONNECT:0.293163
SIZE_DOWNLOAD:1294
TIMESTAMP:2025-07-03 17:57:03 UTC
TRIGGER:schedule
