---METADATA---
HTTP_STATUS:200
TIME_TOTAL:3.278489
TIME_CONNECT:0.233080
SIZE_DOWNLOAD:1294
TIMESTAMP:2025-07-03 15:59:28 UTC
TRIGGER:schedule
