---METADATA---
HTTP_STATUS:200
TIME_TOTAL:3.369342
TIME_CONNECT:0.224230
SIZE_DOWNLOAD:1294
TIMESTAMP:2025-07-03 13:37:23 UTC
TRIGGER:schedule
