---METADATA---
HTTP_STATUS:200
TIME_TOTAL:3.326674
TIME_CONNECT:0.308774
SIZE_DOWNLOAD:1294
TIMESTAMP:2025-07-03 21:25:48 UTC
TRIGGER:schedule
