---METADATA---
HTTP_STATUS:200
TIME_TOTAL:3.673252
TIME_CONNECT:0.281324
SIZE_DOWNLOAD:1309
TIMESTAMP:2025-07-03 09:42:47 UTC
TRIGGER:schedule
