---METADATA---
HTTP_STATUS:200
TIME_TOTAL:3.249450
TIME_CONNECT:0.283969
SIZE_DOWNLOAD:1296
TIMESTAMP:2025-07-03 04:17:35 UTC
TRIGGER:schedule
