---METADATA---
HTTP_STATUS:200
TIME_TOTAL:3.584269
TIME_CONNECT:0.291144
SIZE_DOWNLOAD:1292
TIMESTAMP:2025-07-03 06:58:40 UTC
TRIGGER:schedule
