---METADATA---
HTTP_STATUS:200
TIME_TOTAL:3.382433
TIME_CONNECT:0.241075
SIZE_DOWNLOAD:1294
TIMESTAMP:2025-07-03 14:14:06 UTC
TRIGGER:schedule
