---METADATA---
HTTP_STATUS:200
TIME_TOTAL:3.302982
TIME_CONNECT:0.224897
SIZE_DOWNLOAD:1294
TIMESTAMP:2025-07-03 17:34:35 UTC
TRIGGER:schedule
