---METADATA---
HTTP_STATUS:200
TIME_TOTAL:3.435740
TIME_CONNECT:0.238462
SIZE_DOWNLOAD:1309
TIMESTAMP:2025-07-03 09:58:19 UTC
TRIGGER:schedule
