---METADATA---
HTTP_STATUS:200
TIME_TOTAL:3.646149
TIME_CONNECT:0.264951
SIZE_DOWNLOAD:1305
TIMESTAMP:2025-07-03 12:00:19 UTC
TRIGGER:schedule
