---METADATA---
HTTP_STATUS:200
TIME_TOTAL:3.620027
TIME_CONNECT:0.277118
SIZE_DOWNLOAD:1294
TIMESTAMP:2025-07-03 19:46:59 UTC
TRIGGER:schedule
