---METADATA---
HTTP_STATUS:200
TIME_TOTAL:3.451030
TIME_CONNECT:0.280975
SIZE_DOWNLOAD:1298
TIMESTAMP:2025-07-03 07:27:41 UTC
TRIGGER:schedule
