---METADATA---
HTTP_STATUS:200
TIME_TOTAL:1.134890
TIME_CONNECT:0.272423
SIZE_DOWNLOAD:1305
TIMESTAMP:2025-07-03 11:40:56 UTC
TRIGGER:schedule
