---METADATA---
HTTP_STATUS:200
TIME_TOTAL:3.515941
TIME_CONNECT:0.244813
SIZE_DOWNLOAD:1292
TIMESTAMP:2025-07-03 10:15:59 UTC
TRIGGER:schedule
