---METADATA---
HTTP_STATUS:200
TIME_TOTAL:3.488036
TIME_CONNECT:0.286552
SIZE_DOWNLOAD:1294
TIMESTAMP:2025-07-03 23:57:07 UTC
TRIGGER:schedule
