---METADATA---
HTTP_STATUS:200
TIME_TOTAL:3.442104
TIME_CONNECT:0.244141
SIZE_DOWNLOAD:1305
TIMESTAMP:2025-07-03 11:12:46 UTC
TRIGGER:schedule
