---METADATA---
HTTP_STATUS:200
TIME_TOTAL:3.511068
TIME_CONNECT:0.286107
SIZE_DOWNLOAD:1294
TIMESTAMP:2025-07-03 14:22:59 UTC
TRIGGER:schedule
