---METADATA---
HTTP_STATUS:200
TIME_TOTAL:3.235662
TIME_CONNECT:0.271418
SIZE_DOWNLOAD:1294
TIMESTAMP:2025-07-03 15:15:15 UTC
TRIGGER:schedule
