---METADATA---
HTTP_STATUS:200
TIME_TOTAL:3.350464
TIME_CONNECT:0.295389
SIZE_DOWNLOAD:1305
TIMESTAMP:2025-07-03 10:54:58 UTC
TRIGGER:schedule
