---METADATA---
HTTP_STATUS:200
TIME_TOTAL:1.051372
TIME_CONNECT:0.278903
SIZE_DOWNLOAD:1294
TIMESTAMP:2025-07-03 19:35:16 UTC
TRIGGER:schedule
