---METADATA---
HTTP_STATUS:200
TIME_TOTAL:3.536659
TIME_CONNECT:0.266423
SIZE_DOWNLOAD:1294
TIMESTAMP:2025-07-03 16:17:48 UTC
TRIGGER:schedule
