---METADATA---
HTTP_STATUS:200
TIME_TOTAL:3.639147
TIME_CONNECT:0.256318
SIZE_DOWNLOAD:1296
TIMESTAMP:2025-07-03 02:57:49 UTC
TRIGGER:schedule
