---METADATA---
HTTP_STATUS:200
TIME_TOTAL:3.552132
TIME_CONNECT:0.314590
SIZE_DOWNLOAD:1296
TIMESTAMP:2025-07-03 03:53:00 UTC
TRIGGER:schedule
