---METADATA---
HTTP_STATUS:200
TIME_TOTAL:1.129261
TIME_CONNECT:0.238100
SIZE_DOWNLOAD:1294
TIMESTAMP:2025-07-03 19:30:43 UTC
TRIGGER:schedule
