---METADATA---
HTTP_STATUS:200
TIME_TOTAL:3.618130
TIME_CONNECT:0.250600
SIZE_DOWNLOAD:1305
TIMESTAMP:2025-07-03 10:52:43 UTC
TRIGGER:schedule
