---METADATA---
HTTP_STATUS:200
TIME_TOTAL:3.294173
TIME_CONNECT:0.255879
SIZE_DOWNLOAD:1292
TIMESTAMP:2025-07-03 01:10:08 UTC
TRIGGER:schedule
