---METADATA---
HTTP_STATUS:200
TIME_TOTAL:3.165778
TIME_CONNECT:0.273830
SIZE_DOWNLOAD:1307
TIMESTAMP:2025-07-03 10:31:33 UTC
TRIGGER:schedule
