---METADATA---
HTTP_STATUS:200
TIME_TOTAL:3.234371
TIME_CONNECT:0.295272
SIZE_DOWNLOAD:1294
TIMESTAMP:2025-07-03 22:34:23 UTC
TRIGGER:schedule
