---METADATA---
HTTP_STATUS:200
TIME_TOTAL:3.446644
TIME_CONNECT:0.258762
SIZE_DOWNLOAD:1294
TIMESTAMP:2025-07-03 21:48:16 UTC
TRIGGER:schedule
