---METADATA---
HTTP_STATUS:200
TIME_TOTAL:3.607309
TIME_CONNECT:0.273320
SIZE_DOWNLOAD:1294
TIMESTAMP:2025-07-03 13:06:50 UTC
TRIGGER:schedule
