---METADATA---
HTTP_STATUS:200
TIME_TOTAL:3.285566
TIME_CONNECT:0.232561
SIZE_DOWNLOAD:1294
TIMESTAMP:2025-07-03 20:47:01 UTC
TRIGGER:schedule
