---METADATA---
HTTP_STATUS:200
TIME_TOTAL:3.589271
TIME_CONNECT:0.274048
SIZE_DOWNLOAD:1305
TIMESTAMP:2025-07-03 12:57:50 UTC
TRIGGER:schedule
