---METADATA---
HTTP_STATUS:200
TIME_TOTAL:3.554456
TIME_CONNECT:0.231617
SIZE_DOWNLOAD:1294
TIMESTAMP:2025-07-03 15:47:24 UTC
TRIGGER:schedule
