---METADATA---
HTTP_STATUS:200
TIME_TOTAL:3.273065
TIME_CONNECT:0.288130
SIZE_DOWNLOAD:1294
TIMESTAMP:2025-07-03 22:13:28 UTC
TRIGGER:schedule
