---METADATA---
HTTP_STATUS:200
TIME_TOTAL:1.047558
TIME_CONNECT:0.259016
SIZE_DOWNLOAD:1294
TIMESTAMP:2025-07-03 13:54:16 UTC
TRIGGER:schedule
