---METADATA---
HTTP_STATUS:200
TIME_TOTAL:3.253297
TIME_CONNECT:0.265046
SIZE_DOWNLOAD:1294
TIMESTAMP:2025-07-03 22:25:57 UTC
TRIGGER:schedule
