---METADATA---
HTTP_STATUS:200
TIME_TOTAL:3.530896
TIME_CONNECT:0.210167
SIZE_DOWNLOAD:1298
TIMESTAMP:2025-07-03 04:26:40 UTC
TRIGGER:schedule
