---METADATA---
HTTP_STATUS:200
TIME_TOTAL:3.593289
TIME_CONNECT:0.321900
SIZE_DOWNLOAD:1130
TIMESTAMP:2025-07-03 05:55:03 UTC
TRIGGER:schedule
