---METADATA---
HTTP_STATUS:200
TIME_TOTAL:3.516605
TIME_CONNECT:0.268227
SIZE_DOWNLOAD:1294
TIMESTAMP:2025-07-03 16:47:46 UTC
TRIGGER:schedule
