---METADATA---
HTTP_STATUS:200
TIME_TOTAL:3.439063
TIME_CONNECT:0.356308
SIZE_DOWNLOAD:1295
TIMESTAMP:2025-07-03 08:46:54 UTC
TRIGGER:schedule
