---METADATA---
HTTP_STATUS:200
TIME_TOTAL:3.319763
TIME_CONNECT:0.270037
SIZE_DOWNLOAD:1294
TIMESTAMP:2025-07-03 22:50:46 UTC
TRIGGER:schedule
