---METADATA---
HTTP_STATUS:200
TIME_TOTAL:1.179997
TIME_CONNECT:0.285686
SIZE_DOWNLOAD:1296
TIMESTAMP:2025-07-03 13:42:12 UTC
TRIGGER:schedule
