---METADATA---
HTTP_STATUS:200
TIME_TOTAL:3.313732
TIME_CONNECT:0.300051
SIZE_DOWNLOAD:1130
TIMESTAMP:2025-07-03 05:57:00 UTC
TRIGGER:schedule
