---METADATA---
HTTP_STATUS:200
TIME_TOTAL:1.170907
TIME_CONNECT:0.269199
SIZE_DOWNLOAD:1294
TIMESTAMP:2025-07-03 07:32:16 UTC
TRIGGER:schedule
