---METADATA---
HTTP_STATUS:200
TIME_TOTAL:3.650934
TIME_CONNECT:0.385430
SIZE_DOWNLOAD:1130
TIMESTAMP:2025-07-03 06:21:45 UTC
TRIGGER:schedule
