---METADATA---
HTTP_STATUS:200
TIME_TOTAL:3.484980
TIME_CONNECT:0.286775
SIZE_DOWNLOAD:1294
TIMESTAMP:2025-07-03 21:30:09 UTC
TRIGGER:schedule
