---METADATA---
HTTP_STATUS:200
TIME_TOTAL:3.301283
TIME_CONNECT:0.333968
SIZE_DOWNLOAD:1294
TIMESTAMP:2025-07-03 21:56:45 UTC
TRIGGER:schedule
