---METADATA---
HTTP_STATUS:200
TIME_TOTAL:3.535676
TIME_CONNECT:0.235023
SIZE_DOWNLOAD:1305
TIMESTAMP:2025-07-03 12:28:49 UTC
TRIGGER:schedule
