---METADATA---
HTTP_STATUS:200
TIME_TOTAL:3.329592
TIME_CONNECT:0.272065
SIZE_DOWNLOAD:1296
TIMESTAMP:2025-07-03 08:55:21 UTC
TRIGGER:schedule
