---METADATA---
HTTP_STATUS:200
TIME_TOTAL:3.401799
TIME_CONNECT:0.236146
SIZE_DOWNLOAD:1294
TIMESTAMP:2025-07-03 23:13:34 UTC
TRIGGER:schedule
