---METADATA---
HTTP_STATUS:200
TIME_TOTAL:3.228021
TIME_CONNECT:0.286623
SIZE_DOWNLOAD:1294
TIMESTAMP:2025-07-03 21:12:47 UTC
TRIGGER:schedule
