---METADATA---
HTTP_STATUS:200
TIME_TOTAL:3.485722
TIME_CONNECT:0.239201
SIZE_DOWNLOAD:1294
TIMESTAMP:2025-07-03 17:44:12 UTC
TRIGGER:schedule
