---METADATA---
HTTP_STATUS:200
TIME_TOTAL:3.218092
TIME_CONNECT:0.249684
SIZE_DOWNLOAD:1294
TIMESTAMP:2025-07-03 16:55:58 UTC
TRIGGER:schedule
