---METADATA---
HTTP_STATUS:200
TIME_TOTAL:3.423892
TIME_CONNECT:0.341805
SIZE_DOWNLOAD:1294
TIMESTAMP:2025-07-03 22:57:02 UTC
TRIGGER:schedule
