---METADATA---
HTTP_STATUS:200
TIME_TOTAL:3.240348
TIME_CONNECT:0.271499
SIZE_DOWNLOAD:1294
TIMESTAMP:2025-07-03 20:14:48 UTC
TRIGGER:schedule
