---METADATA---
HTTP_STATUS:200
TIME_TOTAL:3.274668
TIME_CONNECT:0.237692
SIZE_DOWNLOAD:1309
TIMESTAMP:2025-07-03 06:50:56 UTC
TRIGGER:schedule
