---METADATA---
HTTP_STATUS:200
TIME_TOTAL:3.674055
TIME_CONNECT:0.283137
SIZE_DOWNLOAD:1298
TIMESTAMP:2025-07-03 08:19:17 UTC
TRIGGER:schedule
