---METADATA---
HTTP_STATUS:200
TIME_TOTAL:3.608261
TIME_CONNECT:0.286917
SIZE_DOWNLOAD:1294
TIMESTAMP:2025-07-03 23:30:47 UTC
TRIGGER:schedule
