---METADATA---
HTTP_STATUS:200
TIME_TOTAL:3.419387
TIME_CONNECT:0.290866
SIZE_DOWNLOAD:1294
TIMESTAMP:2025-07-03 19:11:14 UTC
TRIGGER:schedule
