---METADATA---
HTTP_STATUS:200
TIME_TOTAL:3.414316
TIME_CONNECT:0.236312
SIZE_DOWNLOAD:1305
TIMESTAMP:2025-07-03 11:48:20 UTC
TRIGGER:schedule
