---METADATA---
HTTP_STATUS:200
TIME_TOTAL:3.546748
TIME_CONNECT:0.277138
SIZE_DOWNLOAD:1294
TIMESTAMP:2025-07-03 15:29:34 UTC
TRIGGER:schedule
