---METADATA---
HTTP_STATUS:200
TIME_TOTAL:3.274164
TIME_CONNECT:0.278420
SIZE_DOWNLOAD:1294
TIMESTAMP:2025-07-03 23:49:22 UTC
TRIGGER:schedule
