---METADATA---
HTTP_STATUS:200
TIME_TOTAL:3.300213
TIME_CONNECT:0.241604
SIZE_DOWNLOAD:1309
TIMESTAMP:2025-07-03 05:18:22 UTC
TRIGGER:schedule
