---METADATA---
HTTP_STATUS:200
TIME_TOTAL:3.385979
TIME_CONNECT:0.306243
SIZE_DOWNLOAD:1296
TIMESTAMP:2025-07-03 03:35:14 UTC
TRIGGER:schedule
