---METADATA---
HTTP_STATUS:200
TIME_TOTAL:3.549588
TIME_CONNECT:0.286341
SIZE_DOWNLOAD:1305
TIMESTAMP:2025-07-03 11:28:47 UTC
TRIGGER:schedule
