---METADATA---
HTTP_STATUS:200
TIME_TOTAL:3.336633
TIME_CONNECT:0.324458
SIZE_DOWNLOAD:1294
TIMESTAMP:2025-07-03 21:42:02 UTC
TRIGGER:schedule
