---METADATA---
HTTP_STATUS:200
TIME_TOTAL:3.402536
TIME_CONNECT:0.323608
SIZE_DOWNLOAD:1294
TIMESTAMP:2025-07-03 19:48:13 UTC
TRIGGER:schedule
