---METADATA---
HTTP_STATUS:200
TIME_TOTAL:3.305537
TIME_CONNECT:0.277351
SIZE_DOWNLOAD:1294
TIMESTAMP:2025-07-03 19:58:42 UTC
TRIGGER:schedule
