---METADATA---
HTTP_STATUS:200
TIME_TOTAL:3.388475
TIME_CONNECT:0.236452
SIZE_DOWNLOAD:1307
TIMESTAMP:2025-06-07 03:53:11 UTC
TRIGGER:schedule
