---METADATA---
HTTP_STATUS:200
TIME_TOTAL:3.625628
TIME_CONNECT:0.336378
SIZE_DOWNLOAD:1294
TIMESTAMP:2025-06-07 09:40:47 UTC
TRIGGER:schedule
