---METADATA---
HTTP_STATUS:200
TIME_TOTAL:3.427781
TIME_CONNECT:0.301063
SIZE_DOWNLOAD:1302
TIMESTAMP:2025-06-07 19:57:01 UTC
TRIGGER:schedule
