---METADATA---
HTTP_STATUS:200
TIME_TOTAL:3.427281
TIME_CONNECT:0.265492
SIZE_DOWNLOAD:1290
TIMESTAMP:2025-06-07 11:39:38 UTC
TRIGGER:schedule
