---METADATA---
HTTP_STATUS:200
TIME_TOTAL:3.150181
TIME_CONNECT:0.283050
SIZE_DOWNLOAD:1296
TIMESTAMP:2025-06-07 05:32:47 UTC
TRIGGER:schedule
