---METADATA---
HTTP_STATUS:200
TIME_TOTAL:3.392723
TIME_CONNECT:0.233871
SIZE_DOWNLOAD:1305
TIMESTAMP:2025-06-07 10:50:54 UTC
TRIGGER:schedule
