---METADATA---
HTTP_STATUS:200
TIME_TOTAL:3.340769
TIME_CONNECT:0.296677
SIZE_DOWNLOAD:1292
TIMESTAMP:2025-06-07 05:56:49 UTC
TRIGGER:schedule
