---METADATA---
HTTP_STATUS:200
TIME_TOTAL:3.223603
TIME_CONNECT:0.244611
SIZE_DOWNLOAD:1302
TIMESTAMP:2025-06-07 21:23:10 UTC
TRIGGER:schedule
