---METADATA---
HTTP_STATUS:200
TIME_TOTAL:3.552787
TIME_CONNECT:0.247180
SIZE_DOWNLOAD:1294
TIMESTAMP:2025-06-07 04:27:34 UTC
TRIGGER:schedule
