---METADATA---
HTTP_STATUS:200
TIME_TOTAL:1.024657
TIME_CONNECT:0.315031
SIZE_DOWNLOAD:1296
TIMESTAMP:2025-06-07 07:38:55 UTC
TRIGGER:schedule
