---METADATA---
HTTP_STATUS:200
TIME_TOTAL:3.348487
TIME_CONNECT:0.286800
SIZE_DOWNLOAD:1294
TIMESTAMP:2025-06-07 08:27:06 UTC
TRIGGER:schedule
