---METADATA---
HTTP_STATUS:200
TIME_TOTAL:3.556189
TIME_CONNECT:0.256358
SIZE_DOWNLOAD:1302
TIMESTAMP:2025-06-07 14:31:03 UTC
TRIGGER:schedule
