---METADATA---
HTTP_STATUS:200
TIME_TOTAL:3.346038
TIME_CONNECT:0.283590
SIZE_DOWNLOAD:1290
TIMESTAMP:2025-06-07 11:51:32 UTC
TRIGGER:schedule
