---METADATA---
HTTP_STATUS:200
TIME_TOTAL:3.494234
TIME_CONNECT:0.233449
SIZE_DOWNLOAD:1302
TIMESTAMP:2025-06-07 17:41:07 UTC
TRIGGER:schedule
