---METADATA---
HTTP_STATUS:200
TIME_TOTAL:3.298591
TIME_CONNECT:0.228803
SIZE_DOWNLOAD:1302
TIMESTAMP:2025-06-07 23:48:23 UTC
TRIGGER:schedule
