---METADATA---
HTTP_STATUS:200
TIME_TOTAL:3.590967
TIME_CONNECT:0.231043
SIZE_DOWNLOAD:1302
TIMESTAMP:2025-06-07 14:11:46 UTC
TRIGGER:schedule
