---METADATA---
HTTP_STATUS:200
TIME_TOTAL:3.578325
TIME_CONNECT:0.244433
SIZE_DOWNLOAD:1302
TIMESTAMP:2025-06-07 17:49:22 UTC
TRIGGER:schedule
