---METADATA---
HTTP_STATUS:200
TIME_TOTAL:0.953966
TIME_CONNECT:0.219607
SIZE_DOWNLOAD:1294
TIMESTAMP:2025-06-07 09:40:59 UTC
TRIGGER:schedule
