---METADATA---
HTTP_STATUS:200
TIME_TOTAL:3.522168
TIME_CONNECT:0.289287
SIZE_DOWNLOAD:1302
TIMESTAMP:2025-06-07 19:16:59 UTC
TRIGGER:schedule
