---METADATA---
HTTP_STATUS:200
TIME_TOTAL:3.572318
TIME_CONNECT:0.250818
SIZE_DOWNLOAD:1290
TIMESTAMP:2025-06-07 13:00:37 UTC
TRIGGER:schedule
