---METADATA---
HTTP_STATUS:200
TIME_TOTAL:3.469332
TIME_CONNECT:0.243891
SIZE_DOWNLOAD:1302
TIMESTAMP:2025-06-07 16:15:26 UTC
TRIGGER:schedule
