---METADATA---
HTTP_STATUS:200
TIME_TOTAL:3.473705
TIME_CONNECT:0.216478
SIZE_DOWNLOAD:1307
TIMESTAMP:2025-06-07 07:12:31 UTC
TRIGGER:schedule
