---METADATA---
HTTP_STATUS:200
TIME_TOTAL:3.583348
TIME_CONNECT:0.274468
SIZE_DOWNLOAD:1307
TIMESTAMP:2025-06-07 06:34:51 UTC
TRIGGER:schedule
