---METADATA---
HTTP_STATUS:200
TIME_TOTAL:3.475700
TIME_CONNECT:0.278206
SIZE_DOWNLOAD:1307
TIMESTAMP:2025-06-07 02:06:30 UTC
TRIGGER:schedule
