---METADATA---
HTTP_STATUS:200
TIME_TOTAL:3.431772
TIME_CONNECT:0.241707
SIZE_DOWNLOAD:1293
TIMESTAMP:2025-06-07 08:42:08 UTC
TRIGGER:schedule
