---METADATA---
HTTP_STATUS:200
TIME_TOTAL:3.234778
TIME_CONNECT:0.219372
SIZE_DOWNLOAD:1302
TIMESTAMP:2025-06-07 16:44:40 UTC
TRIGGER:schedule
