---METADATA---
HTTP_STATUS:200
TIME_TOTAL:3.074734
TIME_CONNECT:0.214892
SIZE_DOWNLOAD:1302
TIMESTAMP:2025-06-07 20:26:33 UTC
TRIGGER:schedule
