---METADATA---
HTTP_STATUS:200
TIME_TOTAL:3.682473
TIME_CONNECT:0.280356
SIZE_DOWNLOAD:1294
TIMESTAMP:2025-06-07 07:27:41 UTC
TRIGGER:schedule
