---METADATA---
HTTP_STATUS:200
TIME_TOTAL:4.033150
TIME_CONNECT:0.248962
SIZE_DOWNLOAD:1290
TIMESTAMP:2025-06-07 11:35:59 UTC
TRIGGER:schedule
