---METADATA---
HTTP_STATUS:200
TIME_TOTAL:3.162631
TIME_CONNECT:0.248443
SIZE_DOWNLOAD:1302
TIMESTAMP:2025-06-07 17:47:31 UTC
TRIGGER:schedule
