---METADATA---
HTTP_STATUS:200
TIME_TOTAL:3.589852
TIME_CONNECT:0.256698
SIZE_DOWNLOAD:1302
TIMESTAMP:2025-06-07 23:56:57 UTC
TRIGGER:schedule
