---METADATA---
HTTP_STATUS:200
TIME_TOTAL:3.312075
TIME_CONNECT:0.273515
SIZE_DOWNLOAD:1296
TIMESTAMP:2025-06-07 07:37:31 UTC
TRIGGER:schedule
