---METADATA---
HTTP_STATUS:200
TIME_TOTAL:1.488751
TIME_CONNECT:0.597986
SIZE_DOWNLOAD:1305
TIMESTAMP:2025-06-07 13:39:21 UTC
TRIGGER:schedule
