---METADATA---
HTTP_STATUS:200
TIME_TOTAL:3.298553
TIME_CONNECT:0.254527
SIZE_DOWNLOAD:1302
TIMESTAMP:2025-06-07 19:40:49 UTC
TRIGGER:schedule
