---METADATA---
HTTP_STATUS:200
TIME_TOTAL:3.410157
TIME_CONNECT:0.262798
SIZE_DOWNLOAD:1309
TIMESTAMP:2025-06-07 04:46:45 UTC
TRIGGER:schedule
