---METADATA---
HTTP_STATUS:200
TIME_TOTAL:3.384599
TIME_CONNECT:0.294034
SIZE_DOWNLOAD:1302
TIMESTAMP:2025-06-07 14:48:10 UTC
TRIGGER:schedule
