---METADATA---
HTTP_STATUS:200
TIME_TOTAL:4.079216
TIME_CONNECT:0.787652
SIZE_DOWNLOAD:1302
TIMESTAMP:2025-06-07 17:29:42 UTC
TRIGGER:schedule
