---METADATA---
HTTP_STATUS:200
TIME_TOTAL:3.216403
TIME_CONNECT:0.245902
SIZE_DOWNLOAD:1302
TIMESTAMP:2025-06-07 20:14:00 UTC
TRIGGER:schedule
