---METADATA---
HTTP_STATUS:200
TIME_TOTAL:3.344335
TIME_CONNECT:0.298641
SIZE_DOWNLOAD:1302
TIMESTAMP:2025-06-07 23:25:54 UTC
TRIGGER:schedule
