---METADATA---
HTTP_STATUS:200
TIME_TOTAL:3.351816
TIME_CONNECT:0.260230
SIZE_DOWNLOAD:1302
TIMESTAMP:2025-06-07 19:10:14 UTC
TRIGGER:schedule
