---METADATA---
HTTP_STATUS:200
TIME_TOTAL:3.269349
TIME_CONNECT:0.292567
SIZE_DOWNLOAD:1296
TIMESTAMP:2025-06-07 07:50:51 UTC
TRIGGER:schedule
