---METADATA---
HTTP_STATUS:200
TIME_TOTAL:3.411122
TIME_CONNECT:0.230852
SIZE_DOWNLOAD:1305
TIMESTAMP:2025-06-07 10:46:16 UTC
TRIGGER:schedule
