---METADATA---
HTTP_STATUS:200
TIME_TOTAL:3.612861
TIME_CONNECT:0.238704
SIZE_DOWNLOAD:1318
TIMESTAMP:2025-06-07 08:46:30 UTC
TRIGGER:schedule
