---METADATA---
HTTP_STATUS:200
TIME_TOTAL:3.622057
TIME_CONNECT:0.285429
SIZE_DOWNLOAD:1302
TIMESTAMP:2025-06-07 16:31:59 UTC
TRIGGER:schedule
