---METADATA---
HTTP_STATUS:200
TIME_TOTAL:3.473603
TIME_CONNECT:0.250830
SIZE_DOWNLOAD:1294
TIMESTAMP:2025-06-07 08:52:33 UTC
TRIGGER:schedule
