---METADATA---
HTTP_STATUS:200
TIME_TOTAL:3.350736
TIME_CONNECT:0.240507
SIZE_DOWNLOAD:1302
TIMESTAMP:2025-06-07 20:57:02 UTC
TRIGGER:schedule
