---METADATA---
HTTP_STATUS:200
TIME_TOTAL:3.544159
TIME_CONNECT:0.253739
SIZE_DOWNLOAD:1309
TIMESTAMP:2025-06-07 09:25:41 UTC
TRIGGER:schedule
