---METADATA---
HTTP_STATUS:200
TIME_TOTAL:3.616137
TIME_CONNECT:0.238283
SIZE_DOWNLOAD:1302
TIMESTAMP:2025-06-07 23:14:02 UTC
TRIGGER:schedule
