---METADATA---
HTTP_STATUS:200
TIME_TOTAL:3.373528
TIME_CONNECT:0.270390
SIZE_DOWNLOAD:1302
TIMESTAMP:2025-06-07 22:12:16 UTC
TRIGGER:schedule
