---METADATA---
HTTP_STATUS:200
TIME_TOTAL:3.379780
TIME_CONNECT:0.286090
SIZE_DOWNLOAD:1305
TIMESTAMP:2025-06-07 13:15:49 UTC
TRIGGER:schedule
