---METADATA---
HTTP_STATUS:200
TIME_TOTAL:3.268866
TIME_CONNECT:0.244209
SIZE_DOWNLOAD:1302
TIMESTAMP:2025-06-07 20:31:41 UTC
TRIGGER:schedule
