---METADATA---
HTTP_STATUS:200
TIME_TOTAL:3.324420
TIME_CONNECT:0.239350
SIZE_DOWNLOAD:1302
TIMESTAMP:2025-06-07 19:48:11 UTC
TRIGGER:schedule
