---METADATA---
HTTP_STATUS:200
TIME_TOTAL:3.341706
TIME_CONNECT:0.237892
SIZE_DOWNLOAD:1296
TIMESTAMP:2025-06-07 07:48:20 UTC
TRIGGER:schedule
