---METADATA---
HTTP_STATUS:200
TIME_TOTAL:3.585666
TIME_CONNECT:0.294382
SIZE_DOWNLOAD:1294
TIMESTAMP:2025-06-07 06:18:26 UTC
TRIGGER:schedule
