---METADATA---
HTTP_STATUS:200
TIME_TOTAL:3.434459
TIME_CONNECT:0.271891
SIZE_DOWNLOAD:1302
TIMESTAMP:2025-06-07 14:49:34 UTC
TRIGGER:schedule
