---METADATA---
HTTP_STATUS:200
TIME_TOTAL:1.102695
TIME_CONNECT:0.271013
SIZE_DOWNLOAD:1302
TIMESTAMP:2025-06-07 19:28:42 UTC
TRIGGER:schedule
