---METADATA---
HTTP_STATUS:200
TIME_TOTAL:3.348337
TIME_CONNECT:0.294039
SIZE_DOWNLOAD:1302
TIMESTAMP:2025-06-07 18:54:05 UTC
TRIGGER:schedule
