---METADATA---
HTTP_STATUS:200
TIME_TOTAL:3.597258
TIME_CONNECT:0.272177
SIZE_DOWNLOAD:1307
TIMESTAMP:2025-06-07 03:18:35 UTC
TRIGGER:schedule
