---METADATA---
HTTP_STATUS:200
TIME_TOTAL:3.562087
TIME_CONNECT:0.311402
SIZE_DOWNLOAD:1302
TIMESTAMP:2025-06-07 15:59:25 UTC
TRIGGER:schedule
