---METADATA---
HTTP_STATUS:200
TIME_TOTAL:3.502391
TIME_CONNECT:0.300337
SIZE_DOWNLOAD:1302
TIMESTAMP:2025-06-07 14:19:21 UTC
TRIGGER:schedule
