---METADATA---
HTTP_STATUS:200
TIME_TOTAL:3.339462
TIME_CONNECT:0.301487
SIZE_DOWNLOAD:1302
TIMESTAMP:2025-06-07 16:53:33 UTC
TRIGGER:schedule
