---METADATA---
HTTP_STATUS:200
TIME_TOTAL:3.456708
TIME_CONNECT:0.255362
SIZE_DOWNLOAD:1294
TIMESTAMP:2025-06-07 05:27:45 UTC
TRIGGER:schedule
