---METADATA---
HTTP_STATUS:200
TIME_TOTAL:3.442039
TIME_CONNECT:0.320370
SIZE_DOWNLOAD:1302
TIMESTAMP:2025-06-07 19:23:32 UTC
TRIGGER:schedule
