---METADATA---
HTTP_STATUS:200
TIME_TOTAL:1.143528
TIME_CONNECT:0.235202
SIZE_DOWNLOAD:1290
TIMESTAMP:2025-06-07 11:24:31 UTC
TRIGGER:schedule
