---METADATA---
HTTP_STATUS:200
TIME_TOTAL:3.533793
TIME_CONNECT:0.245040
SIZE_DOWNLOAD:1302
TIMESTAMP:2025-06-07 18:51:44 UTC
TRIGGER:schedule
