---METADATA---
HTTP_STATUS:200
TIME_TOTAL:3.388003
TIME_CONNECT:0.285526
SIZE_DOWNLOAD:1294
TIMESTAMP:2025-06-07 06:45:58 UTC
TRIGGER:schedule
