---METADATA---
HTTP_STATUS:200
TIME_TOTAL:3.423848
TIME_CONNECT:0.287358
SIZE_DOWNLOAD:1302
TIMESTAMP:2025-06-07 15:12:46 UTC
TRIGGER:schedule
