---METADATA---
HTTP_STATUS:200
TIME_TOTAL:3.368565
TIME_CONNECT:0.284107
SIZE_DOWNLOAD:1294
TIMESTAMP:2025-06-07 04:59:59 UTC
TRIGGER:schedule
