---METADATA---
HTTP_STATUS:200
TIME_TOTAL:3.666636
TIME_CONNECT:0.320921
SIZE_DOWNLOAD:1302
TIMESTAMP:2025-06-07 17:59:11 UTC
TRIGGER:schedule
