---METADATA---
HTTP_STATUS:200
TIME_TOTAL:3.360962
TIME_CONNECT:0.283532
SIZE_DOWNLOAD:1292
TIMESTAMP:2025-06-07 10:27:14 UTC
TRIGGER:schedule
