---METADATA---
HTTP_STATUS:200
TIME_TOTAL:3.487099
TIME_CONNECT:0.224811
SIZE_DOWNLOAD:1307
TIMESTAMP:2025-06-07 10:36:01 UTC
TRIGGER:schedule
