---METADATA---
HTTP_STATUS:200
TIME_TOTAL:3.324201
TIME_CONNECT:0.251715
SIZE_DOWNLOAD:1302
TIMESTAMP:2025-06-07 21:11:47 UTC
TRIGGER:schedule
