---METADATA---
HTTP_STATUS:200
TIME_TOTAL:3.108729
TIME_CONNECT:0.221518
SIZE_DOWNLOAD:1302
TIMESTAMP:2025-06-07 18:17:27 UTC
TRIGGER:schedule
