---METADATA---
HTTP_STATUS:200
TIME_TOTAL:3.329831
TIME_CONNECT:0.243560
SIZE_DOWNLOAD:1307
TIMESTAMP:2025-06-07 09:13:14 UTC
TRIGGER:schedule
