---METADATA---
HTTP_STATUS:200
TIME_TOTAL:3.275573
TIME_CONNECT:0.271946
SIZE_DOWNLOAD:1302
TIMESTAMP:2025-06-07 23:42:50 UTC
TRIGGER:schedule
