---METADATA---
HTTP_STATUS:200
TIME_TOTAL:3.667424
TIME_CONNECT:0.275186
SIZE_DOWNLOAD:1292
TIMESTAMP:2025-06-07 08:16:23 UTC
TRIGGER:schedule
