---METADATA---
HTTP_STATUS:200
TIME_TOTAL:3.638257
TIME_CONNECT:0.291364
SIZE_DOWNLOAD:1296
TIMESTAMP:2025-06-07 08:58:22 UTC
TRIGGER:schedule
