---METADATA---
HTTP_STATUS:200
TIME_TOTAL:3.524874
TIME_CONNECT:0.239145
SIZE_DOWNLOAD:1302
TIMESTAMP:2025-06-07 21:39:11 UTC
TRIGGER:schedule
