---METADATA---
HTTP_STATUS:200
TIME_TOTAL:0.998673
TIME_CONNECT:0.240256
SIZE_DOWNLOAD:1309
TIMESTAMP:2025-06-07 04:48:09 UTC
TRIGGER:schedule
