---METADATA---
HTTP_STATUS:200
TIME_TOTAL:3.516256
TIME_CONNECT:0.261797
SIZE_DOWNLOAD:1302
TIMESTAMP:2025-06-07 15:09:06 UTC
TRIGGER:schedule
