---METADATA---
HTTP_STATUS:200
TIME_TOTAL:3.616609
TIME_CONNECT:0.261172
SIZE_DOWNLOAD:1307
TIMESTAMP:2025-06-07 10:14:01 UTC
TRIGGER:schedule
