---METADATA---
HTTP_STATUS:200
TIME_TOTAL:1.117050
TIME_CONNECT:0.272951
SIZE_DOWNLOAD:1294
TIMESTAMP:2025-06-07 04:29:06 UTC
TRIGGER:schedule
