---METADATA---
HTTP_STATUS:200
TIME_TOTAL:3.307807
TIME_CONNECT:0.259418
SIZE_DOWNLOAD:1302
TIMESTAMP:2025-06-07 18:35:07 UTC
TRIGGER:schedule
