---METADATA---
HTTP_STATUS:200
TIME_TOTAL:3.191603
TIME_CONNECT:0.278900
SIZE_DOWNLOAD:1304
TIMESTAMP:2025-06-07 09:57:05 UTC
TRIGGER:schedule
