---METADATA---
HTTP_STATUS:200
TIME_TOTAL:0.934032
TIME_CONNECT:0.276439
SIZE_DOWNLOAD:1302
TIMESTAMP:2025-06-07 15:30:41 UTC
TRIGGER:schedule
