---METADATA---
HTTP_STATUS:200
TIME_TOTAL:0.999178
TIME_CONNECT:0.239005
SIZE_DOWNLOAD:1302
TIMESTAMP:2025-06-07 15:48:17 UTC
TRIGGER:schedule
