---METADATA---
HTTP_STATUS:200
TIME_TOTAL:3.288987
TIME_CONNECT:0.240249
SIZE_DOWNLOAD:1302
TIMESTAMP:2025-06-07 17:18:24 UTC
TRIGGER:schedule
