---METADATA---
HTTP_STATUS:200
TIME_TOTAL:3.345686
TIME_CONNECT:0.261262
SIZE_DOWNLOAD:1307
TIMESTAMP:2025-06-07 05:43:42 UTC
TRIGGER:schedule
