---METADATA---
HTTP_STATUS:200
TIME_TOTAL:3.346119
TIME_CONNECT:0.254785
SIZE_DOWNLOAD:1302
TIMESTAMP:2025-06-07 14:37:35 UTC
TRIGGER:schedule
