---METADATA---
HTTP_STATUS:200
TIME_TOTAL:3.294005
TIME_CONNECT:0.259331
SIZE_DOWNLOAD:1290
TIMESTAMP:2025-06-07 11:48:19 UTC
TRIGGER:schedule
