---METADATA---
HTTP_STATUS:200
TIME_TOTAL:3.307470
TIME_CONNECT:0.297388
SIZE_DOWNLOAD:1307
TIMESTAMP:2025-06-07 02:50:08 UTC
TRIGGER:schedule
