---METADATA---
HTTP_STATUS:200
TIME_TOTAL:3.354475
TIME_CONNECT:0.238745
SIZE_DOWNLOAD:1296
TIMESTAMP:2025-06-07 09:49:10 UTC
TRIGGER:schedule
