---METADATA---
HTTP_STATUS:200
TIME_TOTAL:3.323992
TIME_CONNECT:0.238182
SIZE_DOWNLOAD:1302
TIMESTAMP:2025-06-07 21:27:48 UTC
TRIGGER:schedule
