---METADATA---
HTTP_STATUS:200
TIME_TOTAL:3.230967
TIME_CONNECT:0.241062
SIZE_DOWNLOAD:1302
TIMESTAMP:2025-06-07 18:44:41 UTC
TRIGGER:schedule
