---METADATA---
HTTP_STATUS:200
TIME_TOTAL:3.357897
TIME_CONNECT:0.213667
SIZE_DOWNLOAD:1290
TIMESTAMP:2025-06-07 12:24:46 UTC
TRIGGER:schedule
