---METADATA---
HTTP_STATUS:200
TIME_TOTAL:3.320328
TIME_CONNECT:0.244665
SIZE_DOWNLOAD:1290
TIMESTAMP:2025-06-07 12:42:03 UTC
TRIGGER:schedule
