---METADATA---
HTTP_STATUS:200
TIME_TOTAL:3.371037
TIME_CONNECT:0.288108
SIZE_DOWNLOAD:1302
TIMESTAMP:2025-06-07 20:48:15 UTC
TRIGGER:schedule
