---METADATA---
HTTP_STATUS:200
TIME_TOTAL:3.343375
TIME_CONNECT:0.291469
SIZE_DOWNLOAD:1292
TIMESTAMP:2025-06-07 01:07:40 UTC
TRIGGER:schedule
