---METADATA---
HTTP_STATUS:200
TIME_TOTAL:3.399228
TIME_CONNECT:0.240768
SIZE_DOWNLOAD:1302
TIMESTAMP:2025-06-07 17:35:28 UTC
TRIGGER:schedule
