---METADATA---
HTTP_STATUS:200
TIME_TOTAL:3.298540
TIME_CONNECT:0.316507
SIZE_DOWNLOAD:1290
TIMESTAMP:2025-06-07 11:20:28 UTC
TRIGGER:schedule
