---METADATA---
HTTP_STATUS:200
TIME_TOTAL:3.390406
TIME_CONNECT:0.288071
SIZE_DOWNLOAD:1302
TIMESTAMP:2025-06-07 22:48:26 UTC
TRIGGER:schedule
