---METADATA---
HTTP_STATUS:200
TIME_TOTAL:3.370594
TIME_CONNECT:0.277159
SIZE_DOWNLOAD:1302
TIMESTAMP:2025-06-07 19:35:03 UTC
TRIGGER:schedule
