---METADATA---
HTTP_STATUS:200
TIME_TOTAL:1.210987
TIME_CONNECT:0.296589
SIZE_DOWNLOAD:1304
TIMESTAMP:2025-06-07 13:51:37 UTC
TRIGGER:schedule
