---METADATA---
HTTP_STATUS:200
TIME_TOTAL:3.473401
TIME_CONNECT:0.272049
SIZE_DOWNLOAD:1302
TIMESTAMP:2025-06-07 21:51:22 UTC
TRIGGER:schedule
