---METADATA---
HTTP_STATUS:200
TIME_TOTAL:3.530946
TIME_CONNECT:0.280824
SIZE_DOWNLOAD:1294
TIMESTAMP:2025-06-07 07:20:23 UTC
TRIGGER:schedule
