---METADATA---
HTTP_STATUS:200
TIME_TOTAL:3.411599
TIME_CONNECT:0.268979
SIZE_DOWNLOAD:1302
TIMESTAMP:2025-06-07 17:12:10 UTC
TRIGGER:schedule
