---METADATA---
HTTP_STATUS:200
TIME_TOTAL:3.441408
TIME_CONNECT:0.280676
SIZE_DOWNLOAD:1302
TIMESTAMP:2025-06-07 21:48:19 UTC
TRIGGER:schedule
