---METADATA---
HTTP_STATUS:200
TIME_TOTAL:3.213040
TIME_CONNECT:0.236131
SIZE_DOWNLOAD:1302
TIMESTAMP:2025-06-07 21:38:00 UTC
TRIGGER:schedule
