---METADATA---
HTTP_STATUS:200
TIME_TOTAL:3.597045
TIME_CONNECT:0.239149
SIZE_DOWNLOAD:1295
TIMESTAMP:2025-06-07 06:52:30 UTC
TRIGGER:schedule
