---METADATA---
HTTP_STATUS:200
TIME_TOTAL:0.964127
TIME_CONNECT:0.236992
SIZE_DOWNLOAD:1302
TIMESTAMP:2025-06-07 23:30:53 UTC
TRIGGER:schedule
