---METADATA---
HTTP_STATUS:200
TIME_TOTAL:3.503545
TIME_CONNECT:0.291142
SIZE_DOWNLOAD:1307
TIMESTAMP:2025-06-07 03:40:18 UTC
TRIGGER:schedule
