---METADATA---
HTTP_STATUS:200
TIME_TOTAL:3.397660
TIME_CONNECT:0.316552
SIZE_DOWNLOAD:1302
TIMESTAMP:2025-06-07 22:42:39 UTC
TRIGGER:schedule
