---METADATA---
HTTP_STATUS:200
TIME_TOTAL:3.274725
TIME_CONNECT:0.273604
SIZE_DOWNLOAD:1309
TIMESTAMP:2025-06-07 09:29:56 UTC
TRIGGER:schedule
