---METADATA---
HTTP_STATUS:200
TIME_TOTAL:3.344104
TIME_CONNECT:0.284753
SIZE_DOWNLOAD:1302
TIMESTAMP:2025-06-07 15:47:32 UTC
TRIGGER:schedule
