---METADATA---
HTTP_STATUS:200
TIME_TOTAL:3.327582
TIME_CONNECT:0.243425
SIZE_DOWNLOAD:1302
TIMESTAMP:2025-06-07 16:55:47 UTC
TRIGGER:schedule
