---METADATA---
HTTP_STATUS:200
TIME_TOTAL:3.285175
TIME_CONNECT:0.307678
SIZE_DOWNLOAD:1302
TIMESTAMP:2025-06-07 15:30:28 UTC
TRIGGER:schedule
