---METADATA---
HTTP_STATUS:200
TIME_TOTAL:3.125498
TIME_CONNECT:0.277061
SIZE_DOWNLOAD:1302
TIMESTAMP:2025-06-07 22:57:01 UTC
TRIGGER:schedule
