---METADATA---
HTTP_STATUS:200
TIME_TOTAL:3.571578
TIME_CONNECT:0.256848
SIZE_DOWNLOAD:1292
TIMESTAMP:2025-06-07 13:48:09 UTC
TRIGGER:schedule
