---METADATA---
HTTP_STATUS:200
TIME_TOTAL:3.375989
TIME_CONNECT:0.295177
SIZE_DOWNLOAD:1302
TIMESTAMP:2025-06-07 20:42:52 UTC
TRIGGER:schedule
