---METADATA---
HTTP_STATUS:200
TIME_TOTAL:3.185537
TIME_CONNECT:0.277417
SIZE_DOWNLOAD:1307
TIMESTAMP:2025-06-07 03:59:38 UTC
TRIGGER:schedule
