---METADATA---
HTTP_STATUS:200
TIME_TOTAL:3.353479
TIME_CONNECT:0.246736
SIZE_DOWNLOAD:1302
TIMESTAMP:2025-06-07 22:20:51 UTC
TRIGGER:schedule
