---METADATA---
HTTP_STATUS:200
TIME_TOTAL:3.220375
TIME_CONNECT:0.241548
SIZE_DOWNLOAD:1305
TIMESTAMP:2025-06-07 13:34:55 UTC
TRIGGER:schedule
