---METADATA---
HTTP_STATUS:200
TIME_TOTAL:3.586749
TIME_CONNECT:0.317415
SIZE_DOWNLOAD:1302
TIMESTAMP:2025-06-07 22:32:39 UTC
TRIGGER:schedule
