---METADATA---
HTTP_STATUS:200
TIME_TOTAL:3.642298
TIME_CONNECT:0.290727
SIZE_DOWNLOAD:1294
TIMESTAMP:2025-06-07 10:58:20 UTC
TRIGGER:schedule
