---METADATA---
HTTP_STATUS:200
TIME_TOTAL:3.269182
TIME_CONNECT:0.282855
SIZE_DOWNLOAD:1294
TIMESTAMP:2025-06-07 05:13:19 UTC
TRIGGER:schedule
