---METADATA---
HTTP_STATUS:200
TIME_TOTAL:1.209871
TIME_CONNECT:0.302411
SIZE_DOWNLOAD:1309
TIMESTAMP:2025-06-07 05:48:12 UTC
TRIGGER:schedule
