---METADATA---
HTTP_STATUS:200
TIME_TOTAL:3.343885
TIME_CONNECT:0.308731
SIZE_DOWNLOAD:1290
TIMESTAMP:2025-06-07 11:10:37 UTC
TRIGGER:schedule
