---METADATA---
HTTP_STATUS:200
TIME_TOTAL:3.680677
TIME_CONNECT:0.264275
SIZE_DOWNLOAD:1295
TIMESTAMP:2025-07-02 05:44:39 UTC
TRIGGER:schedule
