---METADATA---
HTTP_STATUS:200
TIME_TOTAL:3.230124
TIME_CONNECT:0.284589
SIZE_DOWNLOAD:1130
TIMESTAMP:2025-07-02 19:46:55 UTC
TRIGGER:schedule
