---METADATA---
HTTP_STATUS:200
TIME_TOTAL:3.328985
TIME_CONNECT:0.277468
SIZE_DOWNLOAD:1130
TIMESTAMP:2025-07-02 17:34:09 UTC
TRIGGER:schedule
