---METADATA---
HTTP_STATUS:200
TIME_TOTAL:3.622610
TIME_CONNECT:0.309214
SIZE_DOWNLOAD:1307
TIMESTAMP:2025-07-02 08:48:04 UTC
TRIGGER:schedule
