---METADATA---
HTTP_STATUS:200
TIME_TOTAL:3.328058
TIME_CONNECT:0.244796
SIZE_DOWNLOAD:1307
TIMESTAMP:2025-07-02 11:26:40 UTC
TRIGGER:schedule
