---METADATA---
HTTP_STATUS:200
TIME_TOTAL:3.573596
TIME_CONNECT:0.236494
SIZE_DOWNLOAD:1307
TIMESTAMP:2025-07-02 11:42:27 UTC
TRIGGER:schedule
