---METADATA---
HTTP_STATUS:200
TIME_TOTAL:1.061707
TIME_CONNECT:0.279297
SIZE_DOWNLOAD:1130
TIMESTAMP:2025-07-02 20:33:07 UTC
TRIGGER:schedule
