---METADATA---
HTTP_STATUS:200
TIME_TOTAL:3.474336
TIME_CONNECT:0.241803
SIZE_DOWNLOAD:1130
TIMESTAMP:2025-07-02 21:25:40 UTC
TRIGGER:schedule
