---METADATA---
HTTP_STATUS:200
TIME_TOTAL:3.333332
TIME_CONNECT:0.296154
SIZE_DOWNLOAD:1130
TIMESTAMP:2025-07-02 19:19:32 UTC
TRIGGER:schedule
