---METADATA---
HTTP_STATUS:200
TIME_TOTAL:3.395961
TIME_CONNECT:0.312798
SIZE_DOWNLOAD:1130
TIMESTAMP:2025-07-02 21:30:44 UTC
TRIGGER:schedule
