---METADATA---
HTTP_STATUS:200
TIME_TOTAL:3.590437
TIME_CONNECT:0.263418
SIZE_DOWNLOAD:1296
TIMESTAMP:2025-07-02 07:32:13 UTC
TRIGGER:schedule
