---METADATA---
HTTP_STATUS:200
TIME_TOTAL:1.111015
TIME_CONNECT:0.263327
SIZE_DOWNLOAD:1130
TIMESTAMP:2025-07-02 23:49:24 UTC
TRIGGER:schedule
