---METADATA---
HTTP_STATUS:200
TIME_TOTAL:3.359985
TIME_CONNECT:0.267104
SIZE_DOWNLOAD:1308
TIMESTAMP:2025-07-02 06:23:23 UTC
TRIGGER:schedule
