---METADATA---
HTTP_STATUS:200
TIME_TOTAL:3.528753
TIME_CONNECT:0.244780
SIZE_DOWNLOAD:1292
TIMESTAMP:2025-07-02 12:56:03 UTC
TRIGGER:schedule
