---METADATA---
HTTP_STATUS:200
TIME_TOTAL:3.534350
TIME_CONNECT:0.277934
SIZE_DOWNLOAD:1130
TIMESTAMP:2025-07-02 20:57:26 UTC
TRIGGER:schedule
