---METADATA---
HTTP_STATUS:200
TIME_TOTAL:3.217822
TIME_CONNECT:0.322617
SIZE_DOWNLOAD:1130
TIMESTAMP:2025-07-02 22:13:30 UTC
TRIGGER:schedule
