---METADATA---
HTTP_STATUS:200
TIME_TOTAL:3.263998
TIME_CONNECT:0.266315
SIZE_DOWNLOAD:1130
TIMESTAMP:2025-07-02 20:45:30 UTC
TRIGGER:schedule
