---METADATA---
HTTP_STATUS:200
TIME_TOTAL:3.339438
TIME_CONNECT:0.315682
SIZE_DOWNLOAD:1307
TIMESTAMP:2025-07-02 01:10:12 UTC
TRIGGER:schedule
