---METADATA---
HTTP_STATUS:200
TIME_TOTAL:3.432497
TIME_CONNECT:0.282408
SIZE_DOWNLOAD:1307
TIMESTAMP:2025-07-02 08:56:53 UTC
TRIGGER:schedule
