---METADATA---
HTTP_STATUS:200
TIME_TOTAL:3.378772
TIME_CONNECT:0.305769
SIZE_DOWNLOAD:1130
TIMESTAMP:2025-07-02 20:28:36 UTC
TRIGGER:schedule
