---METADATA---
HTTP_STATUS:200
TIME_TOTAL:3.595724
TIME_CONNECT:0.237661
SIZE_DOWNLOAD:1307
TIMESTAMP:2025-07-02 08:19:48 UTC
TRIGGER:schedule
