---METADATA---
HTTP_STATUS:200
TIME_TOTAL:3.404725
TIME_CONNECT:0.439621
SIZE_DOWNLOAD:1307
TIMESTAMP:2025-07-02 09:42:43 UTC
TRIGGER:schedule
