---METADATA---
HTTP_STATUS:200
TIME_TOTAL:3.429560
TIME_CONNECT:0.258216
SIZE_DOWNLOAD:1130
TIMESTAMP:2025-07-02 16:57:30 UTC
TRIGGER:schedule
