---METADATA---
HTTP_STATUS:200
TIME_TOTAL:3.287156
TIME_CONNECT:0.225884
SIZE_DOWNLOAD:1307
TIMESTAMP:2025-07-02 09:51:09 UTC
TRIGGER:schedule
