---METADATA---
HTTP_STATUS:200
TIME_TOTAL:3.478654
TIME_CONNECT:0.241166
SIZE_DOWNLOAD:1307
TIMESTAMP:2025-07-02 11:49:04 UTC
TRIGGER:schedule
