---METADATA---
HTTP_STATUS:200
TIME_TOTAL:1.049775
TIME_CONNECT:0.287626
SIZE_DOWNLOAD:1307
TIMESTAMP:2025-07-02 10:48:31 UTC
TRIGGER:schedule
