---METADATA---
HTTP_STATUS:200
TIME_TOTAL:3.445838
TIME_CONNECT:0.351568
SIZE_DOWNLOAD:1294
TIMESTAMP:2025-07-02 13:54:21 UTC
TRIGGER:schedule
