---METADATA---
HTTP_STATUS:200
TIME_TOTAL:3.249482
TIME_CONNECT:0.234645
SIZE_DOWNLOAD:1130
TIMESTAMP:2025-07-02 17:26:08 UTC
TRIGGER:schedule
