---METADATA---
HTTP_STATUS:200
TIME_TOTAL:3.375908
TIME_CONNECT:0.257311
SIZE_DOWNLOAD:1130
TIMESTAMP:2025-07-02 23:26:58 UTC
TRIGGER:schedule
