---METADATA---
HTTP_STATUS:200
TIME_TOTAL:3.456616
TIME_CONNECT:0.279824
SIZE_DOWNLOAD:1307
TIMESTAMP:2025-07-02 10:55:13 UTC
TRIGGER:schedule
