---METADATA---
HTTP_STATUS:200
TIME_TOTAL:3.663421
TIME_CONNECT:0.272433
SIZE_DOWNLOAD:1130
TIMESTAMP:2025-07-02 18:55:51 UTC
TRIGGER:schedule
