---METADATA---
HTTP_STATUS:200
TIME_TOTAL:3.448416
TIME_CONNECT:0.224621
SIZE_DOWNLOAD:1307
TIMESTAMP:2025-07-02 07:43:24 UTC
TRIGGER:schedule
