---METADATA---
HTTP_STATUS:200
TIME_TOTAL:3.254787
TIME_CONNECT:0.227118
SIZE_DOWNLOAD:1130
TIMESTAMP:2025-07-02 21:56:58 UTC
TRIGGER:schedule
