---METADATA---
HTTP_STATUS:200
TIME_TOTAL:1.014561
TIME_CONNECT:0.231621
SIZE_DOWNLOAD:1307
TIMESTAMP:2025-07-02 11:28:46 UTC
TRIGGER:schedule
