---METADATA---
HTTP_STATUS:200
TIME_TOTAL:3.336649
TIME_CONNECT:0.268817
SIZE_DOWNLOAD:1130
TIMESTAMP:2025-07-02 15:29:50 UTC
TRIGGER:schedule
