---METADATA---
HTTP_STATUS:200
TIME_TOTAL:3.451677
TIME_CONNECT:0.278323
SIZE_DOWNLOAD:1294
TIMESTAMP:2025-07-02 13:43:18 UTC
TRIGGER:schedule
