---METADATA---
HTTP_STATUS:200
TIME_TOTAL:3.433409
TIME_CONNECT:0.244382
SIZE_DOWNLOAD:1294
TIMESTAMP:2025-07-02 04:42:51 UTC
TRIGGER:schedule
