---METADATA---
HTTP_STATUS:200
TIME_TOTAL:3.258044
TIME_CONNECT:0.243920
SIZE_DOWNLOAD:1294
TIMESTAMP:2025-07-02 06:50:21 UTC
TRIGGER:schedule
