---METADATA---
HTTP_STATUS:200
TIME_TOTAL:3.304017
TIME_CONNECT:0.275982
SIZE_DOWNLOAD:1130
TIMESTAMP:2025-07-02 23:13:36 UTC
TRIGGER:schedule
