---METADATA---
HTTP_STATUS:200
TIME_TOTAL:3.495067
TIME_CONNECT:0.298540
SIZE_DOWNLOAD:1294
TIMESTAMP:2025-07-02 04:24:30 UTC
TRIGGER:schedule
