---METADATA---
HTTP_STATUS:200
TIME_TOTAL:3.235237
TIME_CONNECT:0.234812
SIZE_DOWNLOAD:1307
TIMESTAMP:2025-07-02 09:31:04 UTC
TRIGGER:schedule
