---METADATA---
HTTP_STATUS:200
TIME_TOTAL:3.375498
TIME_CONNECT:0.242339
SIZE_DOWNLOAD:1307
TIMESTAMP:2025-07-02 09:52:56 UTC
TRIGGER:schedule
