---METADATA---
HTTP_STATUS:200
TIME_TOTAL:3.754808
TIME_CONNECT:0.275581
SIZE_DOWNLOAD:1130
TIMESTAMP:2025-07-02 16:00:12 UTC
TRIGGER:schedule
