---METADATA---
HTTP_STATUS:200
TIME_TOTAL:3.310028
TIME_CONNECT:0.271559
SIZE_DOWNLOAD:1130
TIMESTAMP:2025-07-02 20:14:12 UTC
TRIGGER:schedule
