---METADATA---
HTTP_STATUS:200
TIME_TOTAL:3.327061
TIME_CONNECT:0.273418
SIZE_DOWNLOAD:1130
TIMESTAMP:2025-07-02 17:57:02 UTC
TRIGGER:schedule
