---METADATA---
HTTP_STATUS:200
TIME_TOTAL:3.659860
TIME_CONNECT:0.303874
SIZE_DOWNLOAD:1130
TIMESTAMP:2025-07-02 14:14:21 UTC
TRIGGER:schedule
