---METADATA---
HTTP_STATUS:200
TIME_TOTAL:3.569446
TIME_CONNECT:0.270810
SIZE_DOWNLOAD:1130
TIMESTAMP:2025-07-02 17:49:57 UTC
TRIGGER:schedule
