---METADATA---
HTTP_STATUS:200
TIME_TOTAL:3.394216
TIME_CONNECT:0.238210
SIZE_DOWNLOAD:1294
TIMESTAMP:2025-07-02 13:36:50 UTC
TRIGGER:schedule
