---METADATA---
HTTP_STATUS:200
TIME_TOTAL:3.233710
TIME_CONNECT:0.268613
SIZE_DOWNLOAD:1130
TIMESTAMP:2025-07-02 23:57:01 UTC
TRIGGER:schedule
