---METADATA---
HTTP_STATUS:200
TIME_TOTAL:3.336971
TIME_CONNECT:0.293778
SIZE_DOWNLOAD:1130
TIMESTAMP:2025-07-02 19:25:53 UTC
TRIGGER:schedule
