---METADATA---
HTTP_STATUS:200
TIME_TOTAL:3.602792
TIME_CONNECT:0.276849
SIZE_DOWNLOAD:1296
TIMESTAMP:2025-07-02 05:01:15 UTC
TRIGGER:schedule
