---METADATA---
HTTP_STATUS:200
TIME_TOTAL:3.631242
TIME_CONNECT:0.281929
SIZE_DOWNLOAD:1310
TIMESTAMP:2025-07-02 05:16:53 UTC
TRIGGER:schedule
