---METADATA---
HTTP_STATUS:200
TIME_TOTAL:3.393602
TIME_CONNECT:0.277236
SIZE_DOWNLOAD:1307
TIMESTAMP:2025-07-02 03:34:51 UTC
TRIGGER:schedule
