---METADATA---
HTTP_STATUS:200
TIME_TOTAL:3.207275
TIME_CONNECT:0.271155
SIZE_DOWNLOAD:1130
TIMESTAMP:2025-07-02 17:13:15 UTC
TRIGGER:schedule
