---METADATA---
HTTP_STATUS:200
TIME_TOTAL:3.738421
TIME_CONNECT:0.284240
SIZE_DOWNLOAD:1130
TIMESTAMP:2025-07-02 14:46:31 UTC
TRIGGER:schedule
