---METADATA---
HTTP_STATUS:200
TIME_TOTAL:3.450394
TIME_CONNECT:0.271123
SIZE_DOWNLOAD:1130
TIMESTAMP:2025-07-02 22:50:19 UTC
TRIGGER:schedule
