---METADATA---
HTTP_STATUS:200
TIME_TOTAL:3.513855
TIME_CONNECT:0.276004
SIZE_DOWNLOAD:1307
TIMESTAMP:2025-07-02 10:15:44 UTC
TRIGGER:schedule
