---METADATA---
HTTP_STATUS:200
TIME_TOTAL:3.571627
TIME_CONNECT:0.249321
SIZE_DOWNLOAD:1296
TIMESTAMP:2025-07-02 07:26:33 UTC
TRIGGER:schedule
