---METADATA---
HTTP_STATUS:200
TIME_TOTAL:1.111077
TIME_CONNECT:0.275532
SIZE_DOWNLOAD:1307
TIMESTAMP:2025-07-02 07:48:56 UTC
TRIGGER:schedule
