---METADATA---
HTTP_STATUS:200
TIME_TOTAL:1.078573
TIME_CONNECT:0.242319
SIZE_DOWNLOAD:1130
TIMESTAMP:2025-07-02 19:36:25 UTC
TRIGGER:schedule
