---METADATA---
HTTP_STATUS:200
TIME_TOTAL:3.624828
TIME_CONNECT:0.242096
SIZE_DOWNLOAD:1294
TIMESTAMP:2025-07-02 05:52:04 UTC
TRIGGER:schedule
