---METADATA---
HTTP_STATUS:200
TIME_TOTAL:1.143723
TIME_CONNECT:0.271354
SIZE_DOWNLOAD:1130
TIMESTAMP:2025-07-02 14:58:06 UTC
TRIGGER:schedule
