---METADATA---
HTTP_STATUS:200
TIME_TOTAL:3.582885
TIME_CONNECT:0.308071
SIZE_DOWNLOAD:1130
TIMESTAMP:2025-07-02 19:58:42 UTC
TRIGGER:schedule
