---METADATA---
HTTP_STATUS:200
TIME_TOTAL:3.347662
TIME_CONNECT:0.237853
SIZE_DOWNLOAD:1130
TIMESTAMP:2025-07-02 14:37:39 UTC
TRIGGER:schedule
