---METADATA---
HTTP_STATUS:200
TIME_TOTAL:3.334181
TIME_CONNECT:0.299225
SIZE_DOWNLOAD:1130
TIMESTAMP:2025-07-02 21:41:56 UTC
TRIGGER:schedule
