---METADATA---
HTTP_STATUS:200
TIME_TOTAL:3.360623
TIME_CONNECT:0.278829
SIZE_DOWNLOAD:1295
TIMESTAMP:2025-07-02 06:35:00 UTC
TRIGGER:schedule
