---METADATA---
HTTP_STATUS:200
TIME_TOTAL:3.594860
TIME_CONNECT:0.290365
SIZE_DOWNLOAD:1130
TIMESTAMP:2025-07-02 15:48:12 UTC
TRIGGER:schedule
