---METADATA---
HTTP_STATUS:200
TIME_TOTAL:3.124993
TIME_CONNECT:0.268745
SIZE_DOWNLOAD:1307
TIMESTAMP:2025-07-02 11:13:13 UTC
TRIGGER:schedule
