---METADATA---
HTTP_STATUS:200
TIME_TOTAL:3.471169
TIME_CONNECT:0.269893
SIZE_DOWNLOAD:1294
TIMESTAMP:2025-07-02 07:14:37 UTC
TRIGGER:schedule
