---METADATA---
HTTP_STATUS:200
TIME_TOTAL:3.565307
TIME_CONNECT:0.278652
SIZE_DOWNLOAD:1307
TIMESTAMP:2025-07-02 11:56:47 UTC
TRIGGER:schedule
