---METADATA---
HTTP_STATUS:200
TIME_TOTAL:3.362418
TIME_CONNECT:0.243522
SIZE_DOWNLOAD:1130
TIMESTAMP:2025-07-02 19:11:09 UTC
TRIGGER:schedule
