---METADATA---
HTTP_STATUS:200
TIME_TOTAL:3.397243
TIME_CONNECT:0.308902
SIZE_DOWNLOAD:1130
TIMESTAMP:2025-07-02 19:32:49 UTC
TRIGGER:schedule
