---METADATA---
HTTP_STATUS:200
TIME_TOTAL:3.392822
TIME_CONNECT:0.272056
SIZE_DOWNLOAD:1130
TIMESTAMP:2025-07-02 16:17:23 UTC
TRIGGER:schedule
