---METADATA---
HTTP_STATUS:200
TIME_TOTAL:3.296186
TIME_CONNECT:0.279744
SIZE_DOWNLOAD:1307
TIMESTAMP:2025-07-02 02:56:10 UTC
TRIGGER:schedule
