---METADATA---
HTTP_STATUS:200
TIME_TOTAL:3.388536
TIME_CONNECT:0.277022
SIZE_DOWNLOAD:1130
TIMESTAMP:2025-07-02 22:26:12 UTC
TRIGGER:schedule
