---METADATA---
HTTP_STATUS:200
TIME_TOTAL:1.076138
TIME_CONNECT:0.238147
SIZE_DOWNLOAD:1295
TIMESTAMP:2025-07-02 05:55:40 UTC
TRIGGER:schedule
