---METADATA---
HTTP_STATUS:200
TIME_TOTAL:3.534014
TIME_CONNECT:0.218816
SIZE_DOWNLOAD:1307
TIMESTAMP:2025-07-02 12:28:52 UTC
TRIGGER:schedule
