---METADATA---
HTTP_STATUS:200
TIME_TOTAL:3.547651
TIME_CONNECT:0.261455
SIZE_DOWNLOAD:1307
TIMESTAMP:2025-07-02 04:05:41 UTC
TRIGGER:schedule
