---METADATA---
HTTP_STATUS:200
TIME_TOTAL:3.389264
TIME_CONNECT:0.289360
SIZE_DOWNLOAD:1130
TIMESTAMP:2025-07-02 16:48:21 UTC
TRIGGER:schedule
