---METADATA---
HTTP_STATUS:200
TIME_TOTAL:3.336210
TIME_CONNECT:0.271961
SIZE_DOWNLOAD:1306
TIMESTAMP:2025-07-02 06:56:39 UTC
TRIGGER:schedule
