---METADATA---
HTTP_STATUS:200
TIME_TOTAL:3.250219
TIME_CONNECT:0.257515
SIZE_DOWNLOAD:1130
TIMESTAMP:2025-07-02 14:23:04 UTC
TRIGGER:schedule
