---METADATA---
HTTP_STATUS:200
TIME_TOTAL:3.384269
TIME_CONNECT:0.275558
SIZE_DOWNLOAD:1130
TIMESTAMP:2025-07-02 14:52:44 UTC
TRIGGER:schedule
