---METADATA---
HTTP_STATUS:200
TIME_TOTAL:3.138051
TIME_CONNECT:0.249915
SIZE_DOWNLOAD:1130
TIMESTAMP:2025-07-02 22:57:33 UTC
TRIGGER:schedule
