---METADATA---
HTTP_STATUS:200
TIME_TOTAL:3.324327
TIME_CONNECT:0.210229
SIZE_DOWNLOAD:1307
TIMESTAMP:2025-07-02 11:40:52 UTC
TRIGGER:schedule
