---METADATA---
HTTP_STATUS:200
TIME_TOTAL:3.339298
TIME_CONNECT:0.283821
SIZE_DOWNLOAD:1307
TIMESTAMP:2025-07-02 08:35:55 UTC
TRIGGER:schedule
