---METADATA---
HTTP_STATUS:200
TIME_TOTAL:3.622868
TIME_CONNECT:0.276444
SIZE_DOWNLOAD:1130
TIMESTAMP:2025-07-02 16:39:22 UTC
TRIGGER:schedule
