---METADATA---
HTTP_STATUS:200
TIME_TOTAL:3.497930
TIME_CONNECT:0.280145
SIZE_DOWNLOAD:1307
TIMESTAMP:2025-07-02 02:10:52 UTC
TRIGGER:schedule
