---METADATA---
HTTP_STATUS:200
TIME_TOTAL:3.320917
TIME_CONNECT:0.235508
SIZE_DOWNLOAD:1130
TIMESTAMP:2025-07-02 18:48:45 UTC
TRIGGER:schedule
