---METADATA---
HTTP_STATUS:200
TIME_TOTAL:3.498419
TIME_CONNECT:0.211609
SIZE_DOWNLOAD:1130
TIMESTAMP:2025-07-02 22:34:34 UTC
TRIGGER:schedule
