---METADATA---
HTTP_STATUS:200
TIME_TOTAL:3.629535
TIME_CONNECT:0.274409
SIZE_DOWNLOAD:1307
TIMESTAMP:2025-07-02 11:01:01 UTC
TRIGGER:schedule
