---METADATA---
HTTP_STATUS:200
TIME_TOTAL:3.168382
TIME_CONNECT:0.308192
SIZE_DOWNLOAD:1296
TIMESTAMP:2025-07-02 05:35:43 UTC
TRIGGER:schedule
