---METADATA---
HTTP_STATUS:200
TIME_TOTAL:3.449409
TIME_CONNECT:0.278546
SIZE_DOWNLOAD:1130
TIMESTAMP:2025-07-02 17:44:46 UTC
TRIGGER:schedule
