---METADATA---
HTTP_STATUS:200
TIME_TOTAL:3.422362
TIME_CONNECT:0.312334
SIZE_DOWNLOAD:1130
TIMESTAMP:2025-07-02 19:48:08 UTC
TRIGGER:schedule
