---METADATA---
HTTP_STATUS:200
TIME_TOTAL:1.064520
TIME_CONNECT:0.240656
SIZE_DOWNLOAD:1130
TIMESTAMP:2025-07-02 20:50:41 UTC
TRIGGER:schedule
