---METADATA---
HTTP_STATUS:200
TIME_TOTAL:3.273701
TIME_CONNECT:0.269529
SIZE_DOWNLOAD:1130
TIMESTAMP:2025-07-02 23:44:10 UTC
TRIGGER:schedule
