---METADATA---
HTTP_STATUS:200
TIME_TOTAL:3.201648
TIME_CONNECT:0.278399
SIZE_DOWNLOAD:1307
TIMESTAMP:2025-07-02 07:56:49 UTC
TRIGGER:schedule
