---METADATA---
HTTP_STATUS:200
TIME_TOTAL:3.566240
TIME_CONNECT:0.306160
SIZE_DOWNLOAD:1307
TIMESTAMP:2025-07-02 10:44:58 UTC
TRIGGER:schedule
