---METADATA---
HTTP_STATUS:200
TIME_TOTAL:3.241725
TIME_CONNECT:0.208065
SIZE_DOWNLOAD:1296
TIMESTAMP:2025-07-02 03:48:52 UTC
TRIGGER:schedule
