---METADATA---
HTTP_STATUS:200
TIME_TOTAL:3.645431
TIME_CONNECT:0.277724
SIZE_DOWNLOAD:1309
TIMESTAMP:2025-07-02 13:08:57 UTC
TRIGGER:schedule
