---METADATA---
HTTP_STATUS:200
TIME_TOTAL:3.279479
TIME_CONNECT:0.287922
SIZE_DOWNLOAD:1130
TIMESTAMP:2025-07-02 18:37:32 UTC
TRIGGER:schedule
