---METADATA---
HTTP_STATUS:200
TIME_TOTAL:3.420445
TIME_CONNECT:0.275809
SIZE_DOWNLOAD:1130
TIMESTAMP:2025-07-02 15:15:10 UTC
TRIGGER:schedule
