---METADATA---
HTTP_STATUS:200
TIME_TOTAL:3.356217
TIME_CONNECT:0.289882
SIZE_DOWNLOAD:1294
TIMESTAMP:2025-07-02 13:53:35 UTC
TRIGGER:schedule
