---METADATA---
HTTP_STATUS:200
TIME_TOTAL:3.578324
TIME_CONNECT:0.271989
SIZE_DOWNLOAD:1130
TIMESTAMP:2025-07-02 18:20:06 UTC
TRIGGER:schedule
