---METADATA---
HTTP_STATUS:200
TIME_TOTAL:3.477258
TIME_CONNECT:0.278743
SIZE_DOWNLOAD:1307
TIMESTAMP:2025-07-02 10:26:09 UTC
TRIGGER:schedule
