---METADATA---
HTTP_STATUS:200
TIME_TOTAL:3.404427
TIME_CONNECT:0.280106
SIZE_DOWNLOAD:1130
TIMESTAMP:2025-07-02 15:41:52 UTC
TRIGGER:schedule
