---METADATA---
HTTP_STATUS:200
TIME_TOTAL:3.469411
TIME_CONNECT:0.271586
SIZE_DOWNLOAD:1130
TIMESTAMP:2025-07-02 15:52:44 UTC
TRIGGER:schedule
