---METADATA---
HTTP_STATUS:200
TIME_TOTAL:3.671643
TIME_CONNECT:0.345181
SIZE_DOWNLOAD:1307
TIMESTAMP:2025-07-02 09:16:59 UTC
TRIGGER:schedule
