---METADATA---
HTTP_STATUS:200
TIME_TOTAL:3.438989
TIME_CONNECT:0.287208
SIZE_DOWNLOAD:1294
TIMESTAMP:2025-07-02 04:49:34 UTC
TRIGGER:schedule
