---METADATA---
HTTP_STATUS:200
TIME_TOTAL:3.274335
TIME_CONNECT:0.267742
SIZE_DOWNLOAD:1130
TIMESTAMP:2025-07-02 22:45:35 UTC
TRIGGER:schedule
