---METADATA---
HTTP_STATUS:200
TIME_TOTAL:3.656760
TIME_CONNECT:0.268622
SIZE_DOWNLOAD:1294
TIMESTAMP:2025-07-27 20:51:07 UTC
TRIGGER:schedule
