---METADATA---
HTTP_STATUS:200
TIME_TOTAL:3.424674
TIME_CONNECT:0.280888
SIZE_DOWNLOAD:1307
TIMESTAMP:2025-07-27 15:27:49 UTC
TRIGGER:schedule
