---METADATA---
HTTP_STATUS:200
TIME_TOTAL:3.341735
TIME_CONNECT:0.223036
SIZE_DOWNLOAD:1307
TIMESTAMP:2025-07-27 21:42:15 UTC
TRIGGER:schedule
