---METADATA---
HTTP_STATUS:200
TIME_TOTAL:3.555756
TIME_CONNECT:0.277959
SIZE_DOWNLOAD:1307
TIMESTAMP:2025-07-27 19:11:32 UTC
TRIGGER:schedule
