---METADATA---
HTTP_STATUS:200
TIME_TOTAL:3.456571
TIME_CONNECT:0.275918
SIZE_DOWNLOAD:1294
TIMESTAMP:2025-07-27 05:51:28 UTC
TRIGGER:schedule
