---METADATA---
HTTP_STATUS:200
TIME_TOTAL:3.466324
TIME_CONNECT:0.292922
SIZE_DOWNLOAD:1307
TIMESTAMP:2025-07-27 18:19:25 UTC
TRIGGER:schedule
