---METADATA---
HTTP_STATUS:200
TIME_TOTAL:3.405787
TIME_CONNECT:0.290484
SIZE_DOWNLOAD:1294
TIMESTAMP:2025-07-27 08:33:38 UTC
TRIGGER:schedule
