---METADATA---
HTTP_STATUS:200
TIME_TOTAL:3.493765
TIME_CONNECT:0.289086
SIZE_DOWNLOAD:1294
TIMESTAMP:2025-07-27 21:22:06 UTC
TRIGGER:schedule
