---METADATA---
HTTP_STATUS:200
TIME_TOTAL:3.435609
TIME_CONNECT:0.230214
SIZE_DOWNLOAD:1294
TIMESTAMP:2025-07-27 11:42:50 UTC
TRIGGER:schedule
