---METADATA---
HTTP_STATUS:200
TIME_TOTAL:3.464984
TIME_CONNECT:0.279470
SIZE_DOWNLOAD:1294
TIMESTAMP:2025-07-27 20:52:32 UTC
TRIGGER:schedule
