---METADATA---
HTTP_STATUS:200
TIME_TOTAL:3.383462
TIME_CONNECT:0.285806
SIZE_DOWNLOAD:1307
TIMESTAMP:2025-07-27 19:48:22 UTC
TRIGGER:schedule
