---METADATA---
HTTP_STATUS:200
TIME_TOTAL:3.467595
TIME_CONNECT:0.279747
SIZE_DOWNLOAD:1309
TIMESTAMP:2025-07-27 10:29:24 UTC
TRIGGER:schedule
