---METADATA---
HTTP_STATUS:200
TIME_TOTAL:3.599920
TIME_CONNECT:0.465906
SIZE_DOWNLOAD:1307
TIMESTAMP:2025-07-27 14:33:57 UTC
TRIGGER:schedule
