---METADATA---
HTTP_STATUS:200
TIME_TOTAL:3.901904
TIME_CONNECT:0.350292
SIZE_DOWNLOAD:1295
TIMESTAMP:2025-07-27 10:49:11 UTC
TRIGGER:schedule
