---METADATA---
HTTP_STATUS:200
TIME_TOTAL:3.398710
TIME_CONNECT:0.276792
SIZE_DOWNLOAD:1305
TIMESTAMP:2025-07-27 04:27:26 UTC
TRIGGER:schedule
