---METADATA---
HTTP_STATUS:200
TIME_TOTAL:3.568204
TIME_CONNECT:0.291596
SIZE_DOWNLOAD:1311
TIMESTAMP:2025-07-27 07:14:04 UTC
TRIGGER:schedule
