---METADATA---
HTTP_STATUS:200
TIME_TOTAL:3.500964
TIME_CONNECT:0.285654
SIZE_DOWNLOAD:1307
TIMESTAMP:2025-07-27 17:44:41 UTC
TRIGGER:schedule
