---METADATA---
HTTP_STATUS:200
TIME_TOTAL:3.366686
TIME_CONNECT:0.282844
SIZE_DOWNLOAD:1298
TIMESTAMP:2025-07-27 06:21:10 UTC
TRIGGER:schedule
