---METADATA---
HTTP_STATUS:200
TIME_TOTAL:3.511047
TIME_CONNECT:0.289587
SIZE_DOWNLOAD:1307
TIMESTAMP:2025-07-27 19:23:21 UTC
TRIGGER:schedule
