---METADATA---
HTTP_STATUS:200
TIME_TOTAL:1.087080
TIME_CONNECT:0.274881
SIZE_DOWNLOAD:1307
TIMESTAMP:2025-07-27 23:51:03 UTC
TRIGGER:schedule
