---METADATA---
HTTP_STATUS:200
TIME_TOTAL:3.529628
TIME_CONNECT:0.275984
SIZE_DOWNLOAD:1294
TIMESTAMP:2025-07-27 11:27:43 UTC
TRIGGER:schedule
