---METADATA---
HTTP_STATUS:200
TIME_TOTAL:3.521210
TIME_CONNECT:0.307933
SIZE_DOWNLOAD:1307
TIMESTAMP:2025-07-27 21:13:07 UTC
TRIGGER:schedule
