---METADATA---
HTTP_STATUS:200
TIME_TOTAL:3.264394
TIME_CONNECT:0.269597
SIZE_DOWNLOAD:1307
TIMESTAMP:2025-07-27 19:57:03 UTC
TRIGGER:schedule
