---METADATA---
HTTP_STATUS:200
TIME_TOTAL:3.651461
TIME_CONNECT:0.281869
SIZE_DOWNLOAD:1296
TIMESTAMP:2025-07-27 06:51:22 UTC
TRIGGER:schedule
