---METADATA---
HTTP_STATUS:200
TIME_TOTAL:3.333938
TIME_CONNECT:0.293330
SIZE_DOWNLOAD:1294
TIMESTAMP:2025-07-27 13:53:05 UTC
TRIGGER:schedule
