---METADATA---
HTTP_STATUS:200
TIME_TOTAL:3.470945
TIME_CONNECT:0.241835
SIZE_DOWNLOAD:1307
TIMESTAMP:2025-07-27 16:33:05 UTC
TRIGGER:schedule
