---METADATA---
HTTP_STATUS:200
TIME_TOTAL:3.485784
TIME_CONNECT:0.278549
SIZE_DOWNLOAD:1309
TIMESTAMP:2025-07-27 09:34:25 UTC
TRIGGER:schedule
