---METADATA---
HTTP_STATUS:200
TIME_TOTAL:3.632717
TIME_CONNECT:0.282466
SIZE_DOWNLOAD:1307
TIMESTAMP:2025-07-27 14:44:21 UTC
TRIGGER:schedule
