---METADATA---
HTTP_STATUS:200
TIME_TOTAL:3.578446
TIME_CONNECT:0.289533
SIZE_DOWNLOAD:1307
TIMESTAMP:2025-07-27 21:49:14 UTC
TRIGGER:schedule
