---METADATA---
HTTP_STATUS:200
TIME_TOTAL:3.525874
TIME_CONNECT:0.276098
SIZE_DOWNLOAD:1307
TIMESTAMP:2025-07-27 02:34:55 UTC
TRIGGER:schedule
