---METADATA---
HTTP_STATUS:200
TIME_TOTAL:3.541020
TIME_CONNECT:0.277203
SIZE_DOWNLOAD:1296
TIMESTAMP:2025-07-27 04:50:41 UTC
TRIGGER:schedule
