---METADATA---
HTTP_STATUS:200
TIME_TOTAL:3.428335
TIME_CONNECT:0.293566
SIZE_DOWNLOAD:1309
TIMESTAMP:2025-07-27 09:25:21 UTC
TRIGGER:schedule
