---METADATA---
HTTP_STATUS:200
TIME_TOTAL:3.396184
TIME_CONNECT:0.296316
SIZE_DOWNLOAD:1307
TIMESTAMP:2025-07-27 17:57:02 UTC
TRIGGER:schedule
