---METADATA---
HTTP_STATUS:200
TIME_TOTAL:1.030684
TIME_CONNECT:0.239049
SIZE_DOWNLOAD:1307
TIMESTAMP:2025-07-27 23:33:46 UTC
TRIGGER:schedule
