---METADATA---
HTTP_STATUS:200
TIME_TOTAL:3.481580
TIME_CONNECT:0.276558
SIZE_DOWNLOAD:1309
TIMESTAMP:2025-07-27 09:57:01 UTC
TRIGGER:schedule
