---METADATA---
HTTP_STATUS:200
TIME_TOTAL:3.588011
TIME_CONNECT:0.271290
SIZE_DOWNLOAD:1294
TIMESTAMP:2025-07-27 11:39:13 UTC
TRIGGER:schedule
