---METADATA---
HTTP_STATUS:200
TIME_TOTAL:3.511811
TIME_CONNECT:0.234483
SIZE_DOWNLOAD:1307
TIMESTAMP:2025-07-27 17:21:48 UTC
TRIGGER:schedule
