---METADATA---
HTTP_STATUS:200
TIME_TOTAL:3.463456
TIME_CONNECT:0.298236
SIZE_DOWNLOAD:1307
TIMESTAMP:2025-07-27 22:53:00 UTC
TRIGGER:schedule
