---METADATA---
HTTP_STATUS:200
TIME_TOTAL:3.332629
TIME_CONNECT:0.272129
SIZE_DOWNLOAD:1307
TIMESTAMP:2025-07-27 18:49:29 UTC
TRIGGER:schedule
