---METADATA---
HTTP_STATUS:200
TIME_TOTAL:3.389794
TIME_CONNECT:0.272748
SIZE_DOWNLOAD:1307
TIMESTAMP:2025-07-27 16:54:25 UTC
TRIGGER:schedule
