---METADATA---
HTTP_STATUS:200
TIME_TOTAL:3.378310
TIME_CONNECT:0.232437
SIZE_DOWNLOAD:1309
TIMESTAMP:2025-07-27 10:14:47 UTC
TRIGGER:schedule
