---METADATA---
HTTP_STATUS:200
TIME_TOTAL:3.432384
TIME_CONNECT:0.293848
SIZE_DOWNLOAD:1309
TIMESTAMP:2025-07-27 09:51:24 UTC
TRIGGER:schedule
