---METADATA---
HTTP_STATUS:200
TIME_TOTAL:3.363244
TIME_CONNECT:0.242494
SIZE_DOWNLOAD:1307
TIMESTAMP:2025-07-27 22:48:06 UTC
TRIGGER:schedule
