---METADATA---
HTTP_STATUS:200
TIME_TOTAL:3.386927
TIME_CONNECT:0.211145
SIZE_DOWNLOAD:1307
TIMESTAMP:2025-07-27 14:21:27 UTC
TRIGGER:schedule
