---METADATA---
HTTP_STATUS:200
TIME_TOTAL:3.345494
TIME_CONNECT:0.290907
SIZE_DOWNLOAD:1305
TIMESTAMP:2025-07-27 07:49:36 UTC
TRIGGER:schedule
