---METADATA---
HTTP_STATUS:200
TIME_TOTAL:3.395771
TIME_CONNECT:0.282530
SIZE_DOWNLOAD:1294
TIMESTAMP:2025-07-27 05:53:49 UTC
TRIGGER:schedule
