---METADATA---
HTTP_STATUS:200
TIME_TOTAL:3.472426
TIME_CONNECT:0.293870
SIZE_DOWNLOAD:1307
TIMESTAMP:2025-07-27 21:56:59 UTC
TRIGGER:schedule
