---METADATA---
HTTP_STATUS:200
TIME_TOTAL:3.604030
TIME_CONNECT:0.272536
SIZE_DOWNLOAD:1307
TIMESTAMP:2025-07-27 16:46:14 UTC
TRIGGER:schedule
