---METADATA---
HTTP_STATUS:200
TIME_TOTAL:3.699224
TIME_CONNECT:0.279084
SIZE_DOWNLOAD:1296
TIMESTAMP:2025-07-27 06:56:47 UTC
TRIGGER:schedule
