---METADATA---
HTTP_STATUS:200
TIME_TOTAL:3.549909
TIME_CONNECT:0.280760
SIZE_DOWNLOAD:1294
TIMESTAMP:2025-07-27 13:34:30 UTC
TRIGGER:schedule
