---METADATA---
HTTP_STATUS:200
TIME_TOTAL:3.502222
TIME_CONNECT:0.283755
SIZE_DOWNLOAD:1309
TIMESTAMP:2025-07-27 01:20:47 UTC
TRIGGER:schedule
