---METADATA---
HTTP_STATUS:200
TIME_TOTAL:3.466142
TIME_CONNECT:0.286163
SIZE_DOWNLOAD:1307
TIMESTAMP:2025-07-27 17:34:05 UTC
TRIGGER:schedule
