---METADATA---
HTTP_STATUS:200
TIME_TOTAL:3.413476
TIME_CONNECT:0.285416
SIZE_DOWNLOAD:1307
TIMESTAMP:2025-07-27 20:41:29 UTC
TRIGGER:schedule
