---METADATA---
HTTP_STATUS:200
TIME_TOTAL:3.621766
TIME_CONNECT:0.269504
SIZE_DOWNLOAD:1294
TIMESTAMP:2025-07-27 11:07:46 UTC
TRIGGER:schedule
