---METADATA---
HTTP_STATUS:200
TIME_TOTAL:1.007052
TIME_CONNECT:0.285668
SIZE_DOWNLOAD:1307
TIMESTAMP:2025-07-27 19:40:17 UTC
TRIGGER:schedule
