---METADATA---
HTTP_STATUS:200
TIME_TOTAL:3.588950
TIME_CONNECT:0.241446
SIZE_DOWNLOAD:1307
TIMESTAMP:2025-07-27 10:40:24 UTC
TRIGGER:schedule
