---METADATA---
HTTP_STATUS:200
TIME_TOTAL:3.549069
TIME_CONNECT:0.294570
SIZE_DOWNLOAD:1296
TIMESTAMP:2025-07-27 07:31:38 UTC
TRIGGER:schedule
