---METADATA---
HTTP_STATUS:200
TIME_TOTAL:3.581457
TIME_CONNECT:0.281264
SIZE_DOWNLOAD:1307
TIMESTAMP:2025-07-27 06:35:23 UTC
TRIGGER:schedule
