---METADATA---
HTTP_STATUS:200
TIME_TOTAL:3.550676
TIME_CONNECT:0.298004
SIZE_DOWNLOAD:1307
TIMESTAMP:2025-07-27 15:56:59 UTC
TRIGGER:schedule
