---METADATA---
HTTP_STATUS:200
TIME_TOTAL:3.980154
TIME_CONNECT:0.424406
SIZE_DOWNLOAD:1307
TIMESTAMP:2025-07-27 03:58:28 UTC
TRIGGER:schedule
