---METADATA---
HTTP_STATUS:200
TIME_TOTAL:1.089449
TIME_CONNECT:0.275015
SIZE_DOWNLOAD:1294
TIMESTAMP:2025-07-27 11:11:45 UTC
TRIGGER:schedule
