---METADATA---
HTTP_STATUS:200
TIME_TOTAL:3.446547
TIME_CONNECT:0.293565
SIZE_DOWNLOAD:1307
TIMESTAMP:2025-07-27 23:58:37 UTC
TRIGGER:schedule
