---METADATA---
HTTP_STATUS:200
TIME_TOTAL:3.352240
TIME_CONNECT:0.361523
SIZE_DOWNLOAD:1307
TIMESTAMP:2025-07-27 22:27:18 UTC
TRIGGER:schedule
