---METADATA---
HTTP_STATUS:200
TIME_TOTAL:0.999269
TIME_CONNECT:0.280110
SIZE_DOWNLOAD:1294
TIMESTAMP:2025-07-27 05:32:16 UTC
TRIGGER:schedule
