---METADATA---
HTTP_STATUS:200
TIME_TOTAL:3.487501
TIME_CONNECT:0.281530
SIZE_DOWNLOAD:1307
TIMESTAMP:2025-07-27 14:57:18 UTC
TRIGGER:schedule
