---METADATA---
HTTP_STATUS:200
TIME_TOTAL:3.567542
TIME_CONNECT:0.280844
SIZE_DOWNLOAD:1294
TIMESTAMP:2025-07-27 13:51:36 UTC
TRIGGER:schedule
