---METADATA---
HTTP_STATUS:200
TIME_TOTAL:3.533468
TIME_CONNECT:0.269111
SIZE_DOWNLOAD:1307
TIMESTAMP:2025-07-27 17:51:11 UTC
TRIGGER:schedule
