---METADATA---
HTTP_STATUS:200
TIME_TOTAL:3.400954
TIME_CONNECT:0.310906
SIZE_DOWNLOAD:1307
TIMESTAMP:2025-07-27 23:46:45 UTC
TRIGGER:schedule
