---METADATA---
HTTP_STATUS:200
TIME_TOTAL:3.502376
TIME_CONNECT:0.277505
SIZE_DOWNLOAD:1298
TIMESTAMP:2025-07-27 07:56:50 UTC
TRIGGER:schedule
