---METADATA---
HTTP_STATUS:200
TIME_TOTAL:3.534331
TIME_CONNECT:0.219778
SIZE_DOWNLOAD:1307
TIMESTAMP:2025-07-27 20:15:31 UTC
TRIGGER:schedule
