---METADATA---
HTTP_STATUS:200
TIME_TOTAL:3.323317
TIME_CONNECT:0.278536
SIZE_DOWNLOAD:1307
TIMESTAMP:2025-07-27 21:31:08 UTC
TRIGGER:schedule
