---METADATA---
HTTP_STATUS:200
TIME_TOTAL:3.189347
TIME_CONNECT:0.282257
SIZE_DOWNLOAD:1307
TIMESTAMP:2025-07-27 22:13:49 UTC
TRIGGER:schedule
