---METADATA---
HTTP_STATUS:200
TIME_TOTAL:3.665578
TIME_CONNECT:0.282061
SIZE_DOWNLOAD:1309
TIMESTAMP:2025-07-27 09:14:47 UTC
TRIGGER:schedule
