---METADATA---
HTTP_STATUS:200
TIME_TOTAL:3.421854
TIME_CONNECT:0.290781
SIZE_DOWNLOAD:1309
TIMESTAMP:2025-07-27 08:54:18 UTC
TRIGGER:schedule
