---METADATA---
HTTP_STATUS:200
TIME_TOTAL:3.292265
TIME_CONNECT:0.227235
SIZE_DOWNLOAD:1293
TIMESTAMP:2025-07-27 08:18:05 UTC
TRIGGER:schedule
