---METADATA---
HTTP_STATUS:200
TIME_TOTAL:3.386831
TIME_CONNECT:0.294670
SIZE_DOWNLOAD:1307
TIMESTAMP:2025-07-27 18:37:55 UTC
TRIGGER:schedule
