---METADATA---
HTTP_STATUS:200
TIME_TOTAL:3.419639
TIME_CONNECT:0.282861
SIZE_DOWNLOAD:1307
TIMESTAMP:2025-07-27 14:12:44 UTC
TRIGGER:schedule
