---METADATA---
HTTP_STATUS:200
TIME_TOTAL:3.650181
TIME_CONNECT:0.293407
SIZE_DOWNLOAD:1307
TIMESTAMP:2025-07-27 22:38:13 UTC
TRIGGER:schedule
