---METADATA---
HTTP_STATUS:200
TIME_TOTAL:3.370269
TIME_CONNECT:0.290079
SIZE_DOWNLOAD:1294
TIMESTAMP:2025-07-27 05:29:10 UTC
TRIGGER:schedule
