---METADATA---
HTTP_STATUS:200
TIME_TOTAL:3.495692
TIME_CONNECT:0.288283
SIZE_DOWNLOAD:1307
TIMESTAMP:2025-07-27 23:29:00 UTC
TRIGGER:schedule
