---METADATA---
HTTP_STATUS:200
TIME_TOTAL:3.494426
TIME_CONNECT:0.291133
SIZE_DOWNLOAD:1294
TIMESTAMP:2025-07-27 10:52:43 UTC
TRIGGER:schedule
