---METADATA---
HTTP_STATUS:200
TIME_TOTAL:3.547221
TIME_CONNECT:0.291603
SIZE_DOWNLOAD:1307
TIMESTAMP:2025-07-27 14:50:31 UTC
TRIGGER:schedule
