---METADATA---
HTTP_STATUS:200
TIME_TOTAL:3.409537
TIME_CONNECT:0.285945
SIZE_DOWNLOAD:1307
TIMESTAMP:2025-07-27 19:38:48 UTC
TRIGGER:schedule
