---METADATA---
HTTP_STATUS:200
TIME_TOTAL:3.506524
TIME_CONNECT:0.276738
SIZE_DOWNLOAD:1309
TIMESTAMP:2025-07-27 05:00:07 UTC
TRIGGER:schedule
