---METADATA---
HTTP_STATUS:200
TIME_TOTAL:7.180132
TIME_CONNECT:3.966580
SIZE_DOWNLOAD:1307
TIMESTAMP:2025-07-27 16:16:54 UTC
TRIGGER:schedule
