---METADATA---
HTTP_STATUS:200
TIME_TOTAL:1.053965
TIME_CONNECT:0.270468
SIZE_DOWNLOAD:1307
TIMESTAMP:2025-07-27 19:27:41 UTC
TRIGGER:schedule
