---METADATA---
HTTP_STATUS:200
TIME_TOTAL:3.490908
TIME_CONNECT:0.365672
SIZE_DOWNLOAD:1294
TIMESTAMP:2025-07-27 13:07:40 UTC
TRIGGER:schedule
