---METADATA---
HTTP_STATUS:200
TIME_TOTAL:3.351770
TIME_CONNECT:0.269431
SIZE_DOWNLOAD:1294
TIMESTAMP:2025-07-27 12:28:12 UTC
TRIGGER:schedule
