---METADATA---
HTTP_STATUS:200
TIME_TOTAL:3.605898
TIME_CONNECT:0.274294
SIZE_DOWNLOAD:1309
TIMESTAMP:2025-07-27 08:45:54 UTC
TRIGGER:schedule
