---METADATA---
HTTP_STATUS:200
TIME_TOTAL:3.482210
TIME_CONNECT:0.276727
SIZE_DOWNLOAD:1294
TIMESTAMP:2025-07-27 07:41:46 UTC
TRIGGER:schedule
