---METADATA---
HTTP_STATUS:200
TIME_TOTAL:3.388860
TIME_CONNECT:0.313793
SIZE_DOWNLOAD:1307
TIMESTAMP:2025-07-27 23:14:32 UTC
TRIGGER:schedule
