---METADATA---
HTTP_STATUS:200
TIME_TOTAL:3.662591
TIME_CONNECT:0.309036
SIZE_DOWNLOAD:1294
TIMESTAMP:2025-07-27 13:41:29 UTC
TRIGGER:schedule
