---METADATA---
HTTP_STATUS:200
TIME_TOTAL:1.129964
TIME_CONNECT:0.245212
SIZE_DOWNLOAD:1294
TIMESTAMP:2025-07-27 11:48:10 UTC
TRIGGER:schedule
