---METADATA---
HTTP_STATUS:200
TIME_TOTAL:3.426669
TIME_CONNECT:0.290583
SIZE_DOWNLOAD:1290
TIMESTAMP:2025-07-27 20:30:08 UTC
TRIGGER:schedule
