---METADATA---
HTTP_STATUS:200
TIME_TOTAL:3.383345
TIME_CONNECT:0.291851
SIZE_DOWNLOAD:1307
TIMESTAMP:2025-07-27 15:13:48 UTC
TRIGGER:schedule
