---METADATA---
HTTP_STATUS:200
TIME_TOTAL:3.451902
TIME_CONNECT:0.285593
SIZE_DOWNLOAD:1307
TIMESTAMP:2025-07-27 15:50:04 UTC
TRIGGER:schedule
