---METADATA---
HTTP_STATUS:200
TIME_TOTAL:3.558857
TIME_CONNECT:0.303596
SIZE_DOWNLOAD:1294
TIMESTAMP:2025-07-27 11:56:58 UTC
TRIGGER:schedule
