---METADATA---
HTTP_STATUS:200
TIME_TOTAL:3.520594
TIME_CONNECT:0.271558
SIZE_DOWNLOAD:1307
TIMESTAMP:2025-07-27 17:12:19 UTC
TRIGGER:schedule
