---METADATA---
HTTP_STATUS:200
TIME_TOTAL:3.367427
TIME_CONNECT:0.284951
SIZE_DOWNLOAD:1307
TIMESTAMP:2025-07-27 03:22:34 UTC
TRIGGER:schedule
