---METADATA---
HTTP_STATUS:200
TIME_TOTAL:3.465474
TIME_CONNECT:0.246230
SIZE_DOWNLOAD:1294
TIMESTAMP:2025-07-27 07:25:45 UTC
TRIGGER:schedule
