---METADATA---
HTTP_STATUS:200
TIME_TOTAL:3.459903
TIME_CONNECT:0.276828
SIZE_DOWNLOAD:1307
TIMESTAMP:2025-07-27 15:33:21 UTC
TRIGGER:schedule
