---METADATA---
HTTP_STATUS:200
TIME_TOTAL:4.089311
TIME_CONNECT:0.280996
SIZE_DOWNLOAD:1309
TIMESTAMP:2025-07-27 09:44:53 UTC
TRIGGER:schedule
