---METADATA---
HTTP_STATUS:200
TIME_TOTAL:7.316772
TIME_CONNECT:4.216642
SIZE_DOWNLOAD:1307
TIMESTAMP:2025-07-27 18:57:11 UTC
TRIGGER:schedule
