---METADATA---
HTTP_STATUS:200
TIME_TOTAL:3.371563
TIME_CONNECT:0.273255
SIZE_DOWNLOAD:1294
TIMESTAMP:2025-07-27 12:55:40 UTC
TRIGGER:schedule
