---METADATA---
HTTP_STATUS:200
TIME_TOTAL:3.636242
TIME_CONNECT:0.283051
SIZE_DOWNLOAD:1307
TIMESTAMP:2025-07-27 15:45:02 UTC
TRIGGER:schedule
