---METADATA---
HTTP_STATUS:200
TIME_TOTAL:3.825774
TIME_CONNECT:0.292053
SIZE_DOWNLOAD:1307
TIMESTAMP:2025-07-27 22:59:47 UTC
TRIGGER:schedule
