---METADATA---
HTTP_STATUS:200
TIME_TOTAL:8.364224
TIME_CONNECT:5.307072
SIZE_DOWNLOAD:1307
TIMESTAMP:2025-06-24 05:43:33 UTC
TRIGGER:schedule
