---METADATA---
HTTP_STATUS:200
TIME_TOTAL:1.105329
TIME_CONNECT:0.298355
SIZE_DOWNLOAD:1305
TIMESTAMP:2025-06-24 10:48:45 UTC
TRIGGER:schedule
