---METADATA---
HTTP_STATUS:200
TIME_TOTAL:3.705415
TIME_CONNECT:0.241562
SIZE_DOWNLOAD:1294
TIMESTAMP:2025-06-24 08:19:56 UTC
TRIGGER:schedule
