---METADATA---
HTTP_STATUS:200
TIME_TOTAL:3.414767
TIME_CONNECT:0.266302
SIZE_DOWNLOAD:1307
TIMESTAMP:2025-06-24 06:35:03 UTC
TRIGGER:schedule
