---METADATA---
HTTP_STATUS:200
TIME_TOTAL:3.629489
TIME_CONNECT:0.258580
SIZE_DOWNLOAD:1307
TIMESTAMP:2025-06-24 04:49:28 UTC
TRIGGER:schedule
