---METADATA---
HTTP_STATUS:200
TIME_TOTAL:3.423049
TIME_CONNECT:0.239368
SIZE_DOWNLOAD:1307
TIMESTAMP:2025-06-24 05:16:26 UTC
TRIGGER:schedule
