---METADATA---
HTTP_STATUS:200
TIME_TOTAL:3.705778
TIME_CONNECT:0.252385
SIZE_DOWNLOAD:1292
TIMESTAMP:2025-06-24 10:26:18 UTC
TRIGGER:schedule
