---METADATA---
HTTP_STATUS:200
TIME_TOTAL:3.523093
TIME_CONNECT:0.274378
SIZE_DOWNLOAD:1307
TIMESTAMP:2025-06-24 03:33:00 UTC
TRIGGER:schedule
