---METADATA---
HTTP_STATUS:200
TIME_TOTAL:3.567199
TIME_CONNECT:0.270582
SIZE_DOWNLOAD:1292
TIMESTAMP:2025-06-24 23:57:00 UTC
TRIGGER:schedule
