---METADATA---
HTTP_STATUS:200
TIME_TOTAL:3.243420
TIME_CONNECT:0.294540
SIZE_DOWNLOAD:1292
TIMESTAMP:2025-06-24 20:57:06 UTC
TRIGGER:schedule
