---METADATA---
HTTP_STATUS:200
TIME_TOTAL:3.578517
TIME_CONNECT:0.251890
SIZE_DOWNLOAD:1292
TIMESTAMP:2025-06-24 13:09:49 UTC
TRIGGER:schedule
