---METADATA---
HTTP_STATUS:200
TIME_TOTAL:3.510783
TIME_CONNECT:0.269374
SIZE_DOWNLOAD:1292
TIMESTAMP:2025-06-24 15:15:45 UTC
TRIGGER:schedule
