---METADATA---
HTTP_STATUS:200
TIME_TOTAL:1.082940
TIME_CONNECT:0.279692
SIZE_DOWNLOAD:1292
TIMESTAMP:2025-06-24 14:57:55 UTC
TRIGGER:schedule
