---METADATA---
HTTP_STATUS:200
TIME_TOTAL:3.510061
TIME_CONNECT:0.274944
SIZE_DOWNLOAD:1307
TIMESTAMP:2025-06-24 03:47:10 UTC
TRIGGER:schedule
