---METADATA---
HTTP_STATUS:200
TIME_TOTAL:3.313558
TIME_CONNECT:0.278690
SIZE_DOWNLOAD:1294
TIMESTAMP:2025-06-24 07:49:49 UTC
TRIGGER:schedule
