---METADATA---
HTTP_STATUS:200
TIME_TOTAL:3.382762
TIME_CONNECT:0.249218
SIZE_DOWNLOAD:1294
TIMESTAMP:2025-06-24 01:09:59 UTC
TRIGGER:schedule
