---METADATA---
HTTP_STATUS:200
TIME_TOTAL:3.494083
TIME_CONNECT:0.272872
SIZE_DOWNLOAD:1294
TIMESTAMP:2025-06-24 08:57:04 UTC
TRIGGER:schedule
