---METADATA---
HTTP_STATUS:200
TIME_TOTAL:3.445365
TIME_CONNECT:0.291447
SIZE_DOWNLOAD:1307
TIMESTAMP:2025-06-24 04:24:10 UTC
TRIGGER:schedule
