---METADATA---
HTTP_STATUS:200
TIME_TOTAL:3.337418
TIME_CONNECT:0.287920
SIZE_DOWNLOAD:1292
TIMESTAMP:2025-06-24 18:19:43 UTC
TRIGGER:schedule
