---METADATA---
HTTP_STATUS:200
TIME_TOTAL:3.364807
TIME_CONNECT:0.279786
SIZE_DOWNLOAD:1292
TIMESTAMP:2025-06-24 17:23:28 UTC
TRIGGER:schedule
