---METADATA---
HTTP_STATUS:200
TIME_TOTAL:3.634578
TIME_CONNECT:0.275889
SIZE_DOWNLOAD:1291
TIMESTAMP:2025-06-24 10:15:58 UTC
TRIGGER:schedule
