---METADATA---
HTTP_STATUS:200
TIME_TOTAL:3.334792
TIME_CONNECT:0.271623
SIZE_DOWNLOAD:1292
TIMESTAMP:2025-06-24 19:39:03 UTC
TRIGGER:schedule
