---METADATA---
HTTP_STATUS:200
TIME_TOTAL:3.594625
TIME_CONNECT:0.254731
SIZE_DOWNLOAD:1305
TIMESTAMP:2025-06-24 12:56:25 UTC
TRIGGER:schedule
