---METADATA---
HTTP_STATUS:200
TIME_TOTAL:3.301506
TIME_CONNECT:0.275697
SIZE_DOWNLOAD:1292
TIMESTAMP:2025-06-24 22:57:45 UTC
TRIGGER:schedule
