---METADATA---
HTTP_STATUS:200
TIME_TOTAL:3.290070
TIME_CONNECT:0.281563
SIZE_DOWNLOAD:1292
TIMESTAMP:2025-06-24 22:50:31 UTC
TRIGGER:schedule
