---METADATA---
HTTP_STATUS:200
TIME_TOTAL:3.543743
TIME_CONNECT:0.275420
SIZE_DOWNLOAD:1292
TIMESTAMP:2025-06-24 17:56:56 UTC
TRIGGER:schedule
