---METADATA---
HTTP_STATUS:200
TIME_TOTAL:3.406810
TIME_CONNECT:0.377676
SIZE_DOWNLOAD:1292
TIMESTAMP:2025-06-24 23:13:05 UTC
TRIGGER:schedule
