---METADATA---
HTTP_STATUS:200
TIME_TOTAL:3.455861
TIME_CONNECT:0.302898
SIZE_DOWNLOAD:1294
TIMESTAMP:2025-06-24 13:44:54 UTC
TRIGGER:schedule
