---METADATA---
HTTP_STATUS:200
TIME_TOTAL:3.296453
TIME_CONNECT:0.295309
SIZE_DOWNLOAD:1292
TIMESTAMP:2025-06-24 20:40:03 UTC
TRIGGER:schedule
