---METADATA---
HTTP_STATUS:200
TIME_TOTAL:3.481783
TIME_CONNECT:0.287664
SIZE_DOWNLOAD:1305
TIMESTAMP:2025-06-24 12:28:58 UTC
TRIGGER:schedule
