---METADATA---
HTTP_STATUS:200
TIME_TOTAL:3.262160
TIME_CONNECT:0.235095
SIZE_DOWNLOAD:1292
TIMESTAMP:2025-06-24 21:25:49 UTC
TRIGGER:schedule
