---METADATA---
HTTP_STATUS:200
TIME_TOTAL:3.164591
TIME_CONNECT:0.243851
SIZE_DOWNLOAD:1291
TIMESTAMP:2025-06-24 09:42:20 UTC
TRIGGER:schedule
