---METADATA---
HTTP_STATUS:200
TIME_TOTAL:3.445223
TIME_CONNECT:0.296757
SIZE_DOWNLOAD:1292
TIMESTAMP:2025-06-24 14:43:17 UTC
TRIGGER:schedule
