---METADATA---
HTTP_STATUS:200
TIME_TOTAL:3.224751
TIME_CONNECT:0.251742
SIZE_DOWNLOAD:1292
TIMESTAMP:2025-06-24 23:25:55 UTC
TRIGGER:schedule
