---METADATA---
HTTP_STATUS:200
TIME_TOTAL:3.705920
TIME_CONNECT:0.267844
SIZE_DOWNLOAD:1291
TIMESTAMP:2025-06-24 11:28:32 UTC
TRIGGER:schedule
