---METADATA---
HTTP_STATUS:200
TIME_TOTAL:3.226036
TIME_CONNECT:0.241422
SIZE_DOWNLOAD:1292
TIMESTAMP:2025-06-24 20:50:59 UTC
TRIGGER:schedule
