---METADATA---
HTTP_STATUS:200
TIME_TOTAL:3.237859
TIME_CONNECT:0.272514
SIZE_DOWNLOAD:1307
TIMESTAMP:2025-06-24 05:01:37 UTC
TRIGGER:schedule
