---METADATA---
HTTP_STATUS:200
TIME_TOTAL:3.491971
TIME_CONNECT:0.282106
SIZE_DOWNLOAD:1294
TIMESTAMP:2025-06-24 07:27:02 UTC
TRIGGER:schedule
