---METADATA---
HTTP_STATUS:200
TIME_TOTAL:3.367235
TIME_CONNECT:0.276074
SIZE_DOWNLOAD:1292
TIMESTAMP:2025-06-24 17:50:44 UTC
TRIGGER:schedule
