---METADATA---
HTTP_STATUS:200
TIME_TOTAL:3.515217
TIME_CONNECT:0.295868
SIZE_DOWNLOAD:1294
TIMESTAMP:2025-06-24 11:40:48 UTC
TRIGGER:schedule
