---METADATA---
HTTP_STATUS:200
TIME_TOTAL:3.806801
TIME_CONNECT:0.274617
SIZE_DOWNLOAD:1305
TIMESTAMP:2025-06-24 10:45:08 UTC
TRIGGER:schedule
