---METADATA---
HTTP_STATUS:200
TIME_TOTAL:3.665536
TIME_CONNECT:0.314380
SIZE_DOWNLOAD:1291
TIMESTAMP:2025-06-24 11:07:57 UTC
TRIGGER:schedule
