---METADATA---
HTTP_STATUS:200
TIME_TOTAL:3.296126
TIME_CONNECT:0.272227
SIZE_DOWNLOAD:1292
TIMESTAMP:2025-06-24 19:11:27 UTC
TRIGGER:schedule
