---METADATA---
HTTP_STATUS:200
TIME_TOTAL:3.547711
TIME_CONNECT:0.268391
SIZE_DOWNLOAD:1305
TIMESTAMP:2025-06-24 06:50:52 UTC
TRIGGER:schedule
