---METADATA---
HTTP_STATUS:200
TIME_TOTAL:1.204588
TIME_CONNECT:0.238892
SIZE_DOWNLOAD:1294
TIMESTAMP:2025-06-24 09:52:12 UTC
TRIGGER:schedule
