---METADATA---
HTTP_STATUS:200
TIME_TOTAL:3.448560
TIME_CONNECT:0.312154
SIZE_DOWNLOAD:1294
TIMESTAMP:2025-06-24 06:56:59 UTC
TRIGGER:schedule
