---METADATA---
HTTP_STATUS:200
TIME_TOTAL:3.587100
TIME_CONNECT:0.237219
SIZE_DOWNLOAD:1294
TIMESTAMP:2025-06-24 05:50:57 UTC
TRIGGER:schedule
