---METADATA---
HTTP_STATUS:200
TIME_TOTAL:3.306188
TIME_CONNECT:0.291550
SIZE_DOWNLOAD:1307
TIMESTAMP:2025-06-24 04:42:09 UTC
TRIGGER:schedule
