---METADATA---
HTTP_STATUS:200
TIME_TOTAL:3.357405
TIME_CONNECT:0.301677
SIZE_DOWNLOAD:1291
TIMESTAMP:2025-06-24 09:30:18 UTC
TRIGGER:schedule
