---METADATA---
HTTP_STATUS:200
TIME_TOTAL:3.424503
TIME_CONNECT:0.301983
SIZE_DOWNLOAD:1292
TIMESTAMP:2025-06-24 20:44:17 UTC
TRIGGER:schedule
