---METADATA---
HTTP_STATUS:200
TIME_TOTAL:3.744377
TIME_CONNECT:0.253670
SIZE_DOWNLOAD:1309
TIMESTAMP:2025-06-24 08:36:30 UTC
TRIGGER:schedule
