---METADATA---
HTTP_STATUS:200
TIME_TOTAL:3.400257
TIME_CONNECT:0.304930
SIZE_DOWNLOAD:1292
TIMESTAMP:2025-06-24 14:18:58 UTC
TRIGGER:schedule
