---METADATA---
HTTP_STATUS:200
TIME_TOTAL:3.254905
TIME_CONNECT:0.253814
SIZE_DOWNLOAD:1292
TIMESTAMP:2025-06-24 18:37:48 UTC
TRIGGER:schedule
