---METADATA---
HTTP_STATUS:200
TIME_TOTAL:3.570435
TIME_CONNECT:0.274163
SIZE_DOWNLOAD:1292
TIMESTAMP:2025-06-24 16:48:24 UTC
TRIGGER:schedule
