---METADATA---
HTTP_STATUS:200
TIME_TOTAL:3.309969
TIME_CONNECT:0.303115
SIZE_DOWNLOAD:1292
TIMESTAMP:2025-06-24 21:30:55 UTC
TRIGGER:schedule
