---METADATA---
HTTP_STATUS:200
TIME_TOTAL:3.368001
TIME_CONNECT:0.260245
SIZE_DOWNLOAD:1292
TIMESTAMP:2025-06-24 20:26:17 UTC
TRIGGER:schedule
