---METADATA---
HTTP_STATUS:200
TIME_TOTAL:3.328525
TIME_CONNECT:0.210880
SIZE_DOWNLOAD:1292
TIMESTAMP:2025-06-24 11:48:54 UTC
TRIGGER:schedule
