---METADATA---
HTTP_STATUS:200
TIME_TOTAL:3.380731
TIME_CONNECT:0.250677
SIZE_DOWNLOAD:1294
TIMESTAMP:2025-06-24 13:55:30 UTC
TRIGGER:schedule
