---METADATA---
HTTP_STATUS:200
TIME_TOTAL:3.284971
TIME_CONNECT:0.303716
SIZE_DOWNLOAD:1292
TIMESTAMP:2025-06-24 22:26:25 UTC
TRIGGER:schedule
