---METADATA---
HTTP_STATUS:200
TIME_TOTAL:3.802911
TIME_CONNECT:0.209551
SIZE_DOWNLOAD:1291
TIMESTAMP:2025-06-24 09:16:26 UTC
TRIGGER:schedule
