---METADATA---
HTTP_STATUS:200
TIME_TOTAL:3.373095
TIME_CONNECT:0.256022
SIZE_DOWNLOAD:1294
TIMESTAMP:2025-06-24 09:50:49 UTC
TRIGGER:schedule
