---METADATA---
HTTP_STATUS:200
TIME_TOTAL:3.427786
TIME_CONNECT:0.243846
SIZE_DOWNLOAD:1294
TIMESTAMP:2025-06-24 07:32:53 UTC
TRIGGER:schedule
