---METADATA---
HTTP_STATUS:200
TIME_TOTAL:3.369039
TIME_CONNECT:0.293306
SIZE_DOWNLOAD:1292
TIMESTAMP:2025-06-24 16:30:22 UTC
TRIGGER:schedule
