---METADATA---
HTTP_STATUS:200
TIME_TOTAL:3.740383
TIME_CONNECT:0.417475
SIZE_DOWNLOAD:1292
TIMESTAMP:2025-06-24 19:48:21 UTC
TRIGGER:schedule
