---METADATA---
HTTP_STATUS:200
TIME_TOTAL:3.472524
TIME_CONNECT:0.276909
SIZE_DOWNLOAD:1292
TIMESTAMP:2025-06-24 16:55:29 UTC
TRIGGER:schedule
