---METADATA---
HTTP_STATUS:200
TIME_TOTAL:3.386022
TIME_CONNECT:0.262051
SIZE_DOWNLOAD:1292
TIMESTAMP:2025-06-24 15:52:46 UTC
TRIGGER:schedule
