---METADATA---
HTTP_STATUS:200
TIME_TOTAL:3.313310
TIME_CONNECT:0.284914
SIZE_DOWNLOAD:1309
TIMESTAMP:2025-06-24 08:48:09 UTC
TRIGGER:schedule
