---METADATA---
HTTP_STATUS:200
TIME_TOTAL:3.345307
TIME_CONNECT:0.240338
SIZE_DOWNLOAD:1307
TIMESTAMP:2025-06-24 05:34:35 UTC
TRIGGER:schedule
