---METADATA---
HTTP_STATUS:200
TIME_TOTAL:3.563533
TIME_CONNECT:0.235013
SIZE_DOWNLOAD:1292
TIMESTAMP:2025-06-24 18:56:20 UTC
TRIGGER:schedule
