---METADATA---
HTTP_STATUS:200
TIME_TOTAL:3.467119
TIME_CONNECT:0.253424
SIZE_DOWNLOAD:1292
TIMESTAMP:2025-06-24 21:13:19 UTC
TRIGGER:schedule
