---METADATA---
HTTP_STATUS:200
TIME_TOTAL:3.512457
TIME_CONNECT:0.274727
SIZE_DOWNLOAD:1307
TIMESTAMP:2025-06-24 02:56:14 UTC
TRIGGER:schedule
