---METADATA---
HTTP_STATUS:200
TIME_TOTAL:3.551042
TIME_CONNECT:0.250826
SIZE_DOWNLOAD:1294
TIMESTAMP:2025-06-24 07:44:28 UTC
TRIGGER:schedule
