---METADATA---
HTTP_STATUS:200
TIME_TOTAL:3.422397
TIME_CONNECT:0.329094
SIZE_DOWNLOAD:1292
TIMESTAMP:2025-06-24 21:42:09 UTC
TRIGGER:schedule
