---METADATA---
HTTP_STATUS:200
TIME_TOTAL:3.410940
TIME_CONNECT:0.291713
SIZE_DOWNLOAD:1292
TIMESTAMP:2025-06-24 15:30:43 UTC
TRIGGER:schedule
