---METADATA---
HTTP_STATUS:200
TIME_TOTAL:3.401656
TIME_CONNECT:0.234592
SIZE_DOWNLOAD:1292
TIMESTAMP:2025-06-24 22:45:46 UTC
TRIGGER:schedule
