---METADATA---
HTTP_STATUS:200
TIME_TOTAL:3.562356
TIME_CONNECT:0.238392
SIZE_DOWNLOAD:1292
TIMESTAMP:2025-06-24 16:17:51 UTC
TRIGGER:schedule
