---METADATA---
HTTP_STATUS:200
TIME_TOTAL:3.368908
TIME_CONNECT:0.236381
SIZE_DOWNLOAD:1292
TIMESTAMP:2025-06-24 18:48:50 UTC
TRIGGER:schedule
