---METADATA---
HTTP_STATUS:200
TIME_TOTAL:3.580106
TIME_CONNECT:0.236741
SIZE_DOWNLOAD:1292
TIMESTAMP:2025-06-24 23:42:52 UTC
TRIGGER:schedule
