---METADATA---
HTTP_STATUS:200
TIME_TOTAL:3.240798
TIME_CONNECT:0.270301
SIZE_DOWNLOAD:1292
TIMESTAMP:2025-06-24 23:48:49 UTC
TRIGGER:schedule
