---METADATA---
HTTP_STATUS:200
TIME_TOTAL:3.645196
TIME_CONNECT:0.277036
SIZE_DOWNLOAD:1292
TIMESTAMP:2025-06-24 23:30:23 UTC
TRIGGER:schedule
