---METADATA---
HTTP_STATUS:200
TIME_TOTAL:3.505994
TIME_CONNECT:0.285098
SIZE_DOWNLOAD:1307
TIMESTAMP:2025-06-24 06:21:32 UTC
TRIGGER:schedule
