---METADATA---
HTTP_STATUS:200
TIME_TOTAL:3.377206
TIME_CONNECT:0.253858
SIZE_DOWNLOAD:1292
TIMESTAMP:2025-06-24 14:52:59 UTC
TRIGGER:schedule
