---METADATA---
HTTP_STATUS:200
TIME_TOTAL:3.523034
TIME_CONNECT:0.284551
SIZE_DOWNLOAD:1292
TIMESTAMP:2025-06-24 17:14:17 UTC
TRIGGER:schedule
