---METADATA---
HTTP_STATUS:200
TIME_TOTAL:3.236335
TIME_CONNECT:0.234612
SIZE_DOWNLOAD:1292
TIMESTAMP:2025-06-24 13:39:00 UTC
TRIGGER:schedule
