---METADATA---
HTTP_STATUS:200
TIME_TOTAL:3.582023
TIME_CONNECT:0.241124
SIZE_DOWNLOAD:1305
TIMESTAMP:2025-06-24 11:57:03 UTC
TRIGGER:schedule
