---METADATA---
HTTP_STATUS:200
TIME_TOTAL:3.336169
TIME_CONNECT:0.287195
SIZE_DOWNLOAD:1307
TIMESTAMP:2025-06-24 04:05:35 UTC
TRIGGER:schedule
