---METADATA---
HTTP_STATUS:200
TIME_TOTAL:3.878919
TIME_CONNECT:0.323551
SIZE_DOWNLOAD:1294
TIMESTAMP:2025-06-24 13:57:01 UTC
TRIGGER:schedule
