---METADATA---
HTTP_STATUS:200
TIME_TOTAL:3.387876
TIME_CONNECT:0.299687
SIZE_DOWNLOAD:1292
TIMESTAMP:2025-06-24 17:35:50 UTC
TRIGGER:schedule
