---METADATA---
HTTP_STATUS:200
TIME_TOTAL:3.514283
TIME_CONNECT:0.276943
SIZE_DOWNLOAD:1292
TIMESTAMP:2025-06-24 21:48:09 UTC
TRIGGER:schedule
