---METADATA---
HTTP_STATUS:200
TIME_TOTAL:3.303540
TIME_CONNECT:0.235912
SIZE_DOWNLOAD:1292
TIMESTAMP:2025-06-24 19:51:04 UTC
TRIGGER:schedule
