---METADATA---
HTTP_STATUS:200
TIME_TOTAL:1.152897
TIME_CONNECT:0.285781
SIZE_DOWNLOAD:1291
TIMESTAMP:2025-06-24 11:12:34 UTC
TRIGGER:schedule
