---METADATA---
HTTP_STATUS:200
TIME_TOTAL:3.545500
TIME_CONNECT:0.240188
SIZE_DOWNLOAD:1292
TIMESTAMP:2025-06-24 14:45:56 UTC
TRIGGER:schedule
