---METADATA---
HTTP_STATUS:200
TIME_TOTAL:3.228519
TIME_CONNECT:0.247904
SIZE_DOWNLOAD:1292
TIMESTAMP:2025-06-24 22:35:04 UTC
TRIGGER:schedule
