---METADATA---
HTTP_STATUS:200
TIME_TOTAL:3.419322
TIME_CONNECT:0.312025
SIZE_DOWNLOAD:1292
TIMESTAMP:2025-06-24 15:51:13 UTC
TRIGGER:schedule
