---METADATA---
HTTP_STATUS:200
TIME_TOTAL:3.335015
TIME_CONNECT:0.228144
SIZE_DOWNLOAD:1292
TIMESTAMP:2025-06-24 17:44:44 UTC
TRIGGER:schedule
