---METADATA---
HTTP_STATUS:200
TIME_TOTAL:3.266369
TIME_CONNECT:0.350895
SIZE_DOWNLOAD:1307
TIMESTAMP:2025-06-24 02:11:08 UTC
TRIGGER:schedule
