---METADATA---
HTTP_STATUS:200
TIME_TOTAL:3.674344
TIME_CONNECT:0.243633
SIZE_DOWNLOAD:1294
TIMESTAMP:2025-06-24 07:57:10 UTC
TRIGGER:schedule
