---METADATA---
HTTP_STATUS:200
TIME_TOTAL:1.127778
TIME_CONNECT:0.295041
SIZE_DOWNLOAD:1292
TIMESTAMP:2025-06-24 19:26:15 UTC
TRIGGER:schedule
