---METADATA---
HTTP_STATUS:200
TIME_TOTAL:3.426988
TIME_CONNECT:0.244310
SIZE_DOWNLOAD:1292
TIMESTAMP:2025-06-24 22:13:19 UTC
TRIGGER:schedule
