---METADATA---
HTTP_STATUS:200
TIME_TOTAL:3.447779
TIME_CONNECT:0.297107
SIZE_DOWNLOAD:1292
TIMESTAMP:2025-06-24 19:36:44 UTC
TRIGGER:schedule
