---METADATA---
HTTP_STATUS:200
TIME_TOTAL:3.261119
TIME_CONNECT:0.272654
SIZE_DOWNLOAD:1292
TIMESTAMP:2025-06-24 20:16:01 UTC
TRIGGER:schedule
