---METADATA---
HTTP_STATUS:200
TIME_TOTAL:3.763649
TIME_CONNECT:0.275789
SIZE_DOWNLOAD:1292
TIMESTAMP:2025-06-24 14:25:07 UTC
TRIGGER:schedule
