---METADATA---
HTTP_STATUS:200
TIME_TOTAL:1.111531
TIME_CONNECT:0.308198
SIZE_DOWNLOAD:1294
TIMESTAMP:2025-06-24 05:52:29 UTC
TRIGGER:schedule
