---METADATA---
HTTP_STATUS:200
TIME_TOTAL:3.233830
TIME_CONNECT:0.285412
SIZE_DOWNLOAD:1292
TIMESTAMP:2025-06-24 21:57:01 UTC
TRIGGER:schedule
