---METADATA---
HTTP_STATUS:200
TIME_TOTAL:3.408070
TIME_CONNECT:0.246137
SIZE_DOWNLOAD:1292
TIMESTAMP:2025-06-24 15:42:10 UTC
TRIGGER:schedule
