---METADATA---
HTTP_STATUS:200
TIME_TOTAL:3.369932
TIME_CONNECT:0.236242
SIZE_DOWNLOAD:1294
TIMESTAMP:2025-06-24 11:43:15 UTC
TRIGGER:schedule
