---METADATA---
HTTP_STATUS:200
TIME_TOTAL:3.444098
TIME_CONNECT:0.236809
SIZE_DOWNLOAD:1294
TIMESTAMP:2025-08-09 20:46:18 UTC
TRIGGER:schedule
