---METADATA---
HTTP_STATUS:200
TIME_TOTAL:3.355003
TIME_CONNECT:0.234047
SIZE_DOWNLOAD:1298
TIMESTAMP:2025-08-09 07:22:27 UTC
TRIGGER:schedule
