---METADATA---
HTTP_STATUS:200
TIME_TOTAL:3.484598
TIME_CONNECT:0.246340
SIZE_DOWNLOAD:1305
TIMESTAMP:2025-08-09 09:23:58 UTC
TRIGGER:schedule
