---METADATA---
HTTP_STATUS:200
TIME_TOTAL:3.454075
TIME_CONNECT:0.275497
SIZE_DOWNLOAD:1294
TIMESTAMP:2025-08-09 16:45:37 UTC
TRIGGER:schedule
