---METADATA---
HTTP_STATUS:200
TIME_TOTAL:3.384550
TIME_CONNECT:0.227096
SIZE_DOWNLOAD:1294
TIMESTAMP:2025-08-09 21:56:59 UTC
TRIGGER:schedule
