---METADATA---
HTTP_STATUS:200
TIME_TOTAL:3.392465
TIME_CONNECT:0.241032
SIZE_DOWNLOAD:1294
TIMESTAMP:2025-08-09 19:58:53 UTC
TRIGGER:schedule
