---METADATA---
HTTP_STATUS:200
TIME_TOTAL:3.505158
TIME_CONNECT:0.331716
SIZE_DOWNLOAD:1294
TIMESTAMP:2025-08-09 21:25:18 UTC
TRIGGER:schedule
