---METADATA---
HTTP_STATUS:200
TIME_TOTAL:3.564195
TIME_CONNECT:0.289496
SIZE_DOWNLOAD:1294
TIMESTAMP:2025-08-09 14:26:33 UTC
TRIGGER:schedule
