---METADATA---
HTTP_STATUS:200
TIME_TOTAL:3.704517
TIME_CONNECT:0.289457
SIZE_DOWNLOAD:1294
TIMESTAMP:2025-08-09 15:56:56 UTC
TRIGGER:schedule
