---METADATA---
HTTP_STATUS:200
TIME_TOTAL:3.651706
TIME_CONNECT:0.334480
SIZE_DOWNLOAD:1296
TIMESTAMP:2025-08-09 08:17:49 UTC
TRIGGER:schedule
