---METADATA---
HTTP_STATUS:200
TIME_TOTAL:3.525024
TIME_CONNECT:0.354602
SIZE_DOWNLOAD:1294
TIMESTAMP:2025-08-09 17:38:11 UTC
TRIGGER:schedule
