---METADATA---
HTTP_STATUS:200
TIME_TOTAL:3.376593
TIME_CONNECT:0.219116
SIZE_DOWNLOAD:1305
TIMESTAMP:2025-08-09 09:32:29 UTC
TRIGGER:schedule
