---METADATA---
HTTP_STATUS:200
TIME_TOTAL:3.418784
TIME_CONNECT:0.278279
SIZE_DOWNLOAD:1294
TIMESTAMP:2025-08-09 06:20:24 UTC
TRIGGER:schedule
