---METADATA---
HTTP_STATUS:200
TIME_TOTAL:3.430032
TIME_CONNECT:0.243269
SIZE_DOWNLOAD:1305
TIMESTAMP:2025-08-09 09:57:02 UTC
TRIGGER:schedule
