---METADATA---
HTTP_STATUS:200
TIME_TOTAL:3.363465
TIME_CONNECT:0.245862
SIZE_DOWNLOAD:1294
TIMESTAMP:2025-08-09 21:48:15 UTC
TRIGGER:schedule
