---METADATA---
HTTP_STATUS:200
TIME_TOTAL:3.422346
TIME_CONNECT:0.283525
SIZE_DOWNLOAD:1294
TIMESTAMP:2025-08-09 05:36:28 UTC
TRIGGER:schedule
