---METADATA---
HTTP_STATUS:200
TIME_TOTAL:3.622674
TIME_CONNECT:0.295748
SIZE_DOWNLOAD:1305
TIMESTAMP:2025-08-09 10:14:02 UTC
TRIGGER:schedule
