---METADATA---
HTTP_STATUS:200
TIME_TOTAL:3.347068
TIME_CONNECT:0.239490
SIZE_DOWNLOAD:1294
TIMESTAMP:2025-08-09 23:49:37 UTC
TRIGGER:schedule
