---METADATA---
HTTP_STATUS:200
TIME_TOTAL:3.483553
TIME_CONNECT:0.312980
SIZE_DOWNLOAD:1294
TIMESTAMP:2025-08-09 23:31:13 UTC
TRIGGER:schedule
