---METADATA---
HTTP_STATUS:200
TIME_TOTAL:3.445964
TIME_CONNECT:0.277303
SIZE_DOWNLOAD:1294
TIMESTAMP:2025-08-09 03:34:54 UTC
TRIGGER:schedule
