---METADATA---
HTTP_STATUS:200
TIME_TOTAL:3.718288
TIME_CONNECT:0.305514
SIZE_DOWNLOAD:1294
TIMESTAMP:2025-08-09 12:27:12 UTC
TRIGGER:schedule
