---METADATA---
HTTP_STATUS:200
TIME_TOTAL:3.320900
TIME_CONNECT:0.240447
SIZE_DOWNLOAD:1294
TIMESTAMP:2025-08-09 13:50:45 UTC
TRIGGER:schedule
