---METADATA---
HTTP_STATUS:200
TIME_TOTAL:3.424521
TIME_CONNECT:0.280755
SIZE_DOWNLOAD:1294
TIMESTAMP:2025-08-09 20:34:15 UTC
TRIGGER:schedule
