---METADATA---
HTTP_STATUS:200
TIME_TOTAL:3.502610
TIME_CONNECT:0.239311
SIZE_DOWNLOAD:1294
TIMESTAMP:2025-08-09 23:43:27 UTC
TRIGGER:schedule
