---METADATA---
HTTP_STATUS:200
TIME_TOTAL:3.409282
TIME_CONNECT:0.281975
SIZE_DOWNLOAD:1296
TIMESTAMP:2025-08-09 01:09:55 UTC
TRIGGER:schedule
