---METADATA---
HTTP_STATUS:200
TIME_TOTAL:3.557052
TIME_CONNECT:0.250882
SIZE_DOWNLOAD:1296
TIMESTAMP:2025-08-09 07:30:03 UTC
TRIGGER:schedule
