---METADATA---
HTTP_STATUS:200
TIME_TOTAL:3.482627
TIME_CONNECT:0.287297
SIZE_DOWNLOAD:1294
TIMESTAMP:2025-08-09 22:35:02 UTC
TRIGGER:schedule
