---METADATA---
HTTP_STATUS:200
TIME_TOTAL:3.641799
TIME_CONNECT:0.290309
SIZE_DOWNLOAD:1305
TIMESTAMP:2025-08-09 10:51:30 UTC
TRIGGER:schedule
