---METADATA---
HTTP_STATUS:200
TIME_TOTAL:3.397457
TIME_CONNECT:0.275667
SIZE_DOWNLOAD:1294
TIMESTAMP:2025-08-09 22:57:51 UTC
TRIGGER:schedule
