---METADATA---
HTTP_STATUS:200
TIME_TOTAL:3.505285
TIME_CONNECT:0.275753
SIZE_DOWNLOAD:1294
TIMESTAMP:2025-08-09 19:10:43 UTC
TRIGGER:schedule
