---METADATA---
HTTP_STATUS:200
TIME_TOTAL:3.343035
TIME_CONNECT:0.238727
SIZE_DOWNLOAD:1294
TIMESTAMP:2025-08-09 06:49:40 UTC
TRIGGER:schedule
