---METADATA---
HTTP_STATUS:200
TIME_TOTAL:3.472141
TIME_CONNECT:0.268506
SIZE_DOWNLOAD:1294
TIMESTAMP:2025-08-09 18:19:18 UTC
TRIGGER:schedule
