---METADATA---
HTTP_STATUS:200
TIME_TOTAL:3.531097
TIME_CONNECT:0.233339
SIZE_DOWNLOAD:1294
TIMESTAMP:2025-08-09 05:51:03 UTC
TRIGGER:schedule
