---METADATA---
HTTP_STATUS:200
TIME_TOTAL:3.615118
TIME_CONNECT:0.240601
SIZE_DOWNLOAD:1294
TIMESTAMP:2025-08-09 05:30:30 UTC
TRIGGER:schedule
