---METADATA---
HTTP_STATUS:200
TIME_TOTAL:1.124949
TIME_CONNECT:0.285266
SIZE_DOWNLOAD:1294
TIMESTAMP:2025-08-09 14:50:04 UTC
TRIGGER:schedule
