---METADATA---
HTTP_STATUS:200
TIME_TOTAL:3.353039
TIME_CONNECT:0.284498
SIZE_DOWNLOAD:1294
TIMESTAMP:2025-08-09 23:13:30 UTC
TRIGGER:schedule
