---METADATA---
HTTP_STATUS:200
TIME_TOTAL:3.626394
TIME_CONNECT:0.216455
SIZE_DOWNLOAD:1294
TIMESTAMP:2025-08-09 04:41:45 UTC
TRIGGER:schedule
