---METADATA---
HTTP_STATUS:200
TIME_TOTAL:3.604650
TIME_CONNECT:0.245050
SIZE_DOWNLOAD:1294
TIMESTAMP:2025-08-09 15:43:54 UTC
TRIGGER:schedule
