---METADATA---
HTTP_STATUS:200
TIME_TOTAL:1.158437
TIME_CONNECT:0.288257
SIZE_DOWNLOAD:1294
TIMESTAMP:2025-08-09 15:49:35 UTC
TRIGGER:schedule
