---METADATA---
HTTP_STATUS:200
TIME_TOTAL:3.376491
TIME_CONNECT:0.285882
SIZE_DOWNLOAD:1294
TIMESTAMP:2025-08-09 06:34:26 UTC
TRIGGER:schedule
