---METADATA---
HTTP_STATUS:200
TIME_TOTAL:3.445677
TIME_CONNECT:0.288999
SIZE_DOWNLOAD:1294
TIMESTAMP:2025-08-09 17:50:22 UTC
TRIGGER:schedule
