---METADATA---
HTTP_STATUS:200
TIME_TOTAL:3.498357
TIME_CONNECT:0.274806
SIZE_DOWNLOAD:1295
TIMESTAMP:2025-08-09 13:05:44 UTC
TRIGGER:schedule
