---METADATA---
HTTP_STATUS:200
TIME_TOTAL:1.003379
TIME_CONNECT:0.242850
SIZE_DOWNLOAD:1294
TIMESTAMP:2025-08-09 07:41:35 UTC
TRIGGER:schedule
