---METADATA---
HTTP_STATUS:200
TIME_TOTAL:3.493741
TIME_CONNECT:0.242465
SIZE_DOWNLOAD:1294
TIMESTAMP:2025-08-09 22:26:41 UTC
TRIGGER:schedule
