---METADATA---
HTTP_STATUS:200
TIME_TOTAL:3.491270
TIME_CONNECT:0.274240
SIZE_DOWNLOAD:1294
TIMESTAMP:2025-08-09 02:56:08 UTC
TRIGGER:schedule
