---METADATA---
HTTP_STATUS:200
TIME_TOTAL:3.620377
TIME_CONNECT:0.297801
SIZE_DOWNLOAD:1298
TIMESTAMP:2025-08-09 07:13:09 UTC
TRIGGER:schedule
