---METADATA---
HTTP_STATUS:200
TIME_TOTAL:3.459469
TIME_CONNECT:0.285776
SIZE_DOWNLOAD:1309
TIMESTAMP:2025-08-09 11:52:04 UTC
TRIGGER:schedule
