---METADATA---
HTTP_STATUS:200
TIME_TOTAL:3.427938
TIME_CONNECT:0.245150
SIZE_DOWNLOAD:1294
TIMESTAMP:2025-08-09 16:16:34 UTC
TRIGGER:schedule
