---METADATA---
HTTP_STATUS:200
TIME_TOTAL:3.842508
TIME_CONNECT:0.485788
SIZE_DOWNLOAD:1294
TIMESTAMP:2025-08-09 17:19:38 UTC
TRIGGER:schedule
