---METADATA---
HTTP_STATUS:200
TIME_TOTAL:3.569686
TIME_CONNECT:0.288307
SIZE_DOWNLOAD:1294
TIMESTAMP:2025-08-09 14:12:58 UTC
TRIGGER:schedule
