---METADATA---
HTTP_STATUS:200
TIME_TOTAL:3.401920
TIME_CONNECT:0.276714
SIZE_DOWNLOAD:1294
TIMESTAMP:2025-08-09 13:46:11 UTC
TRIGGER:schedule
