---METADATA---
HTTP_STATUS:200
TIME_TOTAL:3.486450
TIME_CONNECT:0.289118
SIZE_DOWNLOAD:1307
TIMESTAMP:2025-08-09 11:40:04 UTC
TRIGGER:schedule
