---METADATA---
HTTP_STATUS:200
TIME_TOTAL:3.480400
TIME_CONNECT:0.257083
SIZE_DOWNLOAD:1294
TIMESTAMP:2025-08-09 14:33:41 UTC
TRIGGER:schedule
