---METADATA---
HTTP_STATUS:200
TIME_TOTAL:3.476320
TIME_CONNECT:0.236992
SIZE_DOWNLOAD:1294
TIMESTAMP:2025-08-09 03:48:44 UTC
TRIGGER:schedule
