---METADATA---
HTTP_STATUS:200
TIME_TOTAL:3.478854
TIME_CONNECT:0.281294
SIZE_DOWNLOAD:1294
TIMESTAMP:2025-08-09 17:48:46 UTC
TRIGGER:schedule
