---METADATA---
HTTP_STATUS:200
TIME_TOTAL:3.581494
TIME_CONNECT:0.281325
SIZE_DOWNLOAD:1309
TIMESTAMP:2025-08-09 11:47:59 UTC
TRIGGER:schedule
