---METADATA---
HTTP_STATUS:200
TIME_TOTAL:3.467261
TIME_CONNECT:0.281056
SIZE_DOWNLOAD:1294
TIMESTAMP:2025-08-09 07:56:55 UTC
TRIGGER:schedule
