---METADATA---
HTTP_STATUS:200
TIME_TOTAL:3.489235
TIME_CONNECT:0.278987
SIZE_DOWNLOAD:1296
TIMESTAMP:2025-08-09 12:47:29 UTC
TRIGGER:schedule
