---METADATA---
HTTP_STATUS:200
TIME_TOTAL:3.335053
TIME_CONNECT:0.274905
SIZE_DOWNLOAD:1294
TIMESTAMP:2025-08-09 18:48:19 UTC
TRIGGER:schedule
