---METADATA---
HTTP_STATUS:200
TIME_TOTAL:3.507949
TIME_CONNECT:0.277649
SIZE_DOWNLOAD:1307
TIMESTAMP:2025-08-09 11:37:47 UTC
TRIGGER:schedule
