---METADATA---
HTTP_STATUS:200
TIME_TOTAL:3.313831
TIME_CONNECT:0.238814
SIZE_DOWNLOAD:1294
TIMESTAMP:2025-08-09 19:25:21 UTC
TRIGGER:schedule
