---METADATA---
HTTP_STATUS:200
TIME_TOTAL:3.487708
TIME_CONNECT:0.213106
SIZE_DOWNLOAD:1294
TIMESTAMP:2025-08-09 19:48:15 UTC
TRIGGER:schedule
