---METADATA---
HTTP_STATUS:200
TIME_TOTAL:3.560114
TIME_CONNECT:0.291231
SIZE_DOWNLOAD:1294
TIMESTAMP:2025-08-09 14:45:06 UTC
TRIGGER:schedule
