---METADATA---
HTTP_STATUS:200
TIME_TOTAL:3.386696
TIME_CONNECT:0.220600
SIZE_DOWNLOAD:1294
TIMESTAMP:2025-08-09 04:48:28 UTC
TRIGGER:schedule
