---METADATA---
HTTP_STATUS:200
TIME_TOTAL:3.539823
TIME_CONNECT:0.238065
SIZE_DOWNLOAD:1294
TIMESTAMP:2025-08-09 14:57:04 UTC
TRIGGER:schedule
