---METADATA---
HTTP_STATUS:200
TIME_TOTAL:3.668053
TIME_CONNECT:0.244692
SIZE_DOWNLOAD:1305
TIMESTAMP:2025-08-09 09:48:47 UTC
TRIGGER:schedule
