---METADATA---
HTTP_STATUS:200
TIME_TOTAL:3.620081
TIME_CONNECT:0.244706
SIZE_DOWNLOAD:1305
TIMESTAMP:2025-08-09 11:23:09 UTC
TRIGGER:schedule
