---METADATA---
HTTP_STATUS:200
TIME_TOTAL:3.234313
TIME_CONNECT:0.257630
SIZE_DOWNLOAD:1294
TIMESTAMP:2025-08-09 05:50:20 UTC
TRIGGER:schedule
