---METADATA---
HTTP_STATUS:200
TIME_TOTAL:3.449872
TIME_CONNECT:0.257905
SIZE_DOWNLOAD:1294
TIMESTAMP:2025-08-09 05:14:34 UTC
TRIGGER:schedule
