---METADATA---
HTTP_STATUS:200
TIME_TOTAL:3.382637
TIME_CONNECT:0.250508
SIZE_DOWNLOAD:1294
TIMESTAMP:2025-08-09 20:29:36 UTC
TRIGGER:schedule
