---METADATA---
HTTP_STATUS:200
TIME_TOTAL:3.424395
TIME_CONNECT:0.252287
SIZE_DOWNLOAD:1294
TIMESTAMP:2025-08-09 19:17:49 UTC
TRIGGER:schedule
