---METADATA---
HTTP_STATUS:200
TIME_TOTAL:3.426938
TIME_CONNECT:0.328683
SIZE_DOWNLOAD:1294
TIMESTAMP:2025-08-09 20:50:50 UTC
TRIGGER:schedule
