---METADATA---
HTTP_STATUS:200
TIME_TOTAL:3.361762
TIME_CONNECT:0.243157
SIZE_DOWNLOAD:1305
TIMESTAMP:2025-08-09 11:26:56 UTC
TRIGGER:schedule
