---METADATA---
HTTP_STATUS:200
TIME_TOTAL:3.325823
TIME_CONNECT:0.274780
SIZE_DOWNLOAD:1294
TIMESTAMP:2025-08-09 16:53:29 UTC
TRIGGER:schedule
