---METADATA---
HTTP_STATUS:200
TIME_TOTAL:3.483803
TIME_CONNECT:0.335434
SIZE_DOWNLOAD:1294
TIMESTAMP:2025-08-09 19:47:00 UTC
TRIGGER:schedule
