---METADATA---
HTTP_STATUS:200
TIME_TOTAL:3.469809
TIME_CONNECT:0.286595
SIZE_DOWNLOAD:1294
TIMESTAMP:2025-08-09 22:45:54 UTC
TRIGGER:schedule
