---METADATA---
HTTP_STATUS:200
TIME_TOTAL:0.996065
TIME_CONNECT:0.242731
SIZE_DOWNLOAD:1294
TIMESTAMP:2025-08-09 19:30:07 UTC
TRIGGER:schedule
