---METADATA---
HTTP_STATUS:200
TIME_TOTAL:3.424492
TIME_CONNECT:0.284106
SIZE_DOWNLOAD:1294
TIMESTAMP:2025-08-09 04:23:58 UTC
TRIGGER:schedule
