---METADATA---
HTTP_STATUS:200
TIME_TOTAL:3.386840
TIME_CONNECT:0.279672
SIZE_DOWNLOAD:1294
TIMESTAMP:2025-08-09 19:35:24 UTC
TRIGGER:schedule
