---METADATA---
HTTP_STATUS:200
TIME_TOTAL:4.085129
TIME_CONNECT:0.335286
SIZE_DOWNLOAD:1305
TIMESTAMP:2025-08-09 10:58:50 UTC
TRIGGER:schedule
