---METADATA---
HTTP_STATUS:200
TIME_TOTAL:3.517414
TIME_CONNECT:0.281709
SIZE_DOWNLOAD:1294
TIMESTAMP:2025-08-09 07:40:44 UTC
TRIGGER:schedule
