---METADATA---
HTTP_STATUS:200
TIME_TOTAL:3.475804
TIME_CONNECT:0.294353
SIZE_DOWNLOAD:1305
TIMESTAMP:2025-08-09 10:37:12 UTC
TRIGGER:schedule
