---METADATA---
HTTP_STATUS:200
TIME_TOTAL:3.755100
TIME_CONNECT:0.286086
SIZE_DOWNLOAD:1294
TIMESTAMP:2025-08-09 16:32:34 UTC
TRIGGER:schedule
