---METADATA---
HTTP_STATUS:200
TIME_TOTAL:3.593347
TIME_CONNECT:0.287296
SIZE_DOWNLOAD:1294
TIMESTAMP:2025-08-09 07:49:48 UTC
TRIGGER:schedule
