---METADATA---
HTTP_STATUS:200
TIME_TOTAL:3.453187
TIME_CONNECT:0.279223
SIZE_DOWNLOAD:1294
TIMESTAMP:2025-08-09 23:26:20 UTC
TRIGGER:schedule
