---METADATA---
HTTP_STATUS:200
TIME_TOTAL:3.238855
TIME_CONNECT:0.219631
SIZE_DOWNLOAD:1294
TIMESTAMP:2025-08-09 18:32:53 UTC
TRIGGER:schedule
