---METADATA---
HTTP_STATUS:200
TIME_TOTAL:3.638217
TIME_CONNECT:0.282258
SIZE_DOWNLOAD:1305
TIMESTAMP:2025-08-09 09:42:26 UTC
TRIGGER:schedule
