---METADATA---
HTTP_STATUS:200
TIME_TOTAL:3.554965
TIME_CONNECT:0.282678
SIZE_DOWNLOAD:1305
TIMESTAMP:2025-08-09 08:45:11 UTC
TRIGGER:schedule
