---METADATA---
HTTP_STATUS:200
TIME_TOTAL:3.530764
TIME_CONNECT:0.304461
SIZE_DOWNLOAD:1294
TIMESTAMP:2025-08-09 21:30:08 UTC
TRIGGER:schedule
