---METADATA---
HTTP_STATUS:200
TIME_TOTAL:3.430311
TIME_CONNECT:0.277410
SIZE_DOWNLOAD:1305
TIMESTAMP:2025-08-09 08:54:06 UTC
TRIGGER:schedule
