---METADATA---
HTTP_STATUS:200
TIME_TOTAL:3.586734
TIME_CONNECT:0.283422
SIZE_DOWNLOAD:1294
TIMESTAMP:2025-08-09 06:55:37 UTC
TRIGGER:schedule
