---METADATA---
HTTP_STATUS:200
TIME_TOTAL:3.370301
TIME_CONNECT:0.244157
SIZE_DOWNLOAD:1294
TIMESTAMP:2025-08-09 17:11:50 UTC
TRIGGER:schedule
