---METADATA---
HTTP_STATUS:200
TIME_TOTAL:3.591589
TIME_CONNECT:0.292257
SIZE_DOWNLOAD:1294
TIMESTAMP:2025-08-09 04:05:25 UTC
TRIGGER:schedule
