---METADATA---
HTTP_STATUS:200
TIME_TOTAL:3.554602
TIME_CONNECT:0.279111
SIZE_DOWNLOAD:1305
TIMESTAMP:2025-08-09 09:14:01 UTC
TRIGGER:schedule
