---METADATA---
HTTP_STATUS:200
TIME_TOTAL:3.593727
TIME_CONNECT:0.286813
SIZE_DOWNLOAD:1294
TIMESTAMP:2025-08-09 15:13:34 UTC
TRIGGER:schedule
