---METADATA---
HTTP_STATUS:200
TIME_TOTAL:3.468729
TIME_CONNECT:0.266823
SIZE_DOWNLOAD:1294
TIMESTAMP:2025-08-09 22:50:57 UTC
TRIGGER:schedule
