---METADATA---
HTTP_STATUS:200
TIME_TOTAL:3.583348
TIME_CONNECT:0.291284
SIZE_DOWNLOAD:1294
TIMESTAMP:2025-08-09 13:20:45 UTC
TRIGGER:schedule
