---METADATA---
HTTP_STATUS:200
TIME_TOTAL:3.606938
TIME_CONNECT:0.275428
SIZE_DOWNLOAD:1294
TIMESTAMP:2025-08-09 13:58:02 UTC
TRIGGER:schedule
