---METADATA---
HTTP_STATUS:200
TIME_TOTAL:3.664917
TIME_CONNECT:0.286917
SIZE_DOWNLOAD:1305
TIMESTAMP:2025-08-09 08:33:32 UTC
TRIGGER:schedule
