---METADATA---
HTTP_STATUS:200
TIME_TOTAL:3.339598
TIME_CONNECT:0.278388
SIZE_DOWNLOAD:1294
TIMESTAMP:2025-08-09 21:12:41 UTC
TRIGGER:schedule
