---METADATA---
HTTP_STATUS:200
TIME_TOTAL:3.338985
TIME_CONNECT:0.289713
SIZE_DOWNLOAD:1294
TIMESTAMP:2025-08-09 22:13:30 UTC
TRIGGER:schedule
