---METADATA---
HTTP_STATUS:200
TIME_TOTAL:3.529914
TIME_CONNECT:0.277863
SIZE_DOWNLOAD:1294
TIMESTAMP:2025-08-09 20:58:06 UTC
TRIGGER:schedule
