---METADATA---
HTTP_STATUS:200
TIME_TOTAL:3.494236
TIME_CONNECT:0.274510
SIZE_DOWNLOAD:1294
TIMESTAMP:2025-08-09 13:39:18 UTC
TRIGGER:schedule
