---METADATA---
HTTP_STATUS:200
TIME_TOTAL:3.609883
TIME_CONNECT:0.269245
SIZE_DOWNLOAD:1305
TIMESTAMP:2025-08-09 11:11:38 UTC
TRIGGER:schedule
