---METADATA---
HTTP_STATUS:200
TIME_TOTAL:3.600090
TIME_CONNECT:0.249216
SIZE_DOWNLOAD:1305
TIMESTAMP:2025-08-09 10:46:55 UTC
TRIGGER:schedule
