---METADATA---
HTTP_STATUS:200
TIME_TOTAL:3.439056
TIME_CONNECT:0.222302
SIZE_DOWNLOAD:1305
TIMESTAMP:2025-08-09 10:28:14 UTC
TRIGGER:schedule
