---METADATA---
HTTP_STATUS:200
TIME_TOTAL:3.587601
TIME_CONNECT:0.306717
SIZE_DOWNLOAD:1294
TIMESTAMP:2025-08-09 17:31:06 UTC
TRIGGER:schedule
