---METADATA---
HTTP_STATUS:200
TIME_TOTAL:3.477034
TIME_CONNECT:0.325954
SIZE_DOWNLOAD:1294
TIMESTAMP:2025-08-09 15:26:58 UTC
TRIGGER:schedule
