---METADATA---
HTTP_STATUS:200
TIME_TOTAL:3.710753
TIME_CONNECT:0.303749
SIZE_DOWNLOAD:1294
TIMESTAMP:2025-08-09 04:59:56 UTC
TRIGGER:schedule
