---METADATA---
HTTP_STATUS:200
TIME_TOTAL:3.346823
TIME_CONNECT:0.282677
SIZE_DOWNLOAD:1294
TIMESTAMP:2025-08-09 18:54:25 UTC
TRIGGER:schedule
