---METADATA---
HTTP_STATUS:200
TIME_TOTAL:3.375664
TIME_CONNECT:0.288384
SIZE_DOWNLOAD:1294
TIMESTAMP:2025-08-09 23:57:07 UTC
TRIGGER:schedule
