---METADATA---
HTTP_STATUS:200
TIME_TOTAL:3.547849
TIME_CONNECT:0.303051
SIZE_DOWNLOAD:1294
TIMESTAMP:2025-08-09 21:41:35 UTC
TRIGGER:schedule
