---METADATA---
HTTP_STATUS:200
TIME_TOTAL:3.421211
TIME_CONNECT:0.239974
SIZE_DOWNLOAD:1294
TIMESTAMP:2025-08-09 02:10:28 UTC
TRIGGER:schedule
