---METADATA---
HTTP_STATUS:200
TIME_TOTAL:3.511786
TIME_CONNECT:0.278396
SIZE_DOWNLOAD:1294
TIMESTAMP:2025-08-09 20:14:57 UTC
TRIGGER:schedule
