---METADATA---
HTTP_STATUS:200
TIME_TOTAL:3.511084
TIME_CONNECT:0.228981
SIZE_DOWNLOAD:1294
TIMESTAMP:2025-08-09 15:32:25 UTC
TRIGGER:schedule
