---METADATA---
HTTP_STATUS:200
TIME_TOTAL:3.413969
TIME_CONNECT:0.240754
SIZE_DOWNLOAD:1296
TIMESTAMP:2025-07-10 02:19:16 UTC
TRIGGER:schedule
