---METADATA---
HTTP_STATUS:200
TIME_TOTAL:3.534783
TIME_CONNECT:0.304892
SIZE_DOWNLOAD:1307
TIMESTAMP:2025-07-10 05:54:56 UTC
TRIGGER:schedule
