---METADATA---
HTTP_STATUS:200
TIME_TOTAL:3.379764
TIME_CONNECT:0.280716
SIZE_DOWNLOAD:1306
TIMESTAMP:2025-07-10 13:58:54 UTC
TRIGGER:schedule
