---METADATA---
HTTP_STATUS:200
TIME_TOTAL:3.134352
TIME_CONNECT:0.218140
SIZE_DOWNLOAD:1294
TIMESTAMP:2025-07-10 20:46:09 UTC
TRIGGER:schedule
