---METADATA---
HTTP_STATUS:200
TIME_TOTAL:1.154864
TIME_CONNECT:0.316297
SIZE_DOWNLOAD:1307
TIMESTAMP:2025-07-10 08:48:20 UTC
TRIGGER:schedule
