---METADATA---
HTTP_STATUS:200
TIME_TOTAL:3.336088
TIME_CONNECT:0.268898
SIZE_DOWNLOAD:1307
TIMESTAMP:2025-07-10 08:45:12 UTC
TRIGGER:schedule
