---METADATA---
HTTP_STATUS:200
TIME_TOTAL:3.585332
TIME_CONNECT:0.281178
SIZE_DOWNLOAD:1307
TIMESTAMP:2025-07-10 06:22:08 UTC
TRIGGER:schedule
