---METADATA---
HTTP_STATUS:200
TIME_TOTAL:3.245940
TIME_CONNECT:0.270538
SIZE_DOWNLOAD:1294
TIMESTAMP:2025-07-10 19:11:34 UTC
TRIGGER:schedule
