---METADATA---
HTTP_STATUS:200
TIME_TOTAL:3.347511
TIME_CONNECT:0.303578
SIZE_DOWNLOAD:1294
TIMESTAMP:2025-07-10 22:26:34 UTC
TRIGGER:schedule
