---METADATA---
HTTP_STATUS:200
TIME_TOTAL:3.473530
TIME_CONNECT:0.282449
SIZE_DOWNLOAD:1294
TIMESTAMP:2025-07-10 19:37:10 UTC
TRIGGER:schedule
