---METADATA---
HTTP_STATUS:200
TIME_TOTAL:3.273190
TIME_CONNECT:0.299514
SIZE_DOWNLOAD:1294
TIMESTAMP:2025-07-10 21:56:54 UTC
TRIGGER:schedule
