---METADATA---
HTTP_STATUS:200
TIME_TOTAL:3.358565
TIME_CONNECT:0.268757
SIZE_DOWNLOAD:1294
TIMESTAMP:2025-07-10 17:51:12 UTC
TRIGGER:schedule
