---METADATA---
HTTP_STATUS:200
TIME_TOTAL:3.756997
TIME_CONNECT:0.271776
SIZE_DOWNLOAD:1307
TIMESTAMP:2025-07-10 06:51:30 UTC
TRIGGER:schedule
