---METADATA---
HTTP_STATUS:200
TIME_TOTAL:3.435064
TIME_CONNECT:0.280765
SIZE_DOWNLOAD:1307
TIMESTAMP:2025-07-10 09:00:54 UTC
TRIGGER:schedule
