---METADATA---
HTTP_STATUS:200
TIME_TOTAL:3.443272
TIME_CONNECT:0.312855
SIZE_DOWNLOAD:1294
TIMESTAMP:2025-07-10 22:51:20 UTC
TRIGGER:schedule
