---METADATA---
HTTP_STATUS:200
TIME_TOTAL:3.344937
TIME_CONNECT:0.250968
SIZE_DOWNLOAD:1294
TIMESTAMP:2025-07-10 23:49:15 UTC
TRIGGER:schedule
