---METADATA---
HTTP_STATUS:200
TIME_TOTAL:3.337759
TIME_CONNECT:0.257059
SIZE_DOWNLOAD:1294
TIMESTAMP:2025-07-10 16:18:57 UTC
TRIGGER:schedule
