---METADATA---
HTTP_STATUS:200
TIME_TOTAL:3.602837
TIME_CONNECT:0.246212
SIZE_DOWNLOAD:1294
TIMESTAMP:2025-07-10 17:28:27 UTC
TRIGGER:schedule
