---METADATA---
HTTP_STATUS:200
TIME_TOTAL:3.475707
TIME_CONNECT:0.294959
SIZE_DOWNLOAD:1294
TIMESTAMP:2025-07-10 18:38:59 UTC
TRIGGER:schedule
