---METADATA---
HTTP_STATUS:200
TIME_TOTAL:3.293339
TIME_CONNECT:0.227925
SIZE_DOWNLOAD:1307
TIMESTAMP:2025-07-10 11:44:02 UTC
TRIGGER:schedule
