---METADATA---
HTTP_STATUS:200
TIME_TOTAL:3.481277
TIME_CONNECT:0.225278
SIZE_DOWNLOAD:1305
TIMESTAMP:2025-07-10 07:48:40 UTC
TRIGGER:schedule
