---METADATA---
HTTP_STATUS:200
TIME_TOTAL:3.559037
TIME_CONNECT:0.342472
SIZE_DOWNLOAD:1292
TIMESTAMP:2025-07-10 07:40:00 UTC
TRIGGER:schedule
