---METADATA---
HTTP_STATUS:200
TIME_TOTAL:3.589529
TIME_CONNECT:0.299264
SIZE_DOWNLOAD:1307
TIMESTAMP:2025-07-10 11:42:07 UTC
TRIGGER:schedule
