---METADATA---
HTTP_STATUS:200
TIME_TOTAL:3.448232
TIME_CONNECT:0.273931
SIZE_DOWNLOAD:1294
TIMESTAMP:2025-07-10 22:35:23 UTC
TRIGGER:schedule
