---METADATA---
HTTP_STATUS:200
TIME_TOTAL:3.599898
TIME_CONNECT:0.261872
SIZE_DOWNLOAD:1296
TIMESTAMP:2025-07-10 05:14:07 UTC
TRIGGER:schedule
