---METADATA---
HTTP_STATUS:200
TIME_TOTAL:3.592620
TIME_CONNECT:0.291477
SIZE_DOWNLOAD:1294
TIMESTAMP:2025-07-10 19:39:55 UTC
TRIGGER:schedule
