---METADATA---
HTTP_STATUS:200
TIME_TOTAL:3.396276
TIME_CONNECT:0.283674
SIZE_DOWNLOAD:1307
TIMESTAMP:2025-07-10 03:37:32 UTC
TRIGGER:schedule
