---METADATA---
HTTP_STATUS:200
TIME_TOTAL:3.538742
TIME_CONNECT:0.281840
SIZE_DOWNLOAD:1307
TIMESTAMP:2025-07-10 09:52:19 UTC
TRIGGER:schedule
