---METADATA---
HTTP_STATUS:200
TIME_TOTAL:3.251115
TIME_CONNECT:0.233681
SIZE_DOWNLOAD:1294
TIMESTAMP:2025-07-10 23:13:56 UTC
TRIGGER:schedule
