---METADATA---
HTTP_STATUS:200
TIME_TOTAL:3.503670
TIME_CONNECT:0.295597
SIZE_DOWNLOAD:1296
TIMESTAMP:2025-07-10 05:17:52 UTC
TRIGGER:schedule
