---METADATA---
HTTP_STATUS:200
TIME_TOTAL:3.427575
TIME_CONNECT:0.230658
SIZE_DOWNLOAD:1307
TIMESTAMP:2025-07-10 11:50:13 UTC
TRIGGER:schedule
