---METADATA---
HTTP_STATUS:200
TIME_TOTAL:3.666701
TIME_CONNECT:0.362851
SIZE_DOWNLOAD:1305
TIMESTAMP:2025-07-10 07:49:27 UTC
TRIGGER:schedule
