---METADATA---
HTTP_STATUS:200
TIME_TOTAL:3.364274
TIME_CONNECT:0.289039
SIZE_DOWNLOAD:1309
TIMESTAMP:2025-07-10 13:10:24 UTC
TRIGGER:schedule
