---METADATA---
HTTP_STATUS:200
TIME_TOTAL:3.572632
TIME_CONNECT:0.306800
SIZE_DOWNLOAD:1292
TIMESTAMP:2025-07-10 06:40:35 UTC
TRIGGER:schedule
