---METADATA---
HTTP_STATUS:200
TIME_TOTAL:3.349862
TIME_CONNECT:0.279571
SIZE_DOWNLOAD:1294
TIMESTAMP:2025-07-10 20:26:23 UTC
TRIGGER:schedule
