---METADATA---
HTTP_STATUS:200
TIME_TOTAL:3.388521
TIME_CONNECT:0.254276
SIZE_DOWNLOAD:1307
TIMESTAMP:2025-07-10 12:29:35 UTC
TRIGGER:schedule
