---METADATA---
HTTP_STATUS:200
TIME_TOTAL:3.632486
TIME_CONNECT:0.275330
SIZE_DOWNLOAD:1294
TIMESTAMP:2025-07-10 04:18:21 UTC
TRIGGER:schedule
