---METADATA---
HTTP_STATUS:200
TIME_TOTAL:3.617056
TIME_CONNECT:0.292341
SIZE_DOWNLOAD:1294
TIMESTAMP:2025-07-10 22:46:11 UTC
TRIGGER:schedule
