---METADATA---
HTTP_STATUS:200
TIME_TOTAL:3.380141
TIME_CONNECT:0.229570
SIZE_DOWNLOAD:1294
TIMESTAMP:2025-07-10 17:58:43 UTC
TRIGGER:schedule
