---METADATA---
HTTP_STATUS:200
TIME_TOTAL:3.359256
TIME_CONNECT:0.267231
SIZE_DOWNLOAD:1309
TIMESTAMP:2025-07-10 12:57:26 UTC
TRIGGER:schedule
