---METADATA---
HTTP_STATUS:200
TIME_TOTAL:1.069735
TIME_CONNECT:0.269020
SIZE_DOWNLOAD:1294
TIMESTAMP:2025-07-10 21:49:19 UTC
TRIGGER:schedule
