---METADATA---
HTTP_STATUS:200
TIME_TOTAL:3.514500
TIME_CONNECT:0.237270
SIZE_DOWNLOAD:1294
TIMESTAMP:2025-07-10 19:26:37 UTC
TRIGGER:schedule
