---METADATA---
HTTP_STATUS:200
TIME_TOTAL:3.510946
TIME_CONNECT:0.281296
SIZE_DOWNLOAD:1294
TIMESTAMP:2025-07-10 19:51:51 UTC
TRIGGER:schedule
