---METADATA---
HTTP_STATUS:200
TIME_TOTAL:3.284132
TIME_CONNECT:0.287291
SIZE_DOWNLOAD:1307
TIMESTAMP:2025-07-10 10:26:21 UTC
TRIGGER:schedule
