---METADATA---
HTTP_STATUS:200
TIME_TOTAL:1.140676
TIME_CONNECT:0.305532
SIZE_DOWNLOAD:1294
TIMESTAMP:2025-07-10 11:12:56 UTC
TRIGGER:schedule
