---METADATA---
HTTP_STATUS:200
TIME_TOTAL:3.421306
TIME_CONNECT:0.274884
SIZE_DOWNLOAD:1294
TIMESTAMP:2025-07-10 23:26:45 UTC
TRIGGER:schedule
