---METADATA---
HTTP_STATUS:200
TIME_TOTAL:3.584205
TIME_CONNECT:0.277757
SIZE_DOWNLOAD:1294
TIMESTAMP:2025-07-10 17:46:42 UTC
TRIGGER:schedule
