---METADATA---
HTTP_STATUS:200
TIME_TOTAL:1.188270
TIME_CONNECT:0.284728
SIZE_DOWNLOAD:1294
TIMESTAMP:2025-07-10 21:33:10 UTC
TRIGGER:schedule
