---METADATA---
HTTP_STATUS:200
TIME_TOTAL:3.514937
TIME_CONNECT:0.238566
SIZE_DOWNLOAD:1296
TIMESTAMP:2025-07-10 04:54:40 UTC
TRIGGER:schedule
