---METADATA---
HTTP_STATUS:200
TIME_TOTAL:3.475470
TIME_CONNECT:0.243527
SIZE_DOWNLOAD:1296
TIMESTAMP:2025-07-10 13:40:35 UTC
TRIGGER:schedule
