---METADATA---
HTTP_STATUS:200
TIME_TOTAL:3.769252
TIME_CONNECT:0.275805
SIZE_DOWNLOAD:1294
TIMESTAMP:2025-07-10 07:01:07 UTC
TRIGGER:schedule
