---METADATA---
HTTP_STATUS:200
TIME_TOTAL:1.017533
TIME_CONNECT:0.237615
SIZE_DOWNLOAD:1296
TIMESTAMP:2025-07-10 05:44:40 UTC
TRIGGER:schedule
