---METADATA---
HTTP_STATUS:200
TIME_TOTAL:3.324488
TIME_CONNECT:0.247923
SIZE_DOWNLOAD:1294
TIMESTAMP:2025-07-10 23:31:31 UTC
TRIGGER:schedule
