---METADATA---
HTTP_STATUS:200
TIME_TOTAL:3.346681
TIME_CONNECT:0.228112
SIZE_DOWNLOAD:1294
TIMESTAMP:2025-07-10 14:14:41 UTC
TRIGGER:schedule
