---METADATA---
HTTP_STATUS:200
TIME_TOTAL:3.645936
TIME_CONNECT:0.284235
SIZE_DOWNLOAD:1294
TIMESTAMP:2025-07-10 07:31:07 UTC
TRIGGER:schedule
