---METADATA---
HTTP_STATUS:200
TIME_TOTAL:3.531385
TIME_CONNECT:0.314224
SIZE_DOWNLOAD:1292
TIMESTAMP:2025-07-10 08:20:05 UTC
TRIGGER:schedule
