---METADATA---
HTTP_STATUS:200
TIME_TOTAL:3.277769
TIME_CONNECT:0.277190
SIZE_DOWNLOAD:1294
TIMESTAMP:2025-07-10 16:58:34 UTC
TRIGGER:schedule
