---METADATA---
HTTP_STATUS:200
TIME_TOTAL:3.532563
TIME_CONNECT:0.345912
SIZE_DOWNLOAD:1294
TIMESTAMP:2025-07-10 16:49:50 UTC
TRIGGER:schedule
