---METADATA---
HTTP_STATUS:200
TIME_TOTAL:3.263892
TIME_CONNECT:0.308462
SIZE_DOWNLOAD:1294
TIMESTAMP:2025-07-10 17:15:06 UTC
TRIGGER:schedule
