---METADATA---
HTTP_STATUS:200
TIME_TOTAL:3.540047
TIME_CONNECT:0.279902
SIZE_DOWNLOAD:1294
TIMESTAMP:2025-07-10 23:43:49 UTC
TRIGGER:schedule
