---METADATA---
HTTP_STATUS:200
TIME_TOTAL:3.530929
TIME_CONNECT:0.295759
SIZE_DOWNLOAD:1294
TIMESTAMP:2025-07-10 15:27:23 UTC
TRIGGER:schedule
