---METADATA---
HTTP_STATUS:200
TIME_TOTAL:3.398016
TIME_CONNECT:0.290744
SIZE_DOWNLOAD:1294
TIMESTAMP:2025-07-10 15:59:52 UTC
TRIGGER:schedule
