---METADATA---
HTTP_STATUS:200
TIME_TOTAL:3.296208
TIME_CONNECT:0.247839
SIZE_DOWNLOAD:1294
TIMESTAMP:2025-07-10 14:41:39 UTC
TRIGGER:schedule
