---METADATA---
HTTP_STATUS:200
TIME_TOTAL:3.316789
TIME_CONNECT:0.277952
SIZE_DOWNLOAD:1294
TIMESTAMP:2025-07-10 20:41:49 UTC
TRIGGER:schedule
