---METADATA---
HTTP_STATUS:200
TIME_TOTAL:3.406179
TIME_CONNECT:0.270618
SIZE_DOWNLOAD:1294
TIMESTAMP:2025-07-10 18:49:26 UTC
TRIGGER:schedule
