---METADATA---
HTTP_STATUS:200
TIME_TOTAL:3.439367
TIME_CONNECT:0.291698
SIZE_DOWNLOAD:1307
TIMESTAMP:2025-07-10 09:53:50 UTC
TRIGGER:schedule
