---METADATA---
HTTP_STATUS:200
TIME_TOTAL:3.725249
TIME_CONNECT:0.299111
SIZE_DOWNLOAD:1304
TIMESTAMP:2025-07-10 09:42:24 UTC
TRIGGER:schedule
