---METADATA---
HTTP_STATUS:200
TIME_TOTAL:3.288392
TIME_CONNECT:0.282035
SIZE_DOWNLOAD:1294
TIMESTAMP:2025-07-10 21:27:15 UTC
TRIGGER:schedule
