---METADATA---
HTTP_STATUS:200
TIME_TOTAL:3.333638
TIME_CONNECT:0.289176
SIZE_DOWNLOAD:1294
TIMESTAMP:2025-07-10 15:55:21 UTC
TRIGGER:schedule
