---METADATA---
HTTP_STATUS:200
TIME_TOTAL:3.731057
TIME_CONNECT:0.253961
SIZE_DOWNLOAD:1309
TIMESTAMP:2025-07-10 11:08:04 UTC
TRIGGER:schedule
