---METADATA---
HTTP_STATUS:200
TIME_TOTAL:0.981635
TIME_CONNECT:0.270699
SIZE_DOWNLOAD:1307
TIMESTAMP:2025-07-10 11:29:38 UTC
TRIGGER:schedule
