---METADATA---
HTTP_STATUS:200
TIME_TOTAL:3.397295
TIME_CONNECT:0.287760
SIZE_DOWNLOAD:1292
TIMESTAMP:2025-07-10 10:48:47 UTC
TRIGGER:schedule
