---METADATA---
HTTP_STATUS:200
TIME_TOTAL:3.378960
TIME_CONNECT:0.281022
SIZE_DOWNLOAD:1294
TIMESTAMP:2025-07-10 16:37:18 UTC
TRIGGER:schedule
