---METADATA---
HTTP_STATUS:200
TIME_TOTAL:3.377228
TIME_CONNECT:0.282607
SIZE_DOWNLOAD:1294
TIMESTAMP:2025-07-10 17:36:10 UTC
TRIGGER:schedule
