---METADATA---
HTTP_STATUS:200
TIME_TOTAL:3.588150
TIME_CONNECT:0.289698
SIZE_DOWNLOAD:1309
TIMESTAMP:2025-07-10 10:45:25 UTC
TRIGGER:schedule
