---METADATA---
HTTP_STATUS:200
TIME_TOTAL:3.292188
TIME_CONNECT:0.226774
SIZE_DOWNLOAD:1309
TIMESTAMP:2025-07-10 04:49:22 UTC
TRIGGER:schedule
