---METADATA---
HTTP_STATUS:200
TIME_TOTAL:3.340513
TIME_CONNECT:0.318156
SIZE_DOWNLOAD:1294
TIMESTAMP:2025-07-10 20:52:48 UTC
TRIGGER:schedule
