---METADATA---
HTTP_STATUS:200
TIME_TOTAL:3.432649
TIME_CONNECT:0.280114
SIZE_DOWNLOAD:1294
TIMESTAMP:2025-07-10 19:48:05 UTC
TRIGGER:schedule
