---METADATA---
HTTP_STATUS:200
TIME_TOTAL:3.369961
TIME_CONNECT:0.280598
SIZE_DOWNLOAD:1294
TIMESTAMP:2025-07-10 14:30:36 UTC
TRIGGER:schedule
