---METADATA---
HTTP_STATUS:200
TIME_TOTAL:3.480332
TIME_CONNECT:0.282284
SIZE_DOWNLOAD:1307
TIMESTAMP:2025-07-10 02:59:22 UTC
TRIGGER:schedule
