---METADATA---
HTTP_STATUS:200
TIME_TOTAL:3.687651
TIME_CONNECT:0.239539
SIZE_DOWNLOAD:1307
TIMESTAMP:2025-07-10 05:57:09 UTC
TRIGGER:schedule
