---METADATA---
HTTP_STATUS:200
TIME_TOTAL:3.532837
TIME_CONNECT:0.295796
SIZE_DOWNLOAD:1307
TIMESTAMP:2025-07-10 09:17:20 UTC
TRIGGER:schedule
