---METADATA---
HTTP_STATUS:200
TIME_TOTAL:3.496923
TIME_CONNECT:0.285523
SIZE_DOWNLOAD:1304
TIMESTAMP:2025-07-10 09:34:39 UTC
TRIGGER:schedule
