---METADATA---
HTTP_STATUS:200
TIME_TOTAL:3.359504
TIME_CONNECT:0.275488
SIZE_DOWNLOAD:1294
TIMESTAMP:2025-07-10 19:22:38 UTC
TRIGGER:schedule
