---METADATA---
HTTP_STATUS:200
TIME_TOTAL:3.285387
TIME_CONNECT:0.290508
SIZE_DOWNLOAD:1294
TIMESTAMP:2025-07-10 22:58:05 UTC
TRIGGER:schedule
