---METADATA---
HTTP_STATUS:200
TIME_TOTAL:3.639690
TIME_CONNECT:0.276110
SIZE_DOWNLOAD:1294
TIMESTAMP:2025-07-10 14:53:39 UTC
TRIGGER:schedule
