---METADATA---
HTTP_STATUS:200
TIME_TOTAL:3.485645
TIME_CONNECT:0.309074
SIZE_DOWNLOAD:1294
TIMESTAMP:2025-07-10 15:15:43 UTC
TRIGGER:schedule
