---METADATA---
HTTP_STATUS:200
TIME_TOTAL:3.319564
TIME_CONNECT:0.216794
SIZE_DOWNLOAD:1294
TIMESTAMP:2025-07-10 04:27:34 UTC
TRIGGER:schedule
