---METADATA---
HTTP_STATUS:200
TIME_TOTAL:3.363308
TIME_CONNECT:0.257769
SIZE_DOWNLOAD:1294
TIMESTAMP:2025-07-10 14:55:03 UTC
TRIGGER:schedule
