---METADATA---
HTTP_STATUS:200
TIME_TOTAL:3.747397
TIME_CONNECT:0.323564
SIZE_DOWNLOAD:1307
TIMESTAMP:2025-07-10 10:15:53 UTC
TRIGGER:schedule
