---METADATA---
HTTP_STATUS:200
TIME_TOTAL:3.536265
TIME_CONNECT:0.268300
SIZE_DOWNLOAD:1309
TIMESTAMP:2025-07-10 05:42:14 UTC
TRIGGER:schedule
