---METADATA---
HTTP_STATUS:200
TIME_TOTAL:3.184639
TIME_CONNECT:0.240566
SIZE_DOWNLOAD:1294
TIMESTAMP:2025-07-10 22:13:44 UTC
TRIGGER:schedule
