---METADATA---
HTTP_STATUS:200
TIME_TOTAL:3.280658
TIME_CONNECT:0.239626
SIZE_DOWNLOAD:1294
TIMESTAMP:2025-07-10 23:56:58 UTC
TRIGGER:schedule
