---METADATA---
HTTP_STATUS:200
TIME_TOTAL:3.334375
TIME_CONNECT:0.248710
SIZE_DOWNLOAD:1307
TIMESTAMP:2025-07-10 11:57:00 UTC
TRIGGER:schedule
