---METADATA---
HTTP_STATUS:200
TIME_TOTAL:3.329471
TIME_CONNECT:0.267986
SIZE_DOWNLOAD:1294
TIMESTAMP:2025-07-10 20:15:46 UTC
TRIGGER:schedule
