---METADATA---
HTTP_STATUS:200
TIME_TOTAL:1.145331
TIME_CONNECT:0.279974
SIZE_DOWNLOAD:1294
TIMESTAMP:2025-07-10 20:57:49 UTC
TRIGGER:schedule
