---METADATA---
HTTP_STATUS:200
TIME_TOTAL:3.668735
TIME_CONNECT:0.277951
SIZE_DOWNLOAD:1308
TIMESTAMP:2025-07-10 13:46:14 UTC
TRIGGER:schedule
