---METADATA---
HTTP_STATUS:200
TIME_TOTAL:3.351926
TIME_CONNECT:0.293154
SIZE_DOWNLOAD:1294
TIMESTAMP:2025-07-10 21:44:16 UTC
TRIGGER:schedule
