---METADATA---
HTTP_STATUS:200
TIME_TOTAL:3.208070
TIME_CONNECT:0.240242
SIZE_DOWNLOAD:1294
TIMESTAMP:2025-07-10 18:57:22 UTC
TRIGGER:schedule
