---METADATA---
HTTP_STATUS:200
TIME_TOTAL:3.265590
TIME_CONNECT:0.245654
SIZE_DOWNLOAD:1307
TIMESTAMP:2025-07-10 11:28:58 UTC
TRIGGER:schedule
