---METADATA---
HTTP_STATUS:200
TIME_TOTAL:3.334436
TIME_CONNECT:0.271312
SIZE_DOWNLOAD:1294
TIMESTAMP:2025-07-10 01:11:27 UTC
TRIGGER:schedule
