---METADATA---
HTTP_STATUS:200
TIME_TOTAL:1.025368
TIME_CONNECT:0.241247
SIZE_DOWNLOAD:1294
TIMESTAMP:2025-07-10 15:47:59 UTC
TRIGGER:schedule
