---METADATA---
HTTP_STATUS:200
TIME_TOTAL:3.362514
TIME_CONNECT:0.254335
SIZE_DOWNLOAD:1294
TIMESTAMP:2025-07-10 18:20:17 UTC
TRIGGER:schedule
