---METADATA---
HTTP_STATUS:200
TIME_TOTAL:3.309606
TIME_CONNECT:0.277822
SIZE_DOWNLOAD:1294
TIMESTAMP:2025-07-10 07:15:46 UTC
TRIGGER:schedule
