---METADATA---
HTTP_STATUS:200
TIME_TOTAL:3.609942
TIME_CONNECT:0.313913
SIZE_DOWNLOAD:1309
TIMESTAMP:2025-07-10 08:12:49 UTC
TRIGGER:schedule
