---METADATA---
HTTP_STATUS:200
TIME_TOTAL:3.542008
TIME_CONNECT:0.240898
SIZE_DOWNLOAD:1294
TIMESTAMP:2025-07-10 21:14:47 UTC
TRIGGER:schedule
