---METADATA---
HTTP_STATUS:200
TIME_TOTAL:3.276505
TIME_CONNECT:0.251385
SIZE_DOWNLOAD:1294
TIMESTAMP:2025-07-10 15:43:28 UTC
TRIGGER:schedule
