---METADATA---
HTTP_STATUS:200
TIME_TOTAL:3.582185
TIME_CONNECT:0.258009
SIZE_DOWNLOAD:1296
TIMESTAMP:2025-07-10 03:54:44 UTC
TRIGGER:schedule
