---METADATA---
HTTP_STATUS:200
TIME_TOTAL:3.353700
TIME_CONNECT:0.288896
SIZE_DOWNLOAD:1292
TIMESTAMP:2025-06-05 22:56:51 UTC
TRIGGER:schedule
