---METADATA---
HTTP_STATUS:200
TIME_TOTAL:3.603333
TIME_CONNECT:0.239528
SIZE_DOWNLOAD:1307
TIMESTAMP:2025-06-05 04:41:17 UTC
TRIGGER:schedule
