---METADATA---
HTTP_STATUS:200
TIME_TOTAL:3.251174
TIME_CONNECT:0.237561
SIZE_DOWNLOAD:1292
TIMESTAMP:2025-06-05 21:40:32 UTC
TRIGGER:schedule
