---METADATA---
HTTP_STATUS:200
TIME_TOTAL:3.425265
TIME_CONNECT:0.275053
SIZE_DOWNLOAD:1294
TIMESTAMP:2025-06-05 09:40:18 UTC
TRIGGER:schedule
