---METADATA---
HTTP_STATUS:200
TIME_TOTAL:3.261250
TIME_CONNECT:0.240870
SIZE_DOWNLOAD:1292
TIMESTAMP:2025-06-05 23:57:08 UTC
TRIGGER:schedule
