---METADATA---
HTTP_STATUS:200
TIME_TOTAL:1.018670
TIME_CONNECT:0.240632
SIZE_DOWNLOAD:1292
TIMESTAMP:2025-06-05 17:30:34 UTC
TRIGGER:schedule
