---METADATA---
HTTP_STATUS:200
TIME_TOTAL:3.427603
TIME_CONNECT:0.302913
SIZE_DOWNLOAD:1294
TIMESTAMP:2025-06-05 11:39:16 UTC
TRIGGER:schedule
