---METADATA---
HTTP_STATUS:200
TIME_TOTAL:3.291862
TIME_CONNECT:0.248817
SIZE_DOWNLOAD:1292
TIMESTAMP:2025-06-05 22:43:11 UTC
TRIGGER:schedule
