---METADATA---
HTTP_STATUS:200
TIME_TOTAL:3.226426
TIME_CONNECT:0.256876
SIZE_DOWNLOAD:1294
TIMESTAMP:2025-06-05 06:50:34 UTC
TRIGGER:schedule
