---METADATA---
HTTP_STATUS:200
TIME_TOTAL:3.742572
TIME_CONNECT:0.313421
SIZE_DOWNLOAD:1296
TIMESTAMP:2025-06-05 04:55:12 UTC
TRIGGER:schedule
