---METADATA---
HTTP_STATUS:200
TIME_TOTAL:3.212644
TIME_CONNECT:0.230024
SIZE_DOWNLOAD:1292
TIMESTAMP:2025-06-05 17:26:36 UTC
TRIGGER:schedule
