---METADATA---
HTTP_STATUS:200
TIME_TOTAL:3.377398
TIME_CONNECT:0.265219
SIZE_DOWNLOAD:1296
TIMESTAMP:2025-06-05 09:15:11 UTC
TRIGGER:schedule
