---METADATA---
HTTP_STATUS:200
TIME_TOTAL:3.577727
TIME_CONNECT:0.268955
SIZE_DOWNLOAD:1294
TIMESTAMP:2025-06-05 13:07:37 UTC
TRIGGER:schedule
