---METADATA---
HTTP_STATUS:200
TIME_TOTAL:3.461770
TIME_CONNECT:0.246835
SIZE_DOWNLOAD:1294
TIMESTAMP:2025-06-05 09:25:11 UTC
TRIGGER:schedule
