---METADATA---
HTTP_STATUS:200
TIME_TOTAL:3.283159
TIME_CONNECT:0.235013
SIZE_DOWNLOAD:1307
TIMESTAMP:2025-06-05 07:26:10 UTC
TRIGGER:schedule
