---METADATA---
HTTP_STATUS:200
TIME_TOTAL:3.431763
TIME_CONNECT:0.277704
SIZE_DOWNLOAD:1292
TIMESTAMP:2025-06-05 16:34:04 UTC
TRIGGER:schedule
