---METADATA---
HTTP_STATUS:200
TIME_TOTAL:3.432780
TIME_CONNECT:0.270087
SIZE_DOWNLOAD:1304
TIMESTAMP:2025-06-05 05:45:56 UTC
TRIGGER:schedule
