---METADATA---
HTTP_STATUS:200
TIME_TOTAL:3.530149
TIME_CONNECT:0.242690
SIZE_DOWNLOAD:1304
TIMESTAMP:2025-06-05 15:50:52 UTC
TRIGGER:schedule
