---METADATA---
HTTP_STATUS:200
TIME_TOTAL:3.485457
TIME_CONNECT:0.252963
SIZE_DOWNLOAD:1294
TIMESTAMP:2025-06-05 11:27:59 UTC
TRIGGER:schedule
