---METADATA---
HTTP_STATUS:200
TIME_TOTAL:0.977952
TIME_CONNECT:0.260053
SIZE_DOWNLOAD:1296
TIMESTAMP:2025-06-05 04:56:13 UTC
TRIGGER:schedule
