---METADATA---
HTTP_STATUS:200
TIME_TOTAL:3.657095
TIME_CONNECT:0.286945
SIZE_DOWNLOAD:1292
TIMESTAMP:2025-06-05 03:29:34 UTC
TRIGGER:schedule
