---METADATA---
HTTP_STATUS:200
TIME_TOTAL:1.068069
TIME_CONNECT:0.297459
SIZE_DOWNLOAD:1294
TIMESTAMP:2025-06-05 04:04:42 UTC
TRIGGER:schedule
