---METADATA---
HTTP_STATUS:200
TIME_TOTAL:3.670741
TIME_CONNECT:0.306627
SIZE_DOWNLOAD:1292
TIMESTAMP:2025-06-05 19:31:27 UTC
TRIGGER:schedule
