---METADATA---
HTTP_STATUS:200
TIME_TOTAL:3.317308
TIME_CONNECT:0.248696
SIZE_DOWNLOAD:1307
TIMESTAMP:2025-06-05 08:54:22 UTC
TRIGGER:schedule
