---METADATA---
HTTP_STATUS:200
TIME_TOTAL:3.679445
TIME_CONNECT:0.278001
SIZE_DOWNLOAD:1294
TIMESTAMP:2025-06-05 08:35:02 UTC
TRIGGER:schedule
