---METADATA---
HTTP_STATUS:200
TIME_TOTAL:3.446169
TIME_CONNECT:0.202934
SIZE_DOWNLOAD:1292
TIMESTAMP:2025-06-05 22:12:16 UTC
TRIGGER:schedule
