---METADATA---
HTTP_STATUS:200
TIME_TOTAL:3.474922
TIME_CONNECT:0.319924
SIZE_DOWNLOAD:1309
TIMESTAMP:2025-06-05 07:13:58 UTC
TRIGGER:schedule
