---METADATA---
HTTP_STATUS:200
TIME_TOTAL:3.583765
TIME_CONNECT:0.311852
SIZE_DOWNLOAD:1292
TIMESTAMP:2025-06-05 15:35:01 UTC
TRIGGER:schedule
