---METADATA---
HTTP_STATUS:200
TIME_TOTAL:3.453757
TIME_CONNECT:0.267978
SIZE_DOWNLOAD:1292
TIMESTAMP:2025-06-05 17:16:54 UTC
TRIGGER:schedule
