---METADATA---
HTTP_STATUS:200
TIME_TOTAL:3.302116
TIME_CONNECT:0.258660
SIZE_DOWNLOAD:1294
TIMESTAMP:2025-06-05 07:41:31 UTC
TRIGGER:schedule
