---METADATA---
HTTP_STATUS:200
TIME_TOTAL:3.362553
TIME_CONNECT:0.295168
SIZE_DOWNLOAD:1309
TIMESTAMP:2025-06-05 06:57:50 UTC
TRIGGER:schedule
