---METADATA---
HTTP_STATUS:200
TIME_TOTAL:1.135926
TIME_CONNECT:0.310016
SIZE_DOWNLOAD:1292
TIMESTAMP:2025-06-05 19:34:26 UTC
TRIGGER:schedule
