---METADATA---
HTTP_STATUS:200
TIME_TOTAL:3.907089
TIME_CONNECT:0.236427
SIZE_DOWNLOAD:1294
TIMESTAMP:2025-06-05 09:49:43 UTC
TRIGGER:schedule
