---METADATA---
HTTP_STATUS:200
TIME_TOTAL:3.422778
TIME_CONNECT:0.288253
SIZE_DOWNLOAD:1304
TIMESTAMP:2025-06-05 05:57:50 UTC
TRIGGER:schedule
