---METADATA---
HTTP_STATUS:200
TIME_TOTAL:3.710177
TIME_CONNECT:0.340915
SIZE_DOWNLOAD:1292
TIMESTAMP:2025-06-05 16:52:19 UTC
TRIGGER:schedule
