---METADATA---
HTTP_STATUS:200
TIME_TOTAL:3.292608
TIME_CONNECT:0.270403
SIZE_DOWNLOAD:1292
TIMESTAMP:2025-06-05 22:25:12 UTC
TRIGGER:schedule
