---METADATA---
HTTP_STATUS:200
TIME_TOTAL:3.340342
TIME_CONNECT:0.307784
SIZE_DOWNLOAD:1292
TIMESTAMP:2025-06-05 19:10:18 UTC
TRIGGER:schedule
