---METADATA---
HTTP_STATUS:200
TIME_TOTAL:3.263210
TIME_CONNECT:0.265997
SIZE_DOWNLOAD:1292
TIMESTAMP:2025-06-05 21:21:18 UTC
TRIGGER:schedule
