---METADATA---
HTTP_STATUS:200
TIME_TOTAL:3.500398
TIME_CONNECT:0.277415
SIZE_DOWNLOAD:1292
TIMESTAMP:2025-06-05 16:45:57 UTC
TRIGGER:schedule
