---METADATA---
HTTP_STATUS:200
TIME_TOTAL:3.596957
TIME_CONNECT:0.295440
SIZE_DOWNLOAD:1292
TIMESTAMP:2025-06-05 20:48:39 UTC
TRIGGER:schedule
