---METADATA---
HTTP_STATUS:200
TIME_TOTAL:3.195874
TIME_CONNECT:0.254304
SIZE_DOWNLOAD:1292
TIMESTAMP:2025-06-05 19:58:30 UTC
TRIGGER:schedule
