---METADATA---
HTTP_STATUS:200
TIME_TOTAL:3.399775
TIME_CONNECT:0.266063
SIZE_DOWNLOAD:1292
TIMESTAMP:2025-06-05 22:48:58 UTC
TRIGGER:schedule
