---METADATA---
HTTP_STATUS:200
TIME_TOTAL:3.501513
TIME_CONNECT:0.297301
SIZE_DOWNLOAD:1292
TIMESTAMP:2025-06-05 14:37:42 UTC
TRIGGER:schedule
