---METADATA---
HTTP_STATUS:200
TIME_TOTAL:3.472694
TIME_CONNECT:0.247539
SIZE_DOWNLOAD:1294
TIMESTAMP:2025-06-05 12:28:27 UTC
TRIGGER:schedule
