---METADATA---
HTTP_STATUS:200
TIME_TOTAL:3.700147
TIME_CONNECT:0.247240
SIZE_DOWNLOAD:1292
TIMESTAMP:2025-06-05 22:33:05 UTC
TRIGGER:schedule
