---METADATA---
HTTP_STATUS:200
TIME_TOTAL:3.669084
TIME_CONNECT:0.251044
SIZE_DOWNLOAD:1317
TIMESTAMP:2025-06-05 15:45:52 UTC
TRIGGER:schedule
