---METADATA---
HTTP_STATUS:200
TIME_TOTAL:3.424035
TIME_CONNECT:0.266023
SIZE_DOWNLOAD:1294
TIMESTAMP:2025-06-05 11:48:15 UTC
TRIGGER:schedule
