---METADATA---
HTTP_STATUS:200
TIME_TOTAL:1.146267
TIME_CONNECT:0.277166
SIZE_DOWNLOAD:1292
TIMESTAMP:2025-06-05 14:56:53 UTC
TRIGGER:schedule
