---METADATA---
HTTP_STATUS:200
TIME_TOTAL:0.903168
TIME_CONNECT:0.235376
SIZE_DOWNLOAD:1292
TIMESTAMP:2025-06-05 21:41:56 UTC
TRIGGER:schedule
