---METADATA---
HTTP_STATUS:200
TIME_TOTAL:3.493210
TIME_CONNECT:0.246648
SIZE_DOWNLOAD:1292
TIMESTAMP:2025-06-05 20:50:09 UTC
TRIGGER:schedule
