---METADATA---
HTTP_STATUS:200
TIME_TOTAL:3.571636
TIME_CONNECT:0.278514
SIZE_DOWNLOAD:1294
TIMESTAMP:2025-06-05 13:53:55 UTC
TRIGGER:schedule
