---METADATA---
HTTP_STATUS:200
TIME_TOTAL:3.286049
TIME_CONNECT:0.315425
SIZE_DOWNLOAD:1294
TIMESTAMP:2025-06-05 13:55:29 UTC
TRIGGER:schedule
