---METADATA---
HTTP_STATUS:200
TIME_TOTAL:0.975906
TIME_CONNECT:0.225860
SIZE_DOWNLOAD:1292
TIMESTAMP:2025-06-05 19:21:45 UTC
TRIGGER:schedule
