---METADATA---
HTTP_STATUS:200
TIME_TOTAL:3.396025
TIME_CONNECT:0.286835
SIZE_DOWNLOAD:1305
TIMESTAMP:2025-06-05 10:30:47 UTC
TRIGGER:schedule
