---METADATA---
HTTP_STATUS:200
TIME_TOTAL:3.480657
TIME_CONNECT:0.247074
SIZE_DOWNLOAD:1308
TIMESTAMP:2025-06-05 05:37:36 UTC
TRIGGER:schedule
