---METADATA---
HTTP_STATUS:200
TIME_TOTAL:3.363973
TIME_CONNECT:0.280411
SIZE_DOWNLOAD:1307
TIMESTAMP:2025-06-05 10:15:43 UTC
TRIGGER:schedule
