---METADATA---
HTTP_STATUS:200
TIME_TOTAL:3.234457
TIME_CONNECT:0.224528
SIZE_DOWNLOAD:1304
TIMESTAMP:2025-06-05 05:50:33 UTC
TRIGGER:schedule
