---METADATA---
HTTP_STATUS:200
TIME_TOTAL:3.404253
TIME_CONNECT:0.274443
SIZE_DOWNLOAD:1305
TIMESTAMP:2025-06-05 11:12:22 UTC
TRIGGER:schedule
