---METADATA---
HTTP_STATUS:200
TIME_TOTAL:3.543596
TIME_CONNECT:0.236459
SIZE_DOWNLOAD:1308
TIMESTAMP:2025-06-05 07:48:15 UTC
TRIGGER:schedule
