---METADATA---
HTTP_STATUS:200
TIME_TOTAL:3.395525
TIME_CONNECT:0.231268
SIZE_DOWNLOAD:1292
TIMESTAMP:2025-06-05 21:49:57 UTC
TRIGGER:schedule
