---METADATA---
HTTP_STATUS:200
TIME_TOTAL:3.366447
TIME_CONNECT:0.285812
SIZE_DOWNLOAD:1294
TIMESTAMP:2025-06-05 12:56:13 UTC
TRIGGER:schedule
