---METADATA---
HTTP_STATUS:200
TIME_TOTAL:3.351733
TIME_CONNECT:0.250160
SIZE_DOWNLOAD:1292
TIMESTAMP:2025-06-05 19:00:06 UTC
TRIGGER:schedule
