---METADATA---
HTTP_STATUS:200
TIME_TOTAL:3.295184
TIME_CONNECT:0.270799
SIZE_DOWNLOAD:1292
TIMESTAMP:2025-06-05 21:13:00 UTC
TRIGGER:schedule
