---METADATA---
HTTP_STATUS:200
TIME_TOTAL:3.464861
TIME_CONNECT:0.261620
SIZE_DOWNLOAD:1307
TIMESTAMP:2025-06-05 05:14:55 UTC
TRIGGER:schedule
