---METADATA---
HTTP_STATUS:200
TIME_TOTAL:3.162311
TIME_CONNECT:0.214748
SIZE_DOWNLOAD:1292
TIMESTAMP:2025-06-05 19:48:11 UTC
TRIGGER:schedule
