---METADATA---
HTTP_STATUS:200
TIME_TOTAL:3.451772
TIME_CONNECT:0.275967
SIZE_DOWNLOAD:1306
TIMESTAMP:2025-06-05 08:46:17 UTC
TRIGGER:schedule
