---METADATA---
HTTP_STATUS:200
TIME_TOTAL:3.411323
TIME_CONNECT:0.244224
SIZE_DOWNLOAD:1292
TIMESTAMP:2025-06-05 14:44:56 UTC
TRIGGER:schedule
