---METADATA---
HTTP_STATUS:200
TIME_TOTAL:3.213553
TIME_CONNECT:0.238460
SIZE_DOWNLOAD:1292
TIMESTAMP:2025-06-05 17:10:33 UTC
TRIGGER:schedule
