---METADATA---
HTTP_STATUS:200
TIME_TOTAL:3.319897
TIME_CONNECT:0.250141
SIZE_DOWNLOAD:1292
TIMESTAMP:2025-06-05 20:24:31 UTC
TRIGGER:schedule
