---METADATA---
HTTP_STATUS:200
TIME_TOTAL:3.389542
TIME_CONNECT:0.255636
SIZE_DOWNLOAD:1292
TIMESTAMP:2025-06-05 21:57:15 UTC
TRIGGER:schedule
