---METADATA---
HTTP_STATUS:200
TIME_TOTAL:3.487149
TIME_CONNECT:0.297096
SIZE_DOWNLOAD:1294
TIMESTAMP:2025-06-05 11:47:33 UTC
TRIGGER:schedule
