---METADATA---
HTTP_STATUS:200
TIME_TOTAL:3.279236
TIME_CONNECT:0.283210
SIZE_DOWNLOAD:1292
TIMESTAMP:2025-06-05 15:14:47 UTC
TRIGGER:schedule
