---METADATA---
HTTP_STATUS:200
TIME_TOTAL:3.512557
TIME_CONNECT:0.278539
SIZE_DOWNLOAD:1290
TIMESTAMP:2025-06-05 13:37:18 UTC
TRIGGER:schedule
