---METADATA---
HTTP_STATUS:200
TIME_TOTAL:3.526820
TIME_CONNECT:0.276906
SIZE_DOWNLOAD:1294
TIMESTAMP:2025-06-05 01:08:15 UTC
TRIGGER:schedule
