---METADATA---
HTTP_STATUS:200
TIME_TOTAL:3.454140
TIME_CONNECT:0.235027
SIZE_DOWNLOAD:1292
TIMESTAMP:2025-06-05 14:51:06 UTC
TRIGGER:schedule
