---METADATA---
HTTP_STATUS:200
TIME_TOTAL:1.142297
TIME_CONNECT:0.293337
SIZE_DOWNLOAD:1307
TIMESTAMP:2025-06-05 07:31:17 UTC
TRIGGER:schedule
