---METADATA---
HTTP_STATUS:200
TIME_TOTAL:3.514460
TIME_CONNECT:0.312723
SIZE_DOWNLOAD:1293
TIMESTAMP:2025-06-05 03:43:47 UTC
TRIGGER:schedule
