---METADATA---
HTTP_STATUS:200
TIME_TOTAL:3.484401
TIME_CONNECT:0.280517
SIZE_DOWNLOAD:1292
TIMESTAMP:2025-06-05 23:27:17 UTC
TRIGGER:schedule
