---METADATA---
HTTP_STATUS:200
TIME_TOTAL:0.941838
TIME_CONNECT:0.230624
SIZE_DOWNLOAD:1292
TIMESTAMP:2025-06-05 20:38:08 UTC
TRIGGER:schedule
