---METADATA---
HTTP_STATUS:200
TIME_TOTAL:3.276781
TIME_CONNECT:0.242038
SIZE_DOWNLOAD:1307
TIMESTAMP:2025-06-05 04:40:04 UTC
TRIGGER:schedule
