---METADATA---
HTTP_STATUS:200
TIME_TOTAL:3.393718
TIME_CONNECT:0.279981
SIZE_DOWNLOAD:1292
TIMESTAMP:2025-06-05 23:15:07 UTC
TRIGGER:schedule
