---METADATA---
HTTP_STATUS:200
TIME_TOTAL:3.331203
TIME_CONNECT:0.278681
SIZE_DOWNLOAD:1292
TIMESTAMP:2025-06-05 23:33:00 UTC
TRIGGER:schedule
