---METADATA---
HTTP_STATUS:200
TIME_TOTAL:3.335532
TIME_CONNECT:0.281981
SIZE_DOWNLOAD:1304
TIMESTAMP:2025-06-05 09:57:07 UTC
TRIGGER:schedule
