---METADATA---
HTTP_STATUS:200
TIME_TOTAL:3.329796
TIME_CONNECT:0.226445
SIZE_DOWNLOAD:1292
TIMESTAMP:2025-06-05 19:19:15 UTC
TRIGGER:schedule
