---METADATA---
HTTP_STATUS:200
TIME_TOTAL:3.523051
TIME_CONNECT:0.284735
SIZE_DOWNLOAD:1292
TIMESTAMP:2025-06-05 19:46:48 UTC
TRIGGER:schedule
