---METADATA---
HTTP_STATUS:200
TIME_TOTAL:3.183565
TIME_CONNECT:0.241119
SIZE_DOWNLOAD:1292
TIMESTAMP:2025-06-05 02:53:27 UTC
TRIGGER:schedule
