---METADATA---
HTTP_STATUS:200
TIME_TOTAL:3.638233
TIME_CONNECT:0.306583
SIZE_DOWNLOAD:1292
TIMESTAMP:2025-06-05 15:28:50 UTC
TRIGGER:schedule
