---METADATA---
HTTP_STATUS:200
TIME_TOTAL:1.188736
TIME_CONNECT:0.304931
SIZE_DOWNLOAD:1292
TIMESTAMP:2025-06-05 17:35:50 UTC
TRIGGER:schedule
