---METADATA---
HTTP_STATUS:200
TIME_TOTAL:3.352543
TIME_CONNECT:0.243982
SIZE_DOWNLOAD:1307
TIMESTAMP:2025-06-05 07:57:13 UTC
TRIGGER:schedule
