---METADATA---
HTTP_STATUS:200
TIME_TOTAL:3.372031
TIME_CONNECT:0.240024
SIZE_DOWNLOAD:1292
TIMESTAMP:2025-06-05 23:44:27 UTC
TRIGGER:schedule
