---METADATA---
HTTP_STATUS:200
TIME_TOTAL:3.475459
TIME_CONNECT:0.347272
SIZE_DOWNLOAD:1292
TIMESTAMP:2025-06-05 15:57:50 UTC
TRIGGER:schedule
