---METADATA---
HTTP_STATUS:200
TIME_TOTAL:3.410574
TIME_CONNECT:0.239374
SIZE_DOWNLOAD:1296
TIMESTAMP:2025-06-05 04:01:44 UTC
TRIGGER:schedule
