---METADATA---
HTTP_STATUS:200
TIME_TOTAL:3.486367
TIME_CONNECT:0.280554
SIZE_DOWNLOAD:1292
TIMESTAMP:2025-06-05 16:17:41 UTC
TRIGGER:schedule
