---METADATA---
HTTP_STATUS:200
TIME_TOTAL:3.297417
TIME_CONNECT:0.227206
SIZE_DOWNLOAD:1294
TIMESTAMP:2025-06-05 11:59:09 UTC
TRIGGER:schedule
