---METADATA---
HTTP_STATUS:200
TIME_TOTAL:3.426416
TIME_CONNECT:0.278675
SIZE_DOWNLOAD:1292
TIMESTAMP:2025-06-05 18:51:27 UTC
TRIGGER:schedule
