---METADATA---
HTTP_STATUS:200
TIME_TOTAL:3.380050
TIME_CONNECT:0.261728
SIZE_DOWNLOAD:1307
TIMESTAMP:2025-06-05 11:19:59 UTC
TRIGGER:schedule
