---METADATA---
HTTP_STATUS:200
TIME_TOTAL:3.691120
TIME_CONNECT:0.464907
SIZE_DOWNLOAD:1292
TIMESTAMP:2025-06-05 10:45:19 UTC
TRIGGER:schedule
