---METADATA---
HTTP_STATUS:200
TIME_TOTAL:3.368004
TIME_CONNECT:0.329430
SIZE_DOWNLOAD:1294
TIMESTAMP:2025-06-05 05:26:55 UTC
TRIGGER:schedule
