---METADATA---
HTTP_STATUS:200
TIME_TOTAL:3.196389
TIME_CONNECT:0.274244
SIZE_DOWNLOAD:1292
TIMESTAMP:2025-06-05 20:28:16 UTC
TRIGGER:schedule
