---METADATA---
HTTP_STATUS:200
TIME_TOTAL:3.451706
TIME_CONNECT:0.332422
SIZE_DOWNLOAD:1292
TIMESTAMP:2025-06-05 02:07:58 UTC
TRIGGER:schedule
