---METADATA---
HTTP_STATUS:200
TIME_TOTAL:3.302293
TIME_CONNECT:0.263654
SIZE_DOWNLOAD:1292
TIMESTAMP:2025-06-05 20:37:29 UTC
TRIGGER:schedule
