---METADATA---
HTTP_STATUS:200
TIME_TOTAL:3.542640
TIME_CONNECT:0.349958
SIZE_DOWNLOAD:1292
TIMESTAMP:2025-06-05 21:30:00 UTC
TRIGGER:schedule
