---METADATA---
HTTP_STATUS:200
TIME_TOTAL:3.155426
TIME_CONNECT:0.251623
SIZE_DOWNLOAD:1309
TIMESTAMP:2025-06-05 06:39:27 UTC
TRIGGER:schedule
