---METADATA---
HTTP_STATUS:200
TIME_TOTAL:3.286750
TIME_CONNECT:0.240865
SIZE_DOWNLOAD:1292
TIMESTAMP:2025-06-05 23:49:29 UTC
TRIGGER:schedule
