---METADATA---
HTTP_STATUS:200
TIME_TOTAL:3.642379
TIME_CONNECT:0.306030
SIZE_DOWNLOAD:1306
TIMESTAMP:2025-06-05 06:21:02 UTC
TRIGGER:schedule
