---METADATA---
HTTP_STATUS:200
TIME_TOTAL:3.283476
TIME_CONNECT:0.249771
SIZE_DOWNLOAD:1292
TIMESTAMP:2025-06-05 10:52:22 UTC
TRIGGER:schedule
