---METADATA---
HTTP_STATUS:200
TIME_TOTAL:3.804666
TIME_CONNECT:0.310535
SIZE_DOWNLOAD:1292
TIMESTAMP:2025-06-05 14:14:44 UTC
TRIGGER:schedule
