---METADATA---
HTTP_STATUS:200
TIME_TOTAL:3.380066
TIME_CONNECT:0.296712
SIZE_DOWNLOAD:1293
TIMESTAMP:2025-06-05 09:43:21 UTC
TRIGGER:schedule
