---METADATA---
HTTP_STATUS:200
TIME_TOTAL:3.192826
TIME_CONNECT:0.216193
SIZE_DOWNLOAD:1294
TIMESTAMP:2025-06-05 11:35:32 UTC
TRIGGER:schedule
