---METADATA---
HTTP_STATUS:200
TIME_TOTAL:3.393229
TIME_CONNECT:0.260373
SIZE_DOWNLOAD:1307
TIMESTAMP:2025-06-05 08:19:11 UTC
TRIGGER:schedule
