---METADATA---
HTTP_STATUS:200
TIME_TOTAL:3.532494
TIME_CONNECT:0.316651
SIZE_DOWNLOAD:1304
TIMESTAMP:2025-06-05 13:43:41 UTC
TRIGGER:schedule
