---METADATA---
HTTP_STATUS:200
TIME_TOTAL:3.502169
TIME_CONNECT:0.272251
SIZE_DOWNLOAD:1292
TIMESTAMP:2025-06-05 14:23:30 UTC
TRIGGER:schedule
