---METADATA---
HTTP_STATUS:200
TIME_TOTAL:3.389837
TIME_CONNECT:0.240830
SIZE_DOWNLOAD:1307
TIMESTAMP:2025-09-01 03:34:56 UTC
TRIGGER:schedule
