---METADATA---
HTTP_STATUS:200
TIME_TOTAL:3.503403
TIME_CONNECT:0.225757
SIZE_DOWNLOAD:1294
TIMESTAMP:2025-09-01 04:38:58 UTC
TRIGGER:schedule
