---METADATA---
HTTP_STATUS:200
TIME_TOTAL:3.540141
TIME_CONNECT:0.268505
SIZE_DOWNLOAD:1307
TIMESTAMP:2025-09-01 02:01:47 UTC
TRIGGER:schedule
