---METADATA---
HTTP_STATUS:200
TIME_TOTAL:3.650706
TIME_CONNECT:0.247252
SIZE_DOWNLOAD:1295
TIMESTAMP:2025-09-01 04:46:15 UTC
TRIGGER:schedule
