---METADATA---
HTTP_STATUS:200
TIME_TOTAL:3.517218
TIME_CONNECT:0.239322
SIZE_DOWNLOAD:1307
TIMESTAMP:2025-09-01 03:53:07 UTC
TRIGGER:schedule
