---METADATA---
HTTP_STATUS:200
TIME_TOTAL:3.631744
TIME_CONNECT:0.249327
SIZE_DOWNLOAD:1295
TIMESTAMP:2025-09-01 04:05:46 UTC
TRIGGER:schedule
