---METADATA---
HTTP_STATUS:200
TIME_TOTAL:3.359467
TIME_CONNECT:0.284979
SIZE_DOWNLOAD:1307
TIMESTAMP:2025-09-01 01:14:43 UTC
TRIGGER:schedule
