---METADATA---
HTTP_STATUS:200
TIME_TOTAL:3.545413
TIME_CONNECT:0.281231
SIZE_DOWNLOAD:1309
TIMESTAMP:2025-09-01 04:54:06 UTC
TRIGGER:schedule
