---METADATA---
HTTP_STATUS:200
TIME_TOTAL:3.321918
TIME_CONNECT:0.248091
SIZE_DOWNLOAD:1309
TIMESTAMP:2025-09-01 04:23:46 UTC
TRIGGER:schedule
