---METADATA---
HTTP_STATUS:200
TIME_TOTAL:3.382346
TIME_CONNECT:0.270245
SIZE_DOWNLOAD:1307
TIMESTAMP:2025-09-01 02:59:28 UTC
TRIGGER:schedule
