---METADATA---
HTTP_STATUS:200
TIME_TOTAL:3.564030
TIME_CONNECT:0.287312
SIZE_DOWNLOAD:1305
TIMESTAMP:2025-06-26 21:22:00 UTC
TRIGGER:schedule
