---METADATA---
HTTP_STATUS:200
TIME_TOTAL:3.351310
TIME_CONNECT:0.249750
SIZE_DOWNLOAD:1132
TIMESTAMP:2025-06-26 07:42:36 UTC
TRIGGER:schedule
