---METADATA---
HTTP_STATUS:200
TIME_TOTAL:0.943787
TIME_CONNECT:0.282471
SIZE_DOWNLOAD:1305
TIMESTAMP:2025-06-26 19:48:00 UTC
TRIGGER:schedule
