---METADATA---
HTTP_STATUS:200
TIME_TOTAL:3.289682
TIME_CONNECT:0.271730
SIZE_DOWNLOAD:1305
TIMESTAMP:2025-06-26 17:33:15 UTC
TRIGGER:schedule
