---METADATA---
HTTP_STATUS:200
TIME_TOTAL:3.353362
TIME_CONNECT:0.276333
SIZE_DOWNLOAD:1305
TIMESTAMP:2025-06-26 14:13:46 UTC
TRIGGER:schedule
