---METADATA---
HTTP_STATUS:200
TIME_TOTAL:3.849148
TIME_CONNECT:0.317011
SIZE_DOWNLOAD:1294
TIMESTAMP:2025-06-26 04:59:55 UTC
TRIGGER:schedule
