---METADATA---
HTTP_STATUS:200
TIME_TOTAL:3.310225
TIME_CONNECT:0.243215
SIZE_DOWNLOAD:1305
TIMESTAMP:2025-06-26 23:48:38 UTC
TRIGGER:schedule
