---METADATA---
HTTP_STATUS:200
TIME_TOTAL:3.475194
TIME_CONNECT:0.272884
SIZE_DOWNLOAD:1305
TIMESTAMP:2025-06-26 15:52:09 UTC
TRIGGER:schedule
