---METADATA---
HTTP_STATUS:200
TIME_TOTAL:3.849419
TIME_CONNECT:0.322530
SIZE_DOWNLOAD:1292
TIMESTAMP:2025-06-26 10:53:01 UTC
TRIGGER:schedule
