---METADATA---
HTTP_STATUS:200
TIME_TOTAL:1.178010
TIME_CONNECT:0.245063
SIZE_DOWNLOAD:1306
TIMESTAMP:2025-06-26 09:51:22 UTC
TRIGGER:schedule
