---METADATA---
HTTP_STATUS:200
TIME_TOTAL:3.664942
TIME_CONNECT:0.274088
SIZE_DOWNLOAD:1305
TIMESTAMP:2025-06-26 16:00:23 UTC
TRIGGER:schedule
