---METADATA---
HTTP_STATUS:200
TIME_TOTAL:3.225260
TIME_CONNECT:0.237957
SIZE_DOWNLOAD:1305
TIMESTAMP:2025-06-26 18:19:52 UTC
TRIGGER:schedule
