---METADATA---
HTTP_STATUS:200
TIME_TOTAL:3.536052
TIME_CONNECT:0.283738
SIZE_DOWNLOAD:1305
TIMESTAMP:2025-06-26 23:42:19 UTC
TRIGGER:schedule
