---METADATA---
HTTP_STATUS:200
TIME_TOTAL:3.210486
TIME_CONNECT:0.218795
SIZE_DOWNLOAD:1305
TIMESTAMP:2025-06-26 15:35:33 UTC
TRIGGER:schedule
