---METADATA---
HTTP_STATUS:200
TIME_TOTAL:3.451800
TIME_CONNECT:0.228566
SIZE_DOWNLOAD:1307
TIMESTAMP:2025-06-26 13:37:26 UTC
TRIGGER:schedule
