---METADATA---
HTTP_STATUS:200
TIME_TOTAL:3.315775
TIME_CONNECT:0.244479
SIZE_DOWNLOAD:1305
TIMESTAMP:2025-06-26 15:48:26 UTC
TRIGGER:schedule
