---METADATA---
HTTP_STATUS:200
TIME_TOTAL:3.380185
TIME_CONNECT:0.243619
SIZE_DOWNLOAD:1294
TIMESTAMP:2025-06-26 05:42:49 UTC
TRIGGER:schedule
