---METADATA---
HTTP_STATUS:200
TIME_TOTAL:3.479931
TIME_CONNECT:0.287749
SIZE_DOWNLOAD:1306
TIMESTAMP:2025-06-26 09:27:50 UTC
TRIGGER:schedule
