---METADATA---
HTTP_STATUS:200
TIME_TOTAL:3.471260
TIME_CONNECT:0.267281
SIZE_DOWNLOAD:1305
TIMESTAMP:2025-06-26 21:30:44 UTC
TRIGGER:schedule
