---METADATA---
HTTP_STATUS:200
TIME_TOTAL:3.518945
TIME_CONNECT:0.272857
SIZE_DOWNLOAD:1132
TIMESTAMP:2025-06-26 06:35:00 UTC
TRIGGER:schedule
