---METADATA---
HTTP_STATUS:200
TIME_TOTAL:3.352598
TIME_CONNECT:0.296165
SIZE_DOWNLOAD:1132
TIMESTAMP:2025-06-26 07:29:44 UTC
TRIGGER:schedule
