---METADATA---
HTTP_STATUS:200
TIME_TOTAL:3.298523
TIME_CONNECT:0.242135
SIZE_DOWNLOAD:1305
TIMESTAMP:2025-06-26 21:41:27 UTC
TRIGGER:schedule
