---METADATA---
HTTP_STATUS:200
TIME_TOTAL:3.465259
TIME_CONNECT:0.284961
SIZE_DOWNLOAD:1307
TIMESTAMP:2025-06-26 04:04:26 UTC
TRIGGER:schedule
