---METADATA---
HTTP_STATUS:200
TIME_TOTAL:3.777505
TIME_CONNECT:0.336607
SIZE_DOWNLOAD:1306
TIMESTAMP:2025-06-26 09:45:59 UTC
TRIGGER:schedule
