---METADATA---
HTTP_STATUS:200
TIME_TOTAL:3.470151
TIME_CONNECT:0.279373
SIZE_DOWNLOAD:1305
TIMESTAMP:2025-06-26 22:13:29 UTC
TRIGGER:schedule
