---METADATA---
HTTP_STATUS:200
TIME_TOTAL:3.597963
TIME_CONNECT:0.280165
SIZE_DOWNLOAD:1305
TIMESTAMP:2025-06-26 23:13:26 UTC
TRIGGER:schedule
