---METADATA---
HTTP_STATUS:200
TIME_TOTAL:3.478170
TIME_CONNECT:0.301465
SIZE_DOWNLOAD:1305
TIMESTAMP:2025-06-26 22:26:19 UTC
TRIGGER:schedule
