---METADATA---
HTTP_STATUS:200
TIME_TOTAL:3.253386
TIME_CONNECT:0.209267
SIZE_DOWNLOAD:1305
TIMESTAMP:2025-06-26 21:13:10 UTC
TRIGGER:schedule
