---METADATA---
HTTP_STATUS:200
TIME_TOTAL:3.418074
TIME_CONNECT:0.327069
SIZE_DOWNLOAD:1305
TIMESTAMP:2025-06-26 17:24:50 UTC
TRIGGER:schedule
