---METADATA---
HTTP_STATUS:200
TIME_TOTAL:3.356492
TIME_CONNECT:0.243283
SIZE_DOWNLOAD:1292
TIMESTAMP:2025-06-26 01:09:40 UTC
TRIGGER:schedule
