---METADATA---
HTTP_STATUS:200
TIME_TOTAL:3.372146
TIME_CONNECT:0.333671
SIZE_DOWNLOAD:1305
TIMESTAMP:2025-06-26 17:49:00 UTC
TRIGGER:schedule
