---METADATA---
HTTP_STATUS:200
TIME_TOTAL:0.999964
TIME_CONNECT:0.290055
SIZE_DOWNLOAD:1292
TIMESTAMP:2025-06-26 11:41:06 UTC
TRIGGER:schedule
