---METADATA---
HTTP_STATUS:200
TIME_TOTAL:1.068590
TIME_CONNECT:0.311724
SIZE_DOWNLOAD:1132
TIMESTAMP:2025-06-26 05:52:21 UTC
TRIGGER:schedule
