---METADATA---
HTTP_STATUS:200
TIME_TOTAL:3.272829
TIME_CONNECT:0.276229
SIZE_DOWNLOAD:1305
TIMESTAMP:2025-06-26 22:50:31 UTC
TRIGGER:schedule
