---METADATA---
HTTP_STATUS:200
TIME_TOTAL:3.542439
TIME_CONNECT:0.233737
SIZE_DOWNLOAD:1305
TIMESTAMP:2025-06-26 14:36:31 UTC
TRIGGER:schedule
