---METADATA---
HTTP_STATUS:200
TIME_TOTAL:3.559908
TIME_CONNECT:0.269544
SIZE_DOWNLOAD:1305
TIMESTAMP:2025-06-26 15:29:32 UTC
TRIGGER:schedule
