---METADATA---
HTTP_STATUS:200
TIME_TOTAL:3.213222
TIME_CONNECT:0.230041
SIZE_DOWNLOAD:1305
TIMESTAMP:2025-06-26 23:25:45 UTC
TRIGGER:schedule
