---METADATA---
HTTP_STATUS:200
TIME_TOTAL:3.660724
TIME_CONNECT:0.276173
SIZE_DOWNLOAD:1132
TIMESTAMP:2025-06-26 07:14:41 UTC
TRIGGER:schedule
