---METADATA---
HTTP_STATUS:200
TIME_TOTAL:3.687863
TIME_CONNECT:0.274858
SIZE_DOWNLOAD:1307
TIMESTAMP:2025-06-26 03:33:17 UTC
TRIGGER:schedule
