---METADATA---
HTTP_STATUS:200
TIME_TOTAL:3.484963
TIME_CONNECT:0.281989
SIZE_DOWNLOAD:1305
TIMESTAMP:2025-06-26 16:56:53 UTC
TRIGGER:schedule
