---METADATA---
HTTP_STATUS:200
TIME_TOTAL:3.403107
TIME_CONNECT:0.276193
SIZE_DOWNLOAD:1292
TIMESTAMP:2025-06-26 10:30:52 UTC
TRIGGER:schedule
