---METADATA---
HTTP_STATUS:200
TIME_TOTAL:3.313394
TIME_CONNECT:0.298025
SIZE_DOWNLOAD:1305
TIMESTAMP:2025-06-26 19:47:01 UTC
TRIGGER:schedule
