---METADATA---
HTTP_STATUS:200
TIME_TOTAL:3.300454
TIME_CONNECT:0.246782
SIZE_DOWNLOAD:1305
TIMESTAMP:2025-06-26 19:34:21 UTC
TRIGGER:schedule
