---METADATA---
HTTP_STATUS:200
TIME_TOTAL:3.277135
TIME_CONNECT:0.284229
SIZE_DOWNLOAD:1309
TIMESTAMP:2025-06-26 10:15:12 UTC
TRIGGER:schedule
