---METADATA---
HTTP_STATUS:200
TIME_TOTAL:3.303049
TIME_CONNECT:0.236733
SIZE_DOWNLOAD:1292
TIMESTAMP:2025-06-26 11:49:01 UTC
TRIGGER:schedule
