---METADATA---
HTTP_STATUS:200
TIME_TOTAL:3.420996
TIME_CONNECT:0.211131
SIZE_DOWNLOAD:1289
TIMESTAMP:2025-06-26 13:54:07 UTC
TRIGGER:schedule
