---METADATA---
HTTP_STATUS:200
TIME_TOTAL:3.249130
TIME_CONNECT:0.278022
SIZE_DOWNLOAD:1305
TIMESTAMP:2025-06-26 19:58:54 UTC
TRIGGER:schedule
