---METADATA---
HTTP_STATUS:200
TIME_TOTAL:3.388831
TIME_CONNECT:0.243495
SIZE_DOWNLOAD:1292
TIMESTAMP:2025-06-26 11:57:03 UTC
TRIGGER:schedule
