---METADATA---
HTTP_STATUS:200
TIME_TOTAL:3.688869
TIME_CONNECT:0.270155
SIZE_DOWNLOAD:1289
TIMESTAMP:2025-06-26 13:55:11 UTC
TRIGGER:schedule
