---METADATA---
HTTP_STATUS:200
TIME_TOTAL:3.302602
TIME_CONNECT:0.307214
SIZE_DOWNLOAD:1305
TIMESTAMP:2025-06-26 23:30:40 UTC
TRIGGER:schedule
