---METADATA---
HTTP_STATUS:200
TIME_TOTAL:3.214600
TIME_CONNECT:0.238514
SIZE_DOWNLOAD:1305
TIMESTAMP:2025-06-26 15:15:05 UTC
TRIGGER:schedule
