---METADATA---
HTTP_STATUS:200
TIME_TOTAL:3.388824
TIME_CONNECT:0.237047
SIZE_DOWNLOAD:1293
TIMESTAMP:2025-06-26 03:46:08 UTC
TRIGGER:schedule
