---METADATA---
HTTP_STATUS:200
TIME_TOTAL:3.318747
TIME_CONNECT:0.272555
SIZE_DOWNLOAD:1306
TIMESTAMP:2025-06-26 08:55:53 UTC
TRIGGER:schedule
