---METADATA---
HTTP_STATUS:200
TIME_TOTAL:3.471204
TIME_CONNECT:0.244538
SIZE_DOWNLOAD:1306
TIMESTAMP:2025-06-26 09:15:46 UTC
TRIGGER:schedule
