---METADATA---
HTTP_STATUS:200
TIME_TOTAL:3.488974
TIME_CONNECT:0.321862
SIZE_DOWNLOAD:1305
TIMESTAMP:2025-06-26 18:55:48 UTC
TRIGGER:schedule
