---METADATA---
HTTP_STATUS:200
TIME_TOTAL:3.354878
TIME_CONNECT:0.269146
SIZE_DOWNLOAD:1292
TIMESTAMP:2025-06-26 11:12:44 UTC
TRIGGER:schedule
