---METADATA---
HTTP_STATUS:200
TIME_TOTAL:3.363937
TIME_CONNECT:0.280734
SIZE_DOWNLOAD:1305
TIMESTAMP:2025-06-26 04:41:41 UTC
TRIGGER:schedule
