---METADATA---
HTTP_STATUS:200
TIME_TOTAL:3.635970
TIME_CONNECT:0.240035
SIZE_DOWNLOAD:1292
TIMESTAMP:2025-06-26 10:55:14 UTC
TRIGGER:schedule
