---METADATA---
HTTP_STATUS:200
TIME_TOTAL:3.386458
TIME_CONNECT:0.275972
SIZE_DOWNLOAD:1305
TIMESTAMP:2025-06-26 23:56:47 UTC
TRIGGER:schedule
