---METADATA---
HTTP_STATUS:200
TIME_TOTAL:3.430637
TIME_CONNECT:0.282960
SIZE_DOWNLOAD:1305
TIMESTAMP:2025-06-26 18:37:34 UTC
TRIGGER:schedule
