---METADATA---
HTTP_STATUS:200
TIME_TOTAL:3.584972
TIME_CONNECT:0.299095
SIZE_DOWNLOAD:1132
TIMESTAMP:2025-06-26 05:50:52 UTC
TRIGGER:schedule
