---METADATA---
HTTP_STATUS:200
TIME_TOTAL:3.387601
TIME_CONNECT:0.295564
SIZE_DOWNLOAD:1306
TIMESTAMP:2025-06-26 08:35:55 UTC
TRIGGER:schedule
