---METADATA---
HTTP_STATUS:200
TIME_TOTAL:3.646958
TIME_CONNECT:0.280612
SIZE_DOWNLOAD:1307
TIMESTAMP:2025-06-26 08:19:32 UTC
TRIGGER:schedule
