---METADATA---
HTTP_STATUS:200
TIME_TOTAL:3.518031
TIME_CONNECT:0.265341
SIZE_DOWNLOAD:1132
TIMESTAMP:2025-06-26 06:56:43 UTC
TRIGGER:schedule
