---METADATA---
HTTP_STATUS:200
TIME_TOTAL:3.320257
TIME_CONNECT:0.250889
SIZE_DOWNLOAD:1305
TIMESTAMP:2025-06-26 19:10:49 UTC
TRIGGER:schedule
