---METADATA---
HTTP_STATUS:200
TIME_TOTAL:3.330197
TIME_CONNECT:0.230102
SIZE_DOWNLOAD:1305
TIMESTAMP:2025-06-26 14:52:21 UTC
TRIGGER:schedule
