---METADATA---
HTTP_STATUS:200
TIME_TOTAL:3.399239
TIME_CONNECT:0.250545
SIZE_DOWNLOAD:1292
TIMESTAMP:2025-06-26 11:28:30 UTC
TRIGGER:schedule
