---METADATA---
HTTP_STATUS:200
TIME_TOTAL:3.368305
TIME_CONNECT:0.221451
SIZE_DOWNLOAD:1305
TIMESTAMP:2025-06-26 16:17:51 UTC
TRIGGER:schedule
