---METADATA---
HTTP_STATUS:200
TIME_TOTAL:3.719334
TIME_CONNECT:0.282412
SIZE_DOWNLOAD:1292
TIMESTAMP:2025-06-26 12:28:49 UTC
TRIGGER:schedule
