---METADATA---
HTTP_STATUS:200
TIME_TOTAL:3.533644
TIME_CONNECT:0.241431
SIZE_DOWNLOAD:1305
TIMESTAMP:2025-06-26 16:46:58 UTC
TRIGGER:schedule
