---METADATA---
HTTP_STATUS:200
TIME_TOTAL:3.516816
TIME_CONNECT:0.257047
SIZE_DOWNLOAD:1132
TIMESTAMP:2025-06-26 06:21:08 UTC
TRIGGER:schedule
