---METADATA---
HTTP_STATUS:200
TIME_TOTAL:3.682761
TIME_CONNECT:0.272134
SIZE_DOWNLOAD:1305
TIMESTAMP:2025-06-26 05:15:12 UTC
TRIGGER:schedule
