---METADATA---
HTTP_STATUS:200
TIME_TOTAL:3.699563
TIME_CONNECT:0.321668
SIZE_DOWNLOAD:1306
TIMESTAMP:2025-06-26 09:42:11 UTC
TRIGGER:schedule
