---METADATA---
HTTP_STATUS:200
TIME_TOTAL:3.376795
TIME_CONNECT:0.286909
SIZE_DOWNLOAD:1305
TIMESTAMP:2025-06-26 22:57:38 UTC
TRIGGER:schedule
