---METADATA---
HTTP_STATUS:200
TIME_TOTAL:3.439106
TIME_CONNECT:0.238449
SIZE_DOWNLOAD:1305
TIMESTAMP:2025-06-26 22:45:33 UTC
TRIGGER:schedule
