---METADATA---
HTTP_STATUS:200
TIME_TOTAL:3.155835
TIME_CONNECT:0.295150
SIZE_DOWNLOAD:1305
TIMESTAMP:2025-06-26 19:26:35 UTC
TRIGGER:schedule
