---METADATA---
HTTP_STATUS:200
TIME_TOTAL:3.571913
TIME_CONNECT:0.297209
SIZE_DOWNLOAD:1306
TIMESTAMP:2025-06-26 09:57:55 UTC
TRIGGER:schedule
