---METADATA---
HTTP_STATUS:200
TIME_TOTAL:3.210440
TIME_CONNECT:0.231976
SIZE_DOWNLOAD:1305
TIMESTAMP:2025-06-26 02:55:25 UTC
TRIGGER:schedule
