---METADATA---
HTTP_STATUS:200
TIME_TOTAL:3.242828
TIME_CONNECT:0.233221
SIZE_DOWNLOAD:1305
TIMESTAMP:2025-06-26 14:46:06 UTC
TRIGGER:schedule
