---METADATA---
HTTP_STATUS:200
TIME_TOTAL:3.355577
TIME_CONNECT:0.306901
SIZE_DOWNLOAD:1305
TIMESTAMP:2025-06-26 20:41:23 UTC
TRIGGER:schedule
