---METADATA---
HTTP_STATUS:200
TIME_TOTAL:3.351072
TIME_CONNECT:0.289729
SIZE_DOWNLOAD:1306
TIMESTAMP:2025-06-26 08:47:28 UTC
TRIGGER:schedule
