---METADATA---
HTTP_STATUS:200
TIME_TOTAL:3.544461
TIME_CONNECT:0.306494
SIZE_DOWNLOAD:1290
TIMESTAMP:2025-06-26 10:44:40 UTC
TRIGGER:schedule
