---METADATA---
HTTP_STATUS:200
TIME_TOTAL:3.259473
TIME_CONNECT:0.215853
SIZE_DOWNLOAD:1132
TIMESTAMP:2025-06-26 07:32:25 UTC
TRIGGER:schedule
