---METADATA---
HTTP_STATUS:200
TIME_TOTAL:3.388126
TIME_CONNECT:0.291576
SIZE_DOWNLOAD:1294
TIMESTAMP:2025-06-26 05:31:04 UTC
TRIGGER:schedule
