---METADATA---
HTTP_STATUS:200
TIME_TOTAL:3.488185
TIME_CONNECT:0.237261
SIZE_DOWNLOAD:1305
TIMESTAMP:2025-06-26 19:19:56 UTC
TRIGGER:schedule
