---METADATA---
HTTP_STATUS:200
TIME_TOTAL:3.330437
TIME_CONNECT:0.269886
SIZE_DOWNLOAD:1132
TIMESTAMP:2025-06-26 07:57:03 UTC
TRIGGER:schedule
