---METADATA---
HTTP_STATUS:200
TIME_TOTAL:3.335397
TIME_CONNECT:0.279143
SIZE_DOWNLOAD:1292
TIMESTAMP:2025-06-26 11:40:54 UTC
TRIGGER:schedule
