---METADATA---
HTTP_STATUS:200
TIME_TOTAL:3.186866
TIME_CONNECT:0.213552
SIZE_DOWNLOAD:1305
TIMESTAMP:2025-06-26 02:10:19 UTC
TRIGGER:schedule
