---METADATA---
HTTP_STATUS:200
TIME_TOTAL:3.597614
TIME_CONNECT:0.275663
SIZE_DOWNLOAD:1305
TIMESTAMP:2025-06-26 13:43:34 UTC
TRIGGER:schedule
