---METADATA---
HTTP_STATUS:200
TIME_TOTAL:3.542875
TIME_CONNECT:0.267170
SIZE_DOWNLOAD:1292
TIMESTAMP:2025-06-26 11:20:10 UTC
TRIGGER:schedule
