---METADATA---
HTTP_STATUS:200
TIME_TOTAL:1.219765
TIME_CONNECT:0.298769
SIZE_DOWNLOAD:1305
TIMESTAMP:2025-06-26 14:58:05 UTC
TRIGGER:schedule
