---METADATA---
HTTP_STATUS:200
TIME_TOTAL:3.343195
TIME_CONNECT:0.271121
SIZE_DOWNLOAD:1307
TIMESTAMP:2025-06-26 04:23:33 UTC
TRIGGER:schedule
