---METADATA---
HTTP_STATUS:200
TIME_TOTAL:3.619197
TIME_CONNECT:0.238611
SIZE_DOWNLOAD:1305
TIMESTAMP:2025-06-26 17:43:37 UTC
TRIGGER:schedule
