---METADATA---
HTTP_STATUS:200
TIME_TOTAL:3.653613
TIME_CONNECT:0.310579
SIZE_DOWNLOAD:1305
TIMESTAMP:2025-06-26 14:22:48 UTC
TRIGGER:schedule
