---METADATA---
HTTP_STATUS:200
TIME_TOTAL:3.438196
TIME_CONNECT:0.325673
SIZE_DOWNLOAD:1305
TIMESTAMP:2025-06-26 16:38:37 UTC
TRIGGER:schedule
