---METADATA---
HTTP_STATUS:200
TIME_TOTAL:3.286005
TIME_CONNECT:0.239099
SIZE_DOWNLOAD:1292
TIMESTAMP:2025-06-26 13:09:14 UTC
TRIGGER:schedule
