---METADATA---
HTTP_STATUS:200
TIME_TOTAL:3.202526
TIME_CONNECT:0.278209
SIZE_DOWNLOAD:1305
TIMESTAMP:2025-06-26 17:57:01 UTC
TRIGGER:schedule
