---METADATA---
HTTP_STATUS:200
TIME_TOTAL:3.599439
TIME_CONNECT:0.299101
SIZE_DOWNLOAD:1292
TIMESTAMP:2025-06-26 12:56:19 UTC
TRIGGER:schedule
