---METADATA---
HTTP_STATUS:200
TIME_TOTAL:3.582119
TIME_CONNECT:0.311771
SIZE_DOWNLOAD:1294
TIMESTAMP:2025-06-26 04:48:38 UTC
TRIGGER:schedule
