---METADATA---
HTTP_STATUS:200
TIME_TOTAL:3.317004
TIME_CONNECT:0.243590
SIZE_DOWNLOAD:1305
TIMESTAMP:2025-06-26 20:15:19 UTC
TRIGGER:schedule
