---METADATA---
HTTP_STATUS:200
TIME_TOTAL:1.006044
TIME_CONNECT:0.267335
SIZE_DOWNLOAD:1305
TIMESTAMP:2025-06-26 20:51:46 UTC
TRIGGER:schedule
