---METADATA---
HTTP_STATUS:200
TIME_TOTAL:3.587980
TIME_CONNECT:0.318970
SIZE_DOWNLOAD:1305
TIMESTAMP:2025-06-26 22:34:43 UTC
TRIGGER:schedule
