---METADATA---
HTTP_STATUS:200
TIME_TOTAL:3.317188
TIME_CONNECT:0.305130
SIZE_DOWNLOAD:1305
TIMESTAMP:2025-06-26 18:48:42 UTC
TRIGGER:schedule
