---METADATA---
HTTP_STATUS:200
TIME_TOTAL:3.154031
TIME_CONNECT:0.208259
SIZE_DOWNLOAD:1305
TIMESTAMP:2025-06-26 20:30:22 UTC
TRIGGER:schedule
