---METADATA---
HTTP_STATUS:200
TIME_TOTAL:3.364389
TIME_CONNECT:0.241813
SIZE_DOWNLOAD:1305
TIMESTAMP:2025-06-26 21:56:54 UTC
TRIGGER:schedule
