---METADATA---
HTTP_STATUS:200
TIME_TOTAL:3.340787
TIME_CONNECT:0.279161
SIZE_DOWNLOAD:1307
TIMESTAMP:2025-06-28 11:40:51 UTC
TRIGGER:schedule
