---METADATA---
HTTP_STATUS:200
TIME_TOTAL:3.281090
TIME_CONNECT:0.270077
SIZE_DOWNLOAD:1296
TIMESTAMP:2025-06-28 21:28:25 UTC
TRIGGER:schedule
