---METADATA---
HTTP_STATUS:200
TIME_TOTAL:3.266585
TIME_CONNECT:0.266869
SIZE_DOWNLOAD:1308
TIMESTAMP:2025-06-28 07:28:30 UTC
TRIGGER:schedule
