---METADATA---
HTTP_STATUS:200
TIME_TOTAL:3.297294
TIME_CONNECT:0.244062
SIZE_DOWNLOAD:1296
TIMESTAMP:2025-06-28 19:20:24 UTC
TRIGGER:schedule
