---METADATA---
HTTP_STATUS:200
TIME_TOTAL:3.269783
TIME_CONNECT:0.247637
SIZE_DOWNLOAD:1296
TIMESTAMP:2025-06-28 21:43:32 UTC
TRIGGER:schedule
