---METADATA---
HTTP_STATUS:200
TIME_TOTAL:3.298883
TIME_CONNECT:0.289741
SIZE_DOWNLOAD:1296
TIMESTAMP:2025-06-28 17:36:54 UTC
TRIGGER:schedule
