---METADATA---
HTTP_STATUS:200
TIME_TOTAL:3.681109
TIME_CONNECT:0.231034
SIZE_DOWNLOAD:1308
TIMESTAMP:2025-06-28 07:39:55 UTC
TRIGGER:schedule
