---METADATA---
HTTP_STATUS:200
TIME_TOTAL:3.589926
TIME_CONNECT:0.308315
SIZE_DOWNLOAD:1296
TIMESTAMP:2025-06-28 21:40:18 UTC
TRIGGER:schedule
