---METADATA---
HTTP_STATUS:200
TIME_TOTAL:3.521327
TIME_CONNECT:0.285010
SIZE_DOWNLOAD:1294
TIMESTAMP:2025-06-28 06:53:22 UTC
TRIGGER:schedule
