---METADATA---
HTTP_STATUS:200
TIME_TOTAL:3.434435
TIME_CONNECT:0.293153
SIZE_DOWNLOAD:1296
TIMESTAMP:2025-06-28 05:56:51 UTC
TRIGGER:schedule
