---METADATA---
HTTP_STATUS:200
TIME_TOTAL:3.488436
TIME_CONNECT:0.271215
SIZE_DOWNLOAD:1296
TIMESTAMP:2025-06-28 22:12:41 UTC
TRIGGER:schedule
