---METADATA---
HTTP_STATUS:200
TIME_TOTAL:3.456553
TIME_CONNECT:0.284214
SIZE_DOWNLOAD:1309
TIMESTAMP:2025-06-28 13:29:52 UTC
TRIGGER:schedule
