---METADATA---
HTTP_STATUS:200
TIME_TOTAL:3.286533
TIME_CONNECT:0.261481
SIZE_DOWNLOAD:1296
TIMESTAMP:2025-06-28 20:32:36 UTC
TRIGGER:schedule
