---METADATA---
HTTP_STATUS:200
TIME_TOTAL:3.492463
TIME_CONNECT:0.276945
SIZE_DOWNLOAD:1296
TIMESTAMP:2025-06-28 16:54:52 UTC
TRIGGER:schedule
