---METADATA---
HTTP_STATUS:200
TIME_TOTAL:3.497858
TIME_CONNECT:0.233314
SIZE_DOWNLOAD:1306
TIMESTAMP:2025-06-28 05:35:16 UTC
TRIGGER:schedule
