---METADATA---
HTTP_STATUS:200
TIME_TOTAL:3.324830
TIME_CONNECT:0.288947
SIZE_DOWNLOAD:1294
TIMESTAMP:2025-06-28 05:14:39 UTC
TRIGGER:schedule
