---METADATA---
HTTP_STATUS:200
TIME_TOTAL:3.722769
TIME_CONNECT:0.334932
SIZE_DOWNLOAD:1309
TIMESTAMP:2025-06-28 04:39:37 UTC
TRIGGER:schedule
