---METADATA---
HTTP_STATUS:200
TIME_TOTAL:3.375583
TIME_CONNECT:0.369625
SIZE_DOWNLOAD:1307
TIMESTAMP:2025-06-28 04:29:23 UTC
TRIGGER:schedule
