---METADATA---
HTTP_STATUS:200
TIME_TOTAL:3.408896
TIME_CONNECT:0.333397
SIZE_DOWNLOAD:1296
TIMESTAMP:2025-06-28 15:25:31 UTC
TRIGGER:schedule
