---METADATA---
HTTP_STATUS:200
TIME_TOTAL:3.534765
TIME_CONNECT:0.253465
SIZE_DOWNLOAD:1307
TIMESTAMP:2025-06-28 03:41:11 UTC
TRIGGER:schedule
