---METADATA---
HTTP_STATUS:200
TIME_TOTAL:3.302030
TIME_CONNECT:0.249090
SIZE_DOWNLOAD:1307
TIMESTAMP:2025-06-28 03:19:20 UTC
TRIGGER:schedule
