---METADATA---
HTTP_STATUS:200
TIME_TOTAL:3.308448
TIME_CONNECT:0.304860
SIZE_DOWNLOAD:1296
TIMESTAMP:2025-06-28 19:49:51 UTC
TRIGGER:schedule
