---METADATA---
HTTP_STATUS:200
TIME_TOTAL:1.000970
TIME_CONNECT:0.267083
SIZE_DOWNLOAD:1309
TIMESTAMP:2025-06-28 09:33:38 UTC
TRIGGER:schedule
