---METADATA---
HTTP_STATUS:200
TIME_TOTAL:3.436461
TIME_CONNECT:0.274776
SIZE_DOWNLOAD:1296
TIMESTAMP:2025-06-28 23:56:59 UTC
TRIGGER:schedule
