---METADATA---
HTTP_STATUS:200
TIME_TOTAL:3.239577
TIME_CONNECT:0.211784
SIZE_DOWNLOAD:1309
TIMESTAMP:2025-06-28 13:35:54 UTC
TRIGGER:schedule
