---METADATA---
HTTP_STATUS:200
TIME_TOTAL:3.598096
TIME_CONNECT:0.661958
SIZE_DOWNLOAD:1307
TIMESTAMP:2025-06-28 12:50:59 UTC
TRIGGER:schedule
