---METADATA---
HTTP_STATUS:200
TIME_TOTAL:3.452243
TIME_CONNECT:0.241961
SIZE_DOWNLOAD:1309
TIMESTAMP:2025-06-28 08:54:18 UTC
TRIGGER:schedule
