---METADATA---
HTTP_STATUS:200
TIME_TOTAL:3.643509
TIME_CONNECT:0.300010
SIZE_DOWNLOAD:1296
TIMESTAMP:2025-06-28 14:56:51 UTC
TRIGGER:schedule
