---METADATA---
HTTP_STATUS:200
TIME_TOTAL:3.194487
TIME_CONNECT:0.272320
SIZE_DOWNLOAD:1307
TIMESTAMP:2025-06-28 11:36:18 UTC
TRIGGER:schedule
