---METADATA---
HTTP_STATUS:200
TIME_TOTAL:3.194475
TIME_CONNECT:0.281075
SIZE_DOWNLOAD:1296
TIMESTAMP:2025-06-28 18:10:50 UTC
TRIGGER:schedule
