---METADATA---
HTTP_STATUS:200
TIME_TOTAL:0.963439
TIME_CONNECT:0.202756
SIZE_DOWNLOAD:1296
TIMESTAMP:2025-06-28 23:41:47 UTC
TRIGGER:schedule
