---METADATA---
HTTP_STATUS:200
TIME_TOTAL:3.355677
TIME_CONNECT:0.272657
SIZE_DOWNLOAD:1307
TIMESTAMP:2025-06-28 09:13:31 UTC
TRIGGER:schedule
