---METADATA---
HTTP_STATUS:200
TIME_TOTAL:3.457867
TIME_CONNECT:0.295091
SIZE_DOWNLOAD:1296
TIMESTAMP:2025-06-28 18:43:41 UTC
TRIGGER:schedule
