---METADATA---
HTTP_STATUS:200
TIME_TOTAL:3.491675
TIME_CONNECT:0.235661
SIZE_DOWNLOAD:1296
TIMESTAMP:2025-06-28 10:34:41 UTC
TRIGGER:schedule
