---METADATA---
HTTP_STATUS:200
TIME_TOTAL:3.420419
TIME_CONNECT:0.229864
SIZE_DOWNLOAD:1307
TIMESTAMP:2025-06-28 10:49:04 UTC
TRIGGER:schedule
