---METADATA---
HTTP_STATUS:200
TIME_TOTAL:3.568076
TIME_CONNECT:0.280392
SIZE_DOWNLOAD:1296
TIMESTAMP:2025-06-28 22:25:16 UTC
TRIGGER:schedule
