---METADATA---
HTTP_STATUS:200
TIME_TOTAL:3.611323
TIME_CONNECT:0.285609
SIZE_DOWNLOAD:1296
TIMESTAMP:2025-06-28 22:56:47 UTC
TRIGGER:schedule
