---METADATA---
HTTP_STATUS:200
TIME_TOTAL:1.243973
TIME_CONNECT:0.372891
SIZE_DOWNLOAD:1296
TIMESTAMP:2025-06-28 05:50:00 UTC
TRIGGER:schedule
