---METADATA---
HTTP_STATUS:200
TIME_TOTAL:3.442230
TIME_CONNECT:0.314587
SIZE_DOWNLOAD:1296
TIMESTAMP:2025-06-28 14:31:23 UTC
TRIGGER:schedule
