---METADATA---
HTTP_STATUS:200
TIME_TOTAL:3.457613
TIME_CONNECT:0.298102
SIZE_DOWNLOAD:1294
TIMESTAMP:2025-06-28 13:01:42 UTC
TRIGGER:schedule
