---METADATA---
HTTP_STATUS:200
TIME_TOTAL:3.268103
TIME_CONNECT:0.277399
SIZE_DOWNLOAD:1296
TIMESTAMP:2025-06-28 22:49:13 UTC
TRIGGER:schedule
