---METADATA---
HTTP_STATUS:200
TIME_TOTAL:3.141347
TIME_CONNECT:0.237173
SIZE_DOWNLOAD:1305
TIMESTAMP:2025-06-28 07:12:41 UTC
TRIGGER:schedule
