---METADATA---
HTTP_STATUS:200
TIME_TOTAL:3.650836
TIME_CONNECT:0.670764
SIZE_DOWNLOAD:1311
TIMESTAMP:2025-06-28 04:55:17 UTC
TRIGGER:schedule
