---METADATA---
HTTP_STATUS:200
TIME_TOTAL:3.767892
TIME_CONNECT:0.336687
SIZE_DOWNLOAD:1309
TIMESTAMP:2025-06-28 09:00:23 UTC
TRIGGER:schedule
