---METADATA---
HTTP_STATUS:200
TIME_TOTAL:3.668882
TIME_CONNECT:0.319663
SIZE_DOWNLOAD:1309
TIMESTAMP:2025-06-28 10:08:43 UTC
TRIGGER:schedule
