---METADATA---
HTTP_STATUS:200
TIME_TOTAL:1.011062
TIME_CONNECT:0.274146
SIZE_DOWNLOAD:1296
TIMESTAMP:2025-06-28 21:48:11 UTC
TRIGGER:schedule
