---METADATA---
HTTP_STATUS:200
TIME_TOTAL:3.551766
TIME_CONNECT:0.278855
SIZE_DOWNLOAD:1296
TIMESTAMP:2025-06-28 19:48:08 UTC
TRIGGER:schedule
