---METADATA---
HTTP_STATUS:200
TIME_TOTAL:3.201492
TIME_CONNECT:0.251846
SIZE_DOWNLOAD:1307
TIMESTAMP:2025-06-28 13:45:46 UTC
TRIGGER:schedule
