---METADATA---
HTTP_STATUS:200
TIME_TOTAL:3.282696
TIME_CONNECT:0.273316
SIZE_DOWNLOAD:1307
TIMESTAMP:2025-06-28 13:57:26 UTC
TRIGGER:schedule
