---METADATA---
HTTP_STATUS:200
TIME_TOTAL:3.859141
TIME_CONNECT:0.617712
SIZE_DOWNLOAD:1307
TIMESTAMP:2025-06-28 03:54:15 UTC
TRIGGER:schedule
