---METADATA---
HTTP_STATUS:200
TIME_TOTAL:3.230558
TIME_CONNECT:0.266219
SIZE_DOWNLOAD:1296
TIMESTAMP:2025-06-28 10:13:44 UTC
TRIGGER:schedule
