---METADATA---
HTTP_STATUS:200
TIME_TOTAL:3.457343
TIME_CONNECT:0.364477
SIZE_DOWNLOAD:1296
TIMESTAMP:2025-06-28 22:33:06 UTC
TRIGGER:schedule
