---METADATA---
HTTP_STATUS:200
TIME_TOTAL:3.489897
TIME_CONNECT:0.234269
SIZE_DOWNLOAD:1296
TIMESTAMP:2025-06-28 19:10:26 UTC
TRIGGER:schedule
