---METADATA---
HTTP_STATUS:200
TIME_TOTAL:3.256348
TIME_CONNECT:0.308702
SIZE_DOWNLOAD:1308
TIMESTAMP:2025-06-28 07:48:11 UTC
TRIGGER:schedule
