---METADATA---
HTTP_STATUS:200
TIME_TOTAL:3.315085
TIME_CONNECT:0.280096
SIZE_DOWNLOAD:1296
TIMESTAMP:2025-06-28 14:43:52 UTC
TRIGGER:schedule
