---METADATA---
HTTP_STATUS:200
TIME_TOTAL:3.490533
TIME_CONNECT:0.278713
SIZE_DOWNLOAD:1307
TIMESTAMP:2025-06-28 02:50:34 UTC
TRIGGER:schedule
