---METADATA---
HTTP_STATUS:200
TIME_TOTAL:3.385532
TIME_CONNECT:0.285314
SIZE_DOWNLOAD:1296
TIMESTAMP:2025-06-28 20:50:22 UTC
TRIGGER:schedule
