---METADATA---
HTTP_STATUS:200
TIME_TOTAL:3.429463
TIME_CONNECT:0.268073
SIZE_DOWNLOAD:1307
TIMESTAMP:2025-06-28 12:25:23 UTC
TRIGGER:schedule
