---METADATA---
HTTP_STATUS:200
TIME_TOTAL:3.566933
TIME_CONNECT:0.279978
SIZE_DOWNLOAD:1292
TIMESTAMP:2025-06-28 08:48:28 UTC
TRIGGER:schedule
