---METADATA---
HTTP_STATUS:200
TIME_TOTAL:3.893438
TIME_CONNECT:0.322654
SIZE_DOWNLOAD:1307
TIMESTAMP:2025-06-28 04:00:36 UTC
TRIGGER:schedule
