---METADATA---
HTTP_STATUS:200
TIME_TOTAL:3.433011
TIME_CONNECT:0.218045
SIZE_DOWNLOAD:1296
TIMESTAMP:2025-06-28 16:31:24 UTC
TRIGGER:schedule
