---METADATA---
HTTP_STATUS:200
TIME_TOTAL:1.101513
TIME_CONNECT:0.284569
SIZE_DOWNLOAD:1296
TIMESTAMP:2025-06-28 18:46:27 UTC
TRIGGER:schedule
