---METADATA---
HTTP_STATUS:200
TIME_TOTAL:1.075136
TIME_CONNECT:0.232563
SIZE_DOWNLOAD:1296
TIMESTAMP:2025-06-28 19:38:10 UTC
TRIGGER:schedule
