---METADATA---
HTTP_STATUS:200
TIME_TOTAL:3.179120
TIME_CONNECT:0.275906
SIZE_DOWNLOAD:1296
TIMESTAMP:2025-06-28 20:49:38 UTC
TRIGGER:schedule
