---METADATA---
HTTP_STATUS:200
TIME_TOTAL:3.461966
TIME_CONNECT:0.282714
SIZE_DOWNLOAD:1296
TIMESTAMP:2025-06-28 15:41:51 UTC
TRIGGER:schedule
