---METADATA---
HTTP_STATUS:200
TIME_TOTAL:3.387315
TIME_CONNECT:0.284785
SIZE_DOWNLOAD:1296
TIMESTAMP:2025-06-28 17:29:58 UTC
TRIGGER:schedule
