---METADATA---
HTTP_STATUS:200
TIME_TOTAL:3.360436
TIME_CONNECT:0.292653
SIZE_DOWNLOAD:1307
TIMESTAMP:2025-06-28 11:06:51 UTC
TRIGGER:schedule
