---METADATA---
HTTP_STATUS:200
TIME_TOTAL:3.453145
TIME_CONNECT:0.296254
SIZE_DOWNLOAD:1296
TIMESTAMP:2025-06-28 22:43:29 UTC
TRIGGER:schedule
