---METADATA---
HTTP_STATUS:200
TIME_TOTAL:3.549477
TIME_CONNECT:0.306767
SIZE_DOWNLOAD:1296
TIMESTAMP:2025-06-28 05:44:12 UTC
TRIGGER:schedule
