---METADATA---
HTTP_STATUS:200
TIME_TOTAL:3.229768
TIME_CONNECT:0.266307
SIZE_DOWNLOAD:1296
TIMESTAMP:2025-06-28 01:07:42 UTC
TRIGGER:schedule
