---METADATA---
HTTP_STATUS:200
TIME_TOTAL:3.340101
TIME_CONNECT:0.267186
SIZE_DOWNLOAD:1305
TIMESTAMP:2025-06-28 06:19:02 UTC
TRIGGER:schedule
