---METADATA---
HTTP_STATUS:200
TIME_TOTAL:3.675585
TIME_CONNECT:0.340470
SIZE_DOWNLOAD:1294
TIMESTAMP:2025-06-28 06:46:28 UTC
TRIGGER:schedule
