---METADATA---
HTTP_STATUS:200
TIME_TOTAL:3.220499
TIME_CONNECT:0.217828
SIZE_DOWNLOAD:1296
TIMESTAMP:2025-06-28 16:52:39 UTC
TRIGGER:schedule
