---METADATA---
HTTP_STATUS:200
TIME_TOTAL:3.288604
TIME_CONNECT:0.272688
SIZE_DOWNLOAD:1296
TIMESTAMP:2025-06-28 18:17:53 UTC
TRIGGER:schedule
