---METADATA---
HTTP_STATUS:200
TIME_TOTAL:3.272320
TIME_CONNECT:0.275593
SIZE_DOWNLOAD:1296
TIMESTAMP:2025-06-28 15:30:30 UTC
TRIGGER:schedule
