---METADATA---
HTTP_STATUS:200
TIME_TOTAL:3.540429
TIME_CONNECT:0.272730
SIZE_DOWNLOAD:1307
TIMESTAMP:2025-06-28 11:10:54 UTC
TRIGGER:schedule
