---METADATA---
HTTP_STATUS:200
TIME_TOTAL:3.487260
TIME_CONNECT:0.336150
SIZE_DOWNLOAD:1296
TIMESTAMP:2025-06-28 10:35:22 UTC
TRIGGER:schedule
