---METADATA---
HTTP_STATUS:200
TIME_TOTAL:3.617744
TIME_CONNECT:0.309675
SIZE_DOWNLOAD:1294
TIMESTAMP:2025-06-28 13:49:02 UTC
TRIGGER:schedule
