---METADATA---
HTTP_STATUS:200
TIME_TOTAL:1.029887
TIME_CONNECT:0.307123
SIZE_DOWNLOAD:1296
TIMESTAMP:2025-06-28 20:35:03 UTC
TRIGGER:schedule
