---METADATA---
HTTP_STATUS:200
TIME_TOTAL:1.061889
TIME_CONNECT:0.249685
SIZE_DOWNLOAD:1296
TIMESTAMP:2025-06-28 21:12:04 UTC
TRIGGER:schedule
