---METADATA---
HTTP_STATUS:200
TIME_TOTAL:3.273311
TIME_CONNECT:0.226964
SIZE_DOWNLOAD:1308
TIMESTAMP:2025-06-28 08:27:54 UTC
TRIGGER:schedule
