---METADATA---
HTTP_STATUS:200
TIME_TOTAL:3.267492
TIME_CONNECT:0.232732
SIZE_DOWNLOAD:1296
TIMESTAMP:2025-06-28 19:34:32 UTC
TRIGGER:schedule
