---METADATA---
HTTP_STATUS:200
TIME_TOTAL:1.057333
TIME_CONNECT:0.300270
SIZE_DOWNLOAD:1296
TIMESTAMP:2025-06-28 21:29:00 UTC
TRIGGER:schedule
