---METADATA---
HTTP_STATUS:200
TIME_TOTAL:3.581880
TIME_CONNECT:0.304243
SIZE_DOWNLOAD:1296
TIMESTAMP:2025-06-28 17:19:04 UTC
TRIGGER:schedule
