---METADATA---
HTTP_STATUS:200
TIME_TOTAL:3.239468
TIME_CONNECT:0.245402
SIZE_DOWNLOAD:1296
TIMESTAMP:2025-06-28 17:48:47 UTC
TRIGGER:schedule
