---METADATA---
HTTP_STATUS:200
TIME_TOTAL:3.556129
TIME_CONNECT:0.298311
SIZE_DOWNLOAD:1296
TIMESTAMP:2025-06-28 14:12:00 UTC
TRIGGER:schedule
