---METADATA---
HTTP_STATUS:200
TIME_TOTAL:3.314001
TIME_CONNECT:0.259634
SIZE_DOWNLOAD:1296
TIMESTAMP:2025-06-28 20:11:10 UTC
TRIGGER:schedule
