---METADATA---
HTTP_STATUS:200
TIME_TOTAL:1.123906
TIME_CONNECT:0.216908
SIZE_DOWNLOAD:1296
TIMESTAMP:2025-06-28 19:23:59 UTC
TRIGGER:schedule
