---METADATA---
HTTP_STATUS:200
TIME_TOTAL:3.196703
TIME_CONNECT:0.265695
SIZE_DOWNLOAD:1296
TIMESTAMP:2025-06-28 16:15:50 UTC
TRIGGER:schedule
