---METADATA---
HTTP_STATUS:200
TIME_TOTAL:3.323143
TIME_CONNECT:0.224395
SIZE_DOWNLOAD:1292
TIMESTAMP:2025-06-28 09:49:03 UTC
TRIGGER:schedule
