---METADATA---
HTTP_STATUS:200
TIME_TOTAL:3.214016
TIME_CONNECT:0.206185
SIZE_DOWNLOAD:1296
TIMESTAMP:2025-06-28 21:08:55 UTC
TRIGGER:schedule
