---METADATA---
HTTP_STATUS:200
TIME_TOTAL:3.887514
TIME_CONNECT:0.415859
SIZE_DOWNLOAD:1296
TIMESTAMP:2025-06-28 05:22:46 UTC
TRIGGER:schedule
