---METADATA---
HTTP_STATUS:200
TIME_TOTAL:3.341005
TIME_CONNECT:0.267501
SIZE_DOWNLOAD:1296
TIMESTAMP:2025-06-28 16:44:26 UTC
TRIGGER:schedule
