---METADATA---
HTTP_STATUS:200
TIME_TOTAL:3.817373
TIME_CONNECT:0.518487
SIZE_DOWNLOAD:1296
TIMESTAMP:2025-06-28 23:41:06 UTC
TRIGGER:schedule
