---METADATA---
HTTP_STATUS:200
TIME_TOTAL:1.182691
TIME_CONNECT:0.309103
SIZE_DOWNLOAD:1296
TIMESTAMP:2025-06-28 14:49:08 UTC
TRIGGER:schedule
