---METADATA---
HTTP_STATUS:200
TIME_TOTAL:3.293569
TIME_CONNECT:0.282789
SIZE_DOWNLOAD:1296
TIMESTAMP:2025-06-28 15:12:44 UTC
TRIGGER:schedule
