---METADATA---
HTTP_STATUS:200
TIME_TOTAL:3.665845
TIME_CONNECT:0.274902
SIZE_DOWNLOAD:1307
TIMESTAMP:2025-06-28 02:06:42 UTC
TRIGGER:schedule
