---METADATA---
HTTP_STATUS:200
TIME_TOTAL:3.343154
TIME_CONNECT:0.276553
SIZE_DOWNLOAD:1296
TIMESTAMP:2025-06-28 21:57:03 UTC
TRIGGER:schedule
