---METADATA---
HTTP_STATUS:200
TIME_TOTAL:0.981400
TIME_CONNECT:0.278716
SIZE_DOWNLOAD:1307
TIMESTAMP:2025-06-28 10:49:44 UTC
TRIGGER:schedule
