---METADATA---
HTTP_STATUS:200
TIME_TOTAL:3.518140
TIME_CONNECT:0.253153
SIZE_DOWNLOAD:1307
TIMESTAMP:2025-06-28 11:56:57 UTC
TRIGGER:schedule
