---METADATA---
HTTP_STATUS:200
TIME_TOTAL:3.224809
TIME_CONNECT:0.307787
SIZE_DOWNLOAD:1296
TIMESTAMP:2025-06-28 23:29:29 UTC
TRIGGER:schedule
