---METADATA---
HTTP_STATUS:200
TIME_TOTAL:3.228843
TIME_CONNECT:0.275027
SIZE_DOWNLOAD:1296
TIMESTAMP:2025-06-28 23:24:31 UTC
TRIGGER:schedule
