---METADATA---
HTTP_STATUS:200
TIME_TOTAL:3.817452
TIME_CONNECT:0.288583
SIZE_DOWNLOAD:1296
TIMESTAMP:2025-06-28 06:35:37 UTC
TRIGGER:schedule
