---METADATA---
HTTP_STATUS:200
TIME_TOTAL:3.539273
TIME_CONNECT:0.423769
SIZE_DOWNLOAD:1296
TIMESTAMP:2025-06-28 18:57:17 UTC
TRIGGER:schedule
