---METADATA---
HTTP_STATUS:200
TIME_TOTAL:3.515900
TIME_CONNECT:0.375479
SIZE_DOWNLOAD:1292
TIMESTAMP:2025-06-28 07:20:40 UTC
TRIGGER:schedule
