---METADATA---
HTTP_STATUS:200
TIME_TOTAL:1.096442
TIME_CONNECT:0.322151
SIZE_DOWNLOAD:1296
TIMESTAMP:2025-06-28 17:50:00 UTC
TRIGGER:schedule
