---METADATA---
HTTP_STATUS:200
TIME_TOTAL:3.537173
TIME_CONNECT:0.239818
SIZE_DOWNLOAD:1296
TIMESTAMP:2025-06-28 15:57:04 UTC
TRIGGER:schedule
