---METADATA---
HTTP_STATUS:200
TIME_TOTAL:3.264692
TIME_CONNECT:0.254772
SIZE_DOWNLOAD:1296
TIMESTAMP:2025-06-28 20:14:12 UTC
TRIGGER:schedule
