---METADATA---
HTTP_STATUS:200
TIME_TOTAL:3.490092
TIME_CONNECT:0.283425
SIZE_DOWNLOAD:1309
TIMESTAMP:2025-06-28 09:31:32 UTC
TRIGGER:schedule
