---METADATA---
HTTP_STATUS:200
TIME_TOTAL:3.394005
TIME_CONNECT:0.241931
SIZE_DOWNLOAD:1306
TIMESTAMP:2025-06-28 07:52:04 UTC
TRIGGER:schedule
