---METADATA---
HTTP_STATUS:200
TIME_TOTAL:3.253310
TIME_CONNECT:0.298318
SIZE_DOWNLOAD:1296
TIMESTAMP:2025-06-28 17:11:31 UTC
TRIGGER:schedule
