---METADATA---
HTTP_STATUS:200
TIME_TOTAL:1.087466
TIME_CONNECT:0.271033
SIZE_DOWNLOAD:1296
TIMESTAMP:2025-06-28 17:41:59 UTC
TRIGGER:schedule
