---METADATA---
HTTP_STATUS:200
TIME_TOTAL:3.557444
TIME_CONNECT:0.234214
SIZE_DOWNLOAD:1296
TIMESTAMP:2025-06-28 14:24:26 UTC
TRIGGER:schedule
