---METADATA---
HTTP_STATUS:200
TIME_TOTAL:3.382711
TIME_CONNECT:0.266907
SIZE_DOWNLOAD:1296
TIMESTAMP:2025-06-28 23:49:49 UTC
TRIGGER:schedule
