---METADATA---
HTTP_STATUS:200
TIME_TOTAL:3.515844
TIME_CONNECT:0.264679
SIZE_DOWNLOAD:1296
TIMESTAMP:2025-06-28 15:48:22 UTC
TRIGGER:schedule
