---METADATA---
HTTP_STATUS:200
TIME_TOTAL:3.294512
TIME_CONNECT:0.269932
SIZE_DOWNLOAD:1296
TIMESTAMP:2025-06-28 23:12:51 UTC
TRIGGER:schedule
