---METADATA---
HTTP_STATUS:200
TIME_TOTAL:3.289823
TIME_CONNECT:0.227462
SIZE_DOWNLOAD:1309
TIMESTAMP:2025-06-28 04:52:09 UTC
TRIGGER:schedule
