---METADATA---
HTTP_STATUS:200
TIME_TOTAL:3.643420
TIME_CONNECT:0.358793
SIZE_DOWNLOAD:1296
TIMESTAMP:2025-06-28 08:16:59 UTC
TRIGGER:schedule
