---METADATA---
HTTP_STATUS:200
TIME_TOTAL:3.612095
TIME_CONNECT:0.298899
SIZE_DOWNLOAD:1309
TIMESTAMP:2025-06-28 08:43:18 UTC
TRIGGER:schedule
