---METADATA---
HTTP_STATUS:200
TIME_TOTAL:3.645741
TIME_CONNECT:0.293475
SIZE_DOWNLOAD:1307
TIMESTAMP:2025-06-28 11:48:17 UTC
TRIGGER:schedule
