---METADATA---
HTTP_STATUS:200
TIME_TOTAL:3.679764
TIME_CONNECT:0.217045
SIZE_DOWNLOAD:1307
TIMESTAMP:2025-06-28 11:25:54 UTC
TRIGGER:schedule
