---METADATA---
HTTP_STATUS:200
TIME_TOTAL:3.440595
TIME_CONNECT:0.295773
SIZE_DOWNLOAD:1303
TIMESTAMP:2025-06-12 15:47:22 UTC
TRIGGER:schedule
