---METADATA---
HTTP_STATUS:200
TIME_TOTAL:3.326185
TIME_CONNECT:0.283666
SIZE_DOWNLOAD:1303
TIMESTAMP:2025-06-12 16:55:15 UTC
TRIGGER:schedule
