---METADATA---
HTTP_STATUS:200
TIME_TOTAL:3.414645
TIME_CONNECT:0.286373
SIZE_DOWNLOAD:1303
TIMESTAMP:2025-06-12 21:57:12 UTC
TRIGGER:schedule
