---METADATA---
HTTP_STATUS:200
TIME_TOTAL:1.118483
TIME_CONNECT:0.248936
SIZE_DOWNLOAD:1305
TIMESTAMP:2025-06-12 13:43:35 UTC
TRIGGER:schedule
