---METADATA---
HTTP_STATUS:200
TIME_TOTAL:3.337391
TIME_CONNECT:0.275724
SIZE_DOWNLOAD:1307
TIMESTAMP:2025-06-12 12:56:17 UTC
TRIGGER:schedule
