---METADATA---
HTTP_STATUS:200
TIME_TOTAL:3.270574
TIME_CONNECT:0.254622
SIZE_DOWNLOAD:1303
TIMESTAMP:2025-06-12 22:13:13 UTC
TRIGGER:schedule
