---METADATA---
HTTP_STATUS:200
TIME_TOTAL:3.539416
TIME_CONNECT:0.300736
SIZE_DOWNLOAD:1303
TIMESTAMP:2025-06-12 15:59:14 UTC
TRIGGER:schedule
