---METADATA---
HTTP_STATUS:200
TIME_TOTAL:3.247351
TIME_CONNECT:0.270550
SIZE_DOWNLOAD:1292
TIMESTAMP:2025-06-12 02:53:43 UTC
TRIGGER:schedule
