---METADATA---
HTTP_STATUS:200
TIME_TOTAL:3.370330
TIME_CONNECT:0.237243
SIZE_DOWNLOAD:1303
TIMESTAMP:2025-06-12 20:41:00 UTC
TRIGGER:schedule
