---METADATA---
HTTP_STATUS:200
TIME_TOTAL:3.396809
TIME_CONNECT:0.296552
SIZE_DOWNLOAD:1307
TIMESTAMP:2025-06-12 08:35:42 UTC
TRIGGER:schedule
