---METADATA---
HTTP_STATUS:200
TIME_TOTAL:3.284934
TIME_CONNECT:0.248116
SIZE_DOWNLOAD:1303
TIMESTAMP:2025-06-12 22:26:08 UTC
TRIGGER:schedule
