---METADATA---
HTTP_STATUS:200
TIME_TOTAL:3.485278
TIME_CONNECT:0.235522
SIZE_DOWNLOAD:1303
TIMESTAMP:2025-06-12 19:57:09 UTC
TRIGGER:schedule
