---METADATA---
HTTP_STATUS:200
TIME_TOTAL:1.138636
TIME_CONNECT:0.306600
SIZE_DOWNLOAD:1303
TIMESTAMP:2025-06-12 19:30:02 UTC
TRIGGER:schedule
