---METADATA---
HTTP_STATUS:200
TIME_TOTAL:3.169368
TIME_CONNECT:0.264181
SIZE_DOWNLOAD:1303
TIMESTAMP:2025-06-12 20:29:25 UTC
TRIGGER:schedule
