---METADATA---
HTTP_STATUS:200
TIME_TOTAL:3.739985
TIME_CONNECT:0.287291
SIZE_DOWNLOAD:1292
TIMESTAMP:2025-06-12 13:08:05 UTC
TRIGGER:schedule
