---METADATA---
HTTP_STATUS:200
TIME_TOTAL:1.077084
TIME_CONNECT:0.243946
SIZE_DOWNLOAD:1130
TIMESTAMP:2025-06-12 11:38:47 UTC
TRIGGER:schedule
