---METADATA---
HTTP_STATUS:200
TIME_TOTAL:3.297782
TIME_CONNECT:0.275769
SIZE_DOWNLOAD:1294
TIMESTAMP:2025-06-12 06:38:36 UTC
TRIGGER:schedule
