---METADATA---
HTTP_STATUS:200
TIME_TOTAL:3.445703
TIME_CONNECT:0.271684
SIZE_DOWNLOAD:1303
TIMESTAMP:2025-06-12 21:29:24 UTC
TRIGGER:schedule
