---METADATA---
HTTP_STATUS:200
TIME_TOTAL:3.359627
TIME_CONNECT:0.228178
SIZE_DOWNLOAD:1296
TIMESTAMP:2025-06-12 10:44:36 UTC
TRIGGER:schedule
