---METADATA---
HTTP_STATUS:200
TIME_TOTAL:3.304245
TIME_CONNECT:0.223782
SIZE_DOWNLOAD:1303
TIMESTAMP:2025-06-12 19:42:00 UTC
TRIGGER:schedule
