---METADATA---
HTTP_STATUS:200
TIME_TOTAL:3.354306
TIME_CONNECT:0.262864
SIZE_DOWNLOAD:1303
TIMESTAMP:2025-06-12 17:57:20 UTC
TRIGGER:schedule
