---METADATA---
HTTP_STATUS:200
TIME_TOTAL:3.678280
TIME_CONNECT:0.237179
SIZE_DOWNLOAD:1292
TIMESTAMP:2025-06-12 04:01:29 UTC
TRIGGER:schedule
