---METADATA---
HTTP_STATUS:200
TIME_TOTAL:3.439320
TIME_CONNECT:0.297644
SIZE_DOWNLOAD:1303
TIMESTAMP:2025-06-12 20:46:37 UTC
TRIGGER:schedule
