---METADATA---
HTTP_STATUS:200
TIME_TOTAL:3.278896
TIME_CONNECT:0.230691
SIZE_DOWNLOAD:1303
TIMESTAMP:2025-06-12 14:46:51 UTC
TRIGGER:schedule
