---METADATA---
HTTP_STATUS:200
TIME_TOTAL:3.552449
TIME_CONNECT:0.245380
SIZE_DOWNLOAD:1303
TIMESTAMP:2025-06-12 14:23:14 UTC
TRIGGER:schedule
