---METADATA---
HTTP_STATUS:200
TIME_TOTAL:3.578623
TIME_CONNECT:0.314177
SIZE_DOWNLOAD:1303
TIMESTAMP:2025-06-12 23:48:10 UTC
TRIGGER:schedule
