---METADATA---
HTTP_STATUS:200
TIME_TOTAL:3.490538
TIME_CONNECT:0.252918
SIZE_DOWNLOAD:1307
TIMESTAMP:2025-06-12 06:21:09 UTC
TRIGGER:schedule
