---METADATA---
HTTP_STATUS:200
TIME_TOTAL:3.410641
TIME_CONNECT:0.232498
SIZE_DOWNLOAD:1294
TIMESTAMP:2025-06-12 13:53:59 UTC
TRIGGER:schedule
