---METADATA---
HTTP_STATUS:200
TIME_TOTAL:3.520260
TIME_CONNECT:0.252279
SIZE_DOWNLOAD:1292
TIMESTAMP:2025-06-12 11:12:20 UTC
TRIGGER:schedule
