---METADATA---
HTTP_STATUS:200
TIME_TOTAL:3.388145
TIME_CONNECT:0.235514
SIZE_DOWNLOAD:1294
TIMESTAMP:2025-06-12 08:19:16 UTC
TRIGGER:schedule
