---METADATA---
HTTP_STATUS:200
TIME_TOTAL:3.331134
TIME_CONNECT:0.252551
SIZE_DOWNLOAD:1303
TIMESTAMP:2025-06-12 15:29:49 UTC
TRIGGER:schedule
