---METADATA---
HTTP_STATUS:200
TIME_TOTAL:3.592208
TIME_CONNECT:0.289745
SIZE_DOWNLOAD:1292
TIMESTAMP:2025-06-12 04:40:29 UTC
TRIGGER:schedule
