---METADATA---
HTTP_STATUS:200
TIME_TOTAL:3.681842
TIME_CONNECT:0.279327
SIZE_DOWNLOAD:1307
TIMESTAMP:2025-06-12 09:34:54 UTC
TRIGGER:schedule
