---METADATA---
HTTP_STATUS:200
TIME_TOTAL:3.296874
TIME_CONNECT:0.312819
SIZE_DOWNLOAD:1292
TIMESTAMP:2025-06-12 04:39:32 UTC
TRIGGER:schedule
