---METADATA---
HTTP_STATUS:200
TIME_TOTAL:3.377211
TIME_CONNECT:0.241016
SIZE_DOWNLOAD:1292
TIMESTAMP:2025-06-12 13:37:47 UTC
TRIGGER:schedule
