---METADATA---
HTTP_STATUS:200
TIME_TOTAL:3.501016
TIME_CONNECT:0.274162
SIZE_DOWNLOAD:1294
TIMESTAMP:2025-06-12 13:55:13 UTC
TRIGGER:schedule
