---METADATA---
HTTP_STATUS:200
TIME_TOTAL:3.616790
TIME_CONNECT:0.287638
SIZE_DOWNLOAD:1303
TIMESTAMP:2025-06-12 17:33:04 UTC
TRIGGER:schedule
