---METADATA---
HTTP_STATUS:200
TIME_TOTAL:1.143359
TIME_CONNECT:0.304845
SIZE_DOWNLOAD:1303
TIMESTAMP:2025-06-12 21:48:21 UTC
TRIGGER:schedule
