---METADATA---
HTTP_STATUS:200
TIME_TOTAL:3.381414
TIME_CONNECT:0.277988
SIZE_DOWNLOAD:1292
TIMESTAMP:2025-06-12 07:41:28 UTC
TRIGGER:schedule
