---METADATA---
HTTP_STATUS:200
TIME_TOTAL:3.304108
TIME_CONNECT:0.288039
SIZE_DOWNLOAD:1130
TIMESTAMP:2025-06-12 11:35:26 UTC
TRIGGER:schedule
