---METADATA---
HTTP_STATUS:200
TIME_TOTAL:1.116425
TIME_CONNECT:0.290626
SIZE_DOWNLOAD:1292
TIMESTAMP:2025-06-12 04:55:39 UTC
TRIGGER:schedule
