---METADATA---
HTTP_STATUS:200
TIME_TOTAL:3.342348
TIME_CONNECT:0.301959
SIZE_DOWNLOAD:1303
TIMESTAMP:2025-06-12 22:57:07 UTC
TRIGGER:schedule
