---METADATA---
HTTP_STATUS:200
TIME_TOTAL:3.191856
TIME_CONNECT:0.247844
SIZE_DOWNLOAD:1303
TIMESTAMP:2025-06-12 19:17:58 UTC
TRIGGER:schedule
