---METADATA---
HTTP_STATUS:200
TIME_TOTAL:3.418196
TIME_CONNECT:0.287229
SIZE_DOWNLOAD:1307
TIMESTAMP:2025-06-12 09:57:13 UTC
TRIGGER:schedule
