---METADATA---
HTTP_STATUS:200
TIME_TOTAL:3.488012
TIME_CONNECT:0.289666
SIZE_DOWNLOAD:1303
TIMESTAMP:2025-06-12 21:13:31 UTC
TRIGGER:schedule
