---METADATA---
HTTP_STATUS:200
TIME_TOTAL:3.304463
TIME_CONNECT:0.273605
SIZE_DOWNLOAD:1303
TIMESTAMP:2025-06-12 14:14:22 UTC
TRIGGER:schedule
