---METADATA---
HTTP_STATUS:200
TIME_TOTAL:3.566676
TIME_CONNECT:0.303788
SIZE_DOWNLOAD:1303
TIMESTAMP:2025-06-12 14:58:43 UTC
TRIGGER:schedule
