---METADATA---
HTTP_STATUS:200
TIME_TOTAL:3.575327
TIME_CONNECT:0.297293
SIZE_DOWNLOAD:1303
TIMESTAMP:2025-06-12 19:48:13 UTC
TRIGGER:schedule
