---METADATA---
HTTP_STATUS:200
TIME_TOTAL:3.447207
TIME_CONNECT:0.253005
SIZE_DOWNLOAD:1307
TIMESTAMP:2025-06-12 10:54:11 UTC
TRIGGER:schedule
