---METADATA---
HTTP_STATUS:200
TIME_TOTAL:3.492607
TIME_CONNECT:0.276072
SIZE_DOWNLOAD:1305
TIMESTAMP:2025-06-12 07:57:10 UTC
TRIGGER:schedule
