---METADATA---
HTTP_STATUS:200
TIME_TOTAL:3.216897
TIME_CONNECT:0.267149
SIZE_DOWNLOAD:1303
TIMESTAMP:2025-06-12 14:52:36 UTC
TRIGGER:schedule
