---METADATA---
HTTP_STATUS:200
TIME_TOTAL:3.461936
TIME_CONNECT:0.262024
SIZE_DOWNLOAD:1307
TIMESTAMP:2025-06-12 05:50:09 UTC
TRIGGER:schedule
