---METADATA---
HTTP_STATUS:200
TIME_TOTAL:3.518739
TIME_CONNECT:0.249653
SIZE_DOWNLOAD:1296
TIMESTAMP:2025-06-12 05:14:14 UTC
TRIGGER:schedule
