---METADATA---
HTTP_STATUS:200
TIME_TOTAL:3.180569
TIME_CONNECT:0.273397
SIZE_DOWNLOAD:1292
TIMESTAMP:2025-06-12 03:29:23 UTC
TRIGGER:schedule
