---METADATA---
HTTP_STATUS:200
TIME_TOTAL:3.476390
TIME_CONNECT:0.233945
SIZE_DOWNLOAD:1303
TIMESTAMP:2025-06-12 15:41:45 UTC
TRIGGER:schedule
