---METADATA---
HTTP_STATUS:200
TIME_TOTAL:3.345711
TIME_CONNECT:0.239392
SIZE_DOWNLOAD:1294
TIMESTAMP:2025-06-12 06:49:47 UTC
TRIGGER:schedule
