---METADATA---
HTTP_STATUS:200
TIME_TOTAL:3.217274
TIME_CONNECT:0.244450
SIZE_DOWNLOAD:1303
TIMESTAMP:2025-06-12 22:49:36 UTC
TRIGGER:schedule
