---METADATA---
HTTP_STATUS:200
TIME_TOTAL:1.086312
TIME_CONNECT:0.266239
SIZE_DOWNLOAD:1309
TIMESTAMP:2025-06-12 07:31:11 UTC
TRIGGER:schedule
