---METADATA---
HTTP_STATUS:200
TIME_TOTAL:3.260318
TIME_CONNECT:0.276366
SIZE_DOWNLOAD:1294
TIMESTAMP:2025-06-12 07:48:17 UTC
TRIGGER:schedule
