---METADATA---
HTTP_STATUS:200
TIME_TOTAL:3.392252
TIME_CONNECT:0.288752
SIZE_DOWNLOAD:1292
TIMESTAMP:2025-06-12 09:50:14 UTC
TRIGGER:schedule
