---METADATA---
HTTP_STATUS:200
TIME_TOTAL:3.283480
TIME_CONNECT:0.290193
SIZE_DOWNLOAD:1294
TIMESTAMP:2025-06-12 11:19:45 UTC
TRIGGER:schedule
