---METADATA---
HTTP_STATUS:200
TIME_TOTAL:3.359963
TIME_CONNECT:0.278056
SIZE_DOWNLOAD:1294
TIMESTAMP:2025-06-12 09:15:05 UTC
TRIGGER:schedule
