---METADATA---
HTTP_STATUS:200
TIME_TOTAL:3.148033
TIME_CONNECT:0.227181
SIZE_DOWNLOAD:1303
TIMESTAMP:2025-06-12 18:47:33 UTC
TRIGGER:schedule
