---METADATA---
HTTP_STATUS:200
TIME_TOTAL:3.273889
TIME_CONNECT:0.241749
SIZE_DOWNLOAD:1130
TIMESTAMP:2025-06-12 11:27:42 UTC
TRIGGER:schedule
