---METADATA---
HTTP_STATUS:200
TIME_TOTAL:3.374923
TIME_CONNECT:0.285496
SIZE_DOWNLOAD:1307
TIMESTAMP:2025-06-12 05:35:20 UTC
TRIGGER:schedule
