---METADATA---
HTTP_STATUS:200
TIME_TOTAL:3.272143
TIME_CONNECT:0.237113
SIZE_DOWNLOAD:1303
TIMESTAMP:2025-06-12 23:30:40 UTC
TRIGGER:schedule
