---METADATA---
HTTP_STATUS:200
TIME_TOTAL:3.563511
TIME_CONNECT:0.277275
SIZE_DOWNLOAD:1130
TIMESTAMP:2025-06-12 11:59:10 UTC
TRIGGER:schedule
