---METADATA---
HTTP_STATUS:200
TIME_TOTAL:3.256967
TIME_CONNECT:0.300605
SIZE_DOWNLOAD:1303
TIMESTAMP:2025-06-12 23:14:10 UTC
TRIGGER:schedule
