---METADATA---
HTTP_STATUS:200
TIME_TOTAL:3.385985
TIME_CONNECT:0.247411
SIZE_DOWNLOAD:1307
TIMESTAMP:2025-06-12 10:52:16 UTC
TRIGGER:schedule
