---METADATA---
HTTP_STATUS:200
TIME_TOTAL:3.197126
TIME_CONNECT:0.253017
SIZE_DOWNLOAD:1303
TIMESTAMP:2025-06-12 16:47:32 UTC
TRIGGER:schedule
