---METADATA---
HTTP_STATUS:200
TIME_TOTAL:1.058998
TIME_CONNECT:0.211579
SIZE_DOWNLOAD:1303
TIMESTAMP:2025-06-12 19:35:05 UTC
TRIGGER:schedule
