---METADATA---
HTTP_STATUS:200
TIME_TOTAL:3.310903
TIME_CONNECT:0.230987
SIZE_DOWNLOAD:1306
TIMESTAMP:2025-06-12 06:56:52 UTC
TRIGGER:schedule
