---METADATA---
HTTP_STATUS:200
TIME_TOTAL:3.742531
TIME_CONNECT:0.315739
SIZE_DOWNLOAD:1294
TIMESTAMP:2025-06-12 09:44:20 UTC
TRIGGER:schedule
