---METADATA---
HTTP_STATUS:200
TIME_TOTAL:3.516926
TIME_CONNECT:0.257733
SIZE_DOWNLOAD:1292
TIMESTAMP:2025-06-12 04:54:25 UTC
TRIGGER:schedule
