---METADATA---
HTTP_STATUS:200
TIME_TOTAL:3.180032
TIME_CONNECT:0.250295
SIZE_DOWNLOAD:1303
TIMESTAMP:2025-06-12 17:13:08 UTC
TRIGGER:schedule
