---METADATA---
HTTP_STATUS:200
TIME_TOTAL:3.493625
TIME_CONNECT:0.267273
SIZE_DOWNLOAD:1303
TIMESTAMP:2025-06-12 17:20:56 UTC
TRIGGER:schedule
