---METADATA---
HTTP_STATUS:200
TIME_TOTAL:3.638595
TIME_CONNECT:0.311580
SIZE_DOWNLOAD:1305
TIMESTAMP:2025-06-12 08:47:01 UTC
TRIGGER:schedule
