---METADATA---
HTTP_STATUS:200
TIME_TOTAL:3.309633
TIME_CONNECT:0.244424
SIZE_DOWNLOAD:1303
TIMESTAMP:2025-06-12 16:35:13 UTC
TRIGGER:schedule
