---METADATA---
HTTP_STATUS:200
TIME_TOTAL:3.270810
TIME_CONNECT:0.297187
SIZE_DOWNLOAD:1303
TIMESTAMP:2025-06-12 21:40:25 UTC
TRIGGER:schedule
