---METADATA---
HTTP_STATUS:200
TIME_TOTAL:3.449452
TIME_CONNECT:0.249904
SIZE_DOWNLOAD:1303
TIMESTAMP:2025-06-12 22:34:08 UTC
TRIGGER:schedule
