---METADATA---
HTTP_STATUS:200
TIME_TOTAL:3.521858
TIME_CONNECT:0.290006
SIZE_DOWNLOAD:1303
TIMESTAMP:2025-06-12 23:25:33 UTC
TRIGGER:schedule
