---METADATA---
HTTP_STATUS:200
TIME_TOTAL:3.201557
TIME_CONNECT:0.286099
SIZE_DOWNLOAD:1303
TIMESTAMP:2025-06-12 19:10:50 UTC
TRIGGER:schedule
