---METADATA---
HTTP_STATUS:200
TIME_TOTAL:3.464059
TIME_CONNECT:0.318207
SIZE_DOWNLOAD:1307
TIMESTAMP:2025-06-12 10:15:51 UTC
TRIGGER:schedule
