---METADATA---
HTTP_STATUS:200
TIME_TOTAL:1.037856
TIME_CONNECT:0.237752
SIZE_DOWNLOAD:1292
TIMESTAMP:2025-06-12 04:04:26 UTC
TRIGGER:schedule
