---METADATA---
HTTP_STATUS:200
TIME_TOTAL:3.406622
TIME_CONNECT:0.247190
SIZE_DOWNLOAD:1303
TIMESTAMP:2025-06-12 21:25:39 UTC
TRIGGER:schedule
