---METADATA---
HTTP_STATUS:200
TIME_TOTAL:3.416726
TIME_CONNECT:0.305242
SIZE_DOWNLOAD:1292
TIMESTAMP:2025-06-12 02:08:38 UTC
TRIGGER:schedule
