---METADATA---
HTTP_STATUS:200
TIME_TOTAL:3.409030
TIME_CONNECT:0.286574
SIZE_DOWNLOAD:1303
TIMESTAMP:2025-06-12 18:54:51 UTC
TRIGGER:schedule
