---METADATA---
HTTP_STATUS:200
TIME_TOTAL:3.202596
TIME_CONNECT:0.275471
SIZE_DOWNLOAD:1292
TIMESTAMP:2025-06-12 03:43:41 UTC
TRIGGER:schedule
