---METADATA---
HTTP_STATUS:200
TIME_TOTAL:3.408601
TIME_CONNECT:0.232717
SIZE_DOWNLOAD:1309
TIMESTAMP:2025-06-12 07:25:48 UTC
TRIGGER:schedule
