---METADATA---
HTTP_STATUS:200
TIME_TOTAL:3.176942
TIME_CONNECT:0.236727
SIZE_DOWNLOAD:1307
TIMESTAMP:2025-06-12 07:14:03 UTC
TRIGGER:schedule
