---METADATA---
HTTP_STATUS:200
TIME_TOTAL:3.543007
TIME_CONNECT:0.239144
SIZE_DOWNLOAD:1130
TIMESTAMP:2025-06-12 12:27:55 UTC
TRIGGER:schedule
