---METADATA---
HTTP_STATUS:200
TIME_TOTAL:2.988432
TIME_CONNECT:0.277071
SIZE_DOWNLOAD:1294
TIMESTAMP:2025-06-12 08:55:18 UTC
TRIGGER:schedule
