---METADATA---
HTTP_STATUS:200
TIME_TOTAL:0.985052
TIME_CONNECT:0.238158
SIZE_DOWNLOAD:1130
TIMESTAMP:2025-06-12 11:47:57 UTC
TRIGGER:schedule
