---METADATA---
HTTP_STATUS:200
TIME_TOTAL:3.717817
TIME_CONNECT:0.282926
SIZE_DOWNLOAD:1292
TIMESTAMP:2025-06-12 05:56:52 UTC
TRIGGER:schedule
