---METADATA---
HTTP_STATUS:200
TIME_TOTAL:3.279095
TIME_CONNECT:0.240433
SIZE_DOWNLOAD:1303
TIMESTAMP:2025-06-12 20:51:24 UTC
TRIGGER:schedule
