---METADATA---
HTTP_STATUS:200
TIME_TOTAL:3.699676
TIME_CONNECT:0.304573
SIZE_DOWNLOAD:1307
TIMESTAMP:2025-06-12 05:24:19 UTC
TRIGGER:schedule
