---METADATA---
HTTP_STATUS:200
TIME_TOTAL:3.801067
TIME_CONNECT:0.491350
SIZE_DOWNLOAD:1303
TIMESTAMP:2025-06-12 23:57:07 UTC
TRIGGER:schedule
