---METADATA---
HTTP_STATUS:200
TIME_TOTAL:3.190843
TIME_CONNECT:0.277118
SIZE_DOWNLOAD:1303
TIMESTAMP:2025-06-12 15:51:44 UTC
TRIGGER:schedule
