---METADATA---
HTTP_STATUS:200
TIME_TOTAL:3.367115
TIME_CONNECT:0.274357
SIZE_DOWNLOAD:1303
TIMESTAMP:2025-06-12 14:38:24 UTC
TRIGGER:schedule
