---METADATA---
HTTP_STATUS:200
TIME_TOTAL:3.254744
TIME_CONNECT:0.281371
SIZE_DOWNLOAD:1303
TIMESTAMP:2025-06-12 18:36:21 UTC
TRIGGER:schedule
