---METADATA---
HTTP_STATUS:200
TIME_TOTAL:3.241127
TIME_CONNECT:0.282616
SIZE_DOWNLOAD:1303
TIMESTAMP:2025-06-12 15:15:21 UTC
TRIGGER:schedule
