---METADATA---
HTTP_STATUS:200
TIME_TOTAL:3.518185
TIME_CONNECT:0.254566
SIZE_DOWNLOAD:1303
TIMESTAMP:2025-06-12 20:58:34 UTC
TRIGGER:schedule
