---METADATA---
HTTP_STATUS:200
TIME_TOTAL:3.317386
TIME_CONNECT:0.300986
SIZE_DOWNLOAD:1292
TIMESTAMP:2025-06-12 01:08:38 UTC
TRIGGER:schedule
