---METADATA---
HTTP_STATUS:200
TIME_TOTAL:3.134802
TIME_CONNECT:0.237084
SIZE_DOWNLOAD:1303
TIMESTAMP:2025-06-12 22:44:30 UTC
TRIGGER:schedule
