---METADATA---
HTTP_STATUS:200
TIME_TOTAL:3.493120
TIME_CONNECT:0.283211
SIZE_DOWNLOAD:1303
TIMESTAMP:2025-06-12 17:43:36 UTC
TRIGGER:schedule
