---METADATA---
HTTP_STATUS:200
TIME_TOTAL:3.317529
TIME_CONNECT:0.230418
SIZE_DOWNLOAD:1305
TIMESTAMP:2025-06-12 09:25:42 UTC
TRIGGER:schedule
