---METADATA---
HTTP_STATUS:200
TIME_TOTAL:3.184518
TIME_CONNECT:0.237090
SIZE_DOWNLOAD:1292
TIMESTAMP:2025-06-12 10:30:33 UTC
TRIGGER:schedule
