---METADATA---
HTTP_STATUS:200
TIME_TOTAL:3.307571
TIME_CONNECT:0.215775
SIZE_DOWNLOAD:1130
TIMESTAMP:2025-06-12 11:47:26 UTC
TRIGGER:schedule
