---METADATA---
HTTP_STATUS:200
TIME_TOTAL:3.279456
TIME_CONNECT:0.210643
SIZE_DOWNLOAD:1303
TIMESTAMP:2025-06-12 17:48:54 UTC
TRIGGER:schedule
