---METADATA---
HTTP_STATUS:200
TIME_TOTAL:3.255889
TIME_CONNECT:0.278084
SIZE_DOWNLOAD:1303
TIMESTAMP:2025-06-12 20:15:50 UTC
TRIGGER:schedule
