---METADATA---
HTTP_STATUS:200
TIME_TOTAL:3.641277
TIME_CONNECT:0.239081
SIZE_DOWNLOAD:1294
TIMESTAMP:2025-06-12 05:44:23 UTC
TRIGGER:schedule
