---METADATA---
HTTP_STATUS:200
TIME_TOTAL:3.588528
TIME_CONNECT:0.244739
SIZE_DOWNLOAD:1303
TIMESTAMP:2025-06-12 19:25:07 UTC
TRIGGER:schedule
