---METADATA---
HTTP_STATUS:200
TIME_TOTAL:3.475627
TIME_CONNECT:0.238621
SIZE_DOWNLOAD:1303
TIMESTAMP:2025-06-12 16:17:19 UTC
TRIGGER:schedule
