---METADATA---
HTTP_STATUS:200
TIME_TOTAL:3.612069
TIME_CONNECT:0.298138
SIZE_DOWNLOAD:1303
TIMESTAMP:2025-06-12 23:41:41 UTC
TRIGGER:schedule
