---METADATA---
HTTP_STATUS:200
TIME_TOTAL:3.538620
TIME_CONNECT:0.294484
SIZE_DOWNLOAD:1294
TIMESTAMP:2025-08-21 10:51:03 UTC
TRIGGER:schedule
