---METADATA---
HTTP_STATUS:200
TIME_TOTAL:3.557790
TIME_CONNECT:0.279230
SIZE_DOWNLOAD:1309
TIMESTAMP:2025-08-21 08:34:55 UTC
TRIGGER:schedule
