---METADATA---
HTTP_STATUS:200
TIME_TOTAL:3.511268
TIME_CONNECT:0.355833
SIZE_DOWNLOAD:1307
TIMESTAMP:2025-08-21 20:27:52 UTC
TRIGGER:schedule
