---METADATA---
HTTP_STATUS:200
TIME_TOTAL:3.574984
TIME_CONNECT:0.293910
SIZE_DOWNLOAD:1307
TIMESTAMP:2025-08-21 20:33:27 UTC
TRIGGER:schedule
