---METADATA---
HTTP_STATUS:200
TIME_TOTAL:3.470689
TIME_CONNECT:0.275766
SIZE_DOWNLOAD:1296
TIMESTAMP:2025-08-21 03:57:19 UTC
TRIGGER:schedule
