---METADATA---
HTTP_STATUS:200
TIME_TOTAL:3.325210
TIME_CONNECT:0.273004
SIZE_DOWNLOAD:1307
TIMESTAMP:2025-08-21 23:48:01 UTC
TRIGGER:schedule
