---METADATA---
HTTP_STATUS:200
TIME_TOTAL:3.466605
TIME_CONNECT:0.269362
SIZE_DOWNLOAD:1307
TIMESTAMP:2025-08-21 19:48:39 UTC
TRIGGER:schedule
