---METADATA---
HTTP_STATUS:200
TIME_TOTAL:3.421154
TIME_CONNECT:0.266204
SIZE_DOWNLOAD:1307
TIMESTAMP:2025-08-21 19:56:51 UTC
TRIGGER:schedule
