---METADATA---
HTTP_STATUS:200
TIME_TOTAL:3.420420
TIME_CONNECT:0.220419
SIZE_DOWNLOAD:1307
TIMESTAMP:2025-08-21 15:57:18 UTC
TRIGGER:schedule
