---METADATA---
HTTP_STATUS:200
TIME_TOTAL:3.710837
TIME_CONNECT:0.290607
SIZE_DOWNLOAD:1298
TIMESTAMP:2025-08-21 10:58:35 UTC
TRIGGER:schedule
