---METADATA---
HTTP_STATUS:200
TIME_TOTAL:1.119161
TIME_CONNECT:0.283778
SIZE_DOWNLOAD:1307
TIMESTAMP:2025-08-21 15:49:46 UTC
TRIGGER:schedule
