---METADATA---
HTTP_STATUS:200
TIME_TOTAL:3.421786
TIME_CONNECT:0.242723
SIZE_DOWNLOAD:1309
TIMESTAMP:2025-08-21 13:21:25 UTC
TRIGGER:schedule
