---METADATA---
HTTP_STATUS:200
TIME_TOTAL:3.665794
TIME_CONNECT:0.267439
SIZE_DOWNLOAD:1307
TIMESTAMP:2025-08-21 13:51:48 UTC
TRIGGER:schedule
