---METADATA---
HTTP_STATUS:200
TIME_TOTAL:3.355181
TIME_CONNECT:0.275147
SIZE_DOWNLOAD:1307
TIMESTAMP:2025-08-21 21:39:18 UTC
TRIGGER:schedule
