---METADATA---
HTTP_STATUS:200
TIME_TOTAL:3.452221
TIME_CONNECT:0.272835
SIZE_DOWNLOAD:1307
TIMESTAMP:2025-08-21 14:28:59 UTC
TRIGGER:schedule
