---METADATA---
HTTP_STATUS:200
TIME_TOTAL:3.563706
TIME_CONNECT:0.297228
SIZE_DOWNLOAD:1307
TIMESTAMP:2025-08-21 14:14:03 UTC
TRIGGER:schedule
