---METADATA---
HTTP_STATUS:200
TIME_TOTAL:3.651417
TIME_CONNECT:0.235390
SIZE_DOWNLOAD:1296
TIMESTAMP:2025-08-21 04:32:49 UTC
TRIGGER:schedule
