---METADATA---
HTTP_STATUS:200
TIME_TOTAL:3.409057
TIME_CONNECT:0.292674
SIZE_DOWNLOAD:1307
TIMESTAMP:2025-08-21 13:47:15 UTC
TRIGGER:schedule
