---METADATA---
HTTP_STATUS:200
TIME_TOTAL:3.543114
TIME_CONNECT:0.287849
SIZE_DOWNLOAD:1307
TIMESTAMP:2025-08-21 23:56:58 UTC
TRIGGER:schedule
