---METADATA---
HTTP_STATUS:200
TIME_TOTAL:3.506249
TIME_CONNECT:0.331769
SIZE_DOWNLOAD:1294
TIMESTAMP:2025-08-21 08:56:36 UTC
TRIGGER:schedule
