---METADATA---
HTTP_STATUS:200
TIME_TOTAL:3.356826
TIME_CONNECT:0.277144
SIZE_DOWNLOAD:1307
TIMESTAMP:2025-08-21 21:48:13 UTC
TRIGGER:schedule
