---METADATA---
HTTP_STATUS:200
TIME_TOTAL:3.568100
TIME_CONNECT:0.297721
SIZE_DOWNLOAD:1307
TIMESTAMP:2025-08-21 14:35:43 UTC
TRIGGER:schedule
