---METADATA---
HTTP_STATUS:200
TIME_TOTAL:3.281397
TIME_CONNECT:0.282581
SIZE_DOWNLOAD:1305
TIMESTAMP:2025-08-21 12:28:02 UTC
TRIGGER:schedule
