---METADATA---
HTTP_STATUS:200
TIME_TOTAL:3.352234
TIME_CONNECT:0.239927
SIZE_DOWNLOAD:1307
TIMESTAMP:2025-08-21 22:56:49 UTC
TRIGGER:schedule
