---METADATA---
HTTP_STATUS:200
TIME_TOTAL:3.491796
TIME_CONNECT:0.228390
SIZE_DOWNLOAD:1294
TIMESTAMP:2025-08-21 01:04:32 UTC
TRIGGER:schedule
