---METADATA---
HTTP_STATUS:200
TIME_TOTAL:3.530039
TIME_CONNECT:0.286743
SIZE_DOWNLOAD:1305
TIMESTAMP:2025-08-21 11:22:58 UTC
TRIGGER:schedule
