---METADATA---
HTTP_STATUS:200
TIME_TOTAL:3.401874
TIME_CONNECT:0.283613
SIZE_DOWNLOAD:1296
TIMESTAMP:2025-08-21 05:57:03 UTC
TRIGGER:schedule
