---METADATA---
HTTP_STATUS:200
TIME_TOTAL:3.484927
TIME_CONNECT:0.283537
SIZE_DOWNLOAD:1305
TIMESTAMP:2025-08-21 11:27:12 UTC
TRIGGER:schedule
