---METADATA---
HTTP_STATUS:200
TIME_TOTAL:3.493147
TIME_CONNECT:0.282759
SIZE_DOWNLOAD:1307
TIMESTAMP:2025-08-21 14:47:21 UTC
TRIGGER:schedule
