---METADATA---
HTTP_STATUS:200
TIME_TOTAL:3.376920
TIME_CONNECT:0.238949
SIZE_DOWNLOAD:1307
TIMESTAMP:2025-08-21 22:42:14 UTC
TRIGGER:schedule
