---METADATA---
HTTP_STATUS:200
TIME_TOTAL:3.441280
TIME_CONNECT:0.218075
SIZE_DOWNLOAD:1307
TIMESTAMP:2025-08-21 17:17:16 UTC
TRIGGER:schedule
