---METADATA---
HTTP_STATUS:200
TIME_TOTAL:3.491549
TIME_CONNECT:0.277823
SIZE_DOWNLOAD:1296
TIMESTAMP:2025-08-21 04:22:27 UTC
TRIGGER:schedule
