---METADATA---
HTTP_STATUS:200
TIME_TOTAL:3.438879
TIME_CONNECT:0.234482
SIZE_DOWNLOAD:1296
TIMESTAMP:2025-08-21 02:45:50 UTC
TRIGGER:schedule
