---METADATA---
HTTP_STATUS:200
TIME_TOTAL:1.144906
TIME_CONNECT:0.255825
SIZE_DOWNLOAD:1307
TIMESTAMP:2025-08-21 17:48:08 UTC
TRIGGER:schedule
