---METADATA---
HTTP_STATUS:200
TIME_TOTAL:3.351109
TIME_CONNECT:0.243712
SIZE_DOWNLOAD:1307
TIMESTAMP:2025-08-21 23:12:51 UTC
TRIGGER:schedule
