---METADATA---
HTTP_STATUS:200
TIME_TOTAL:3.608976
TIME_CONNECT:0.273773
SIZE_DOWNLOAD:1307
TIMESTAMP:2025-08-21 17:43:21 UTC
TRIGGER:schedule
