---METADATA---
HTTP_STATUS:200
TIME_TOTAL:3.478206
TIME_CONNECT:0.284073
SIZE_DOWNLOAD:1296
TIMESTAMP:2025-08-21 03:59:35 UTC
TRIGGER:schedule
