---METADATA---
HTTP_STATUS:200
TIME_TOTAL:3.501798
TIME_CONNECT:0.219303
SIZE_DOWNLOAD:1294
TIMESTAMP:2025-08-21 07:00:55 UTC
TRIGGER:schedule
