---METADATA---
HTTP_STATUS:200
TIME_TOTAL:3.358354
TIME_CONNECT:0.211364
SIZE_DOWNLOAD:1307
TIMESTAMP:2025-08-21 23:39:52 UTC
TRIGGER:schedule
