---METADATA---
HTTP_STATUS:200
TIME_TOTAL:3.481075
TIME_CONNECT:0.262125
SIZE_DOWNLOAD:1307
TIMESTAMP:2025-08-21 23:24:02 UTC
TRIGGER:schedule
