---METADATA---
HTTP_STATUS:200
TIME_TOTAL:3.493562
TIME_CONNECT:0.283873
SIZE_DOWNLOAD:1305
TIMESTAMP:2025-08-21 11:37:44 UTC
TRIGGER:schedule
