---METADATA---
HTTP_STATUS:200
TIME_TOTAL:1.095918
TIME_CONNECT:0.303595
SIZE_DOWNLOAD:1307
TIMESTAMP:2025-08-21 17:19:53 UTC
TRIGGER:schedule
