---METADATA---
HTTP_STATUS:200
TIME_TOTAL:1.196442
TIME_CONNECT:0.295833
SIZE_DOWNLOAD:1308
TIMESTAMP:2025-08-21 05:48:55 UTC
TRIGGER:schedule
