---METADATA---
HTTP_STATUS:200
TIME_TOTAL:3.669483
TIME_CONNECT:0.325982
SIZE_DOWNLOAD:1294
TIMESTAMP:2025-08-21 09:18:21 UTC
TRIGGER:schedule
