---METADATA---
HTTP_STATUS:200
TIME_TOTAL:3.327335
TIME_CONNECT:0.295144
SIZE_DOWNLOAD:1294
TIMESTAMP:2025-08-21 09:40:14 UTC
TRIGGER:schedule
