---METADATA---
HTTP_STATUS:200
TIME_TOTAL:3.569134
TIME_CONNECT:0.333038
SIZE_DOWNLOAD:1307
TIMESTAMP:2025-08-21 22:13:35 UTC
TRIGGER:schedule
