---METADATA---
HTTP_STATUS:200
TIME_TOTAL:1.017736
TIME_CONNECT:0.242908
SIZE_DOWNLOAD:1307
TIMESTAMP:2025-08-21 23:28:38 UTC
TRIGGER:schedule
