---METADATA---
HTTP_STATUS:200
TIME_TOTAL:3.598787
TIME_CONNECT:0.311247
SIZE_DOWNLOAD:1296
TIMESTAMP:2025-08-21 03:36:35 UTC
TRIGGER:schedule
