---METADATA---
HTTP_STATUS:200
TIME_TOTAL:3.410367
TIME_CONNECT:0.291744
SIZE_DOWNLOAD:1307
TIMESTAMP:2025-08-21 16:53:54 UTC
TRIGGER:schedule
