---METADATA---
HTTP_STATUS:200
TIME_TOTAL:3.563101
TIME_CONNECT:0.289665
SIZE_DOWNLOAD:1307
TIMESTAMP:2025-08-21 15:33:52 UTC
TRIGGER:schedule
