---METADATA---
HTTP_STATUS:200
TIME_TOTAL:3.733856
TIME_CONNECT:0.344346
SIZE_DOWNLOAD:1294
TIMESTAMP:2025-08-21 10:37:33 UTC
TRIGGER:schedule
