---METADATA---
HTTP_STATUS:200
TIME_TOTAL:0.982719
TIME_CONNECT:0.282844
SIZE_DOWNLOAD:1296
TIMESTAMP:2025-08-21 04:52:34 UTC
TRIGGER:schedule
