---METADATA---
HTTP_STATUS:200
TIME_TOTAL:3.905003
TIME_CONNECT:0.254666
SIZE_DOWNLOAD:1298
TIMESTAMP:2025-08-21 05:22:43 UTC
TRIGGER:schedule
