---METADATA---
HTTP_STATUS:200
TIME_TOTAL:3.552298
TIME_CONNECT:0.252234
SIZE_DOWNLOAD:1307
TIMESTAMP:2025-08-21 13:05:49 UTC
TRIGGER:schedule
