---METADATA---
HTTP_STATUS:200
TIME_TOTAL:3.178870
TIME_CONNECT:0.243728
SIZE_DOWNLOAD:1307
TIMESTAMP:2025-08-21 18:46:22 UTC
TRIGGER:schedule
