---METADATA---
HTTP_STATUS:200
TIME_TOTAL:3.607906
TIME_CONNECT:0.266793
SIZE_DOWNLOAD:1294
TIMESTAMP:2025-08-21 07:34:53 UTC
TRIGGER:schedule
