---METADATA---
HTTP_STATUS:200
TIME_TOTAL:3.416187
TIME_CONNECT:0.257111
SIZE_DOWNLOAD:1307
TIMESTAMP:2025-08-21 21:52:01 UTC
TRIGGER:schedule
