---METADATA---
HTTP_STATUS:200
TIME_TOTAL:3.631145
TIME_CONNECT:0.265318
SIZE_DOWNLOAD:1305
TIMESTAMP:2025-08-21 11:48:22 UTC
TRIGGER:schedule
