---METADATA---
HTTP_STATUS:200
TIME_TOTAL:3.464888
TIME_CONNECT:0.282145
SIZE_DOWNLOAD:1296
TIMESTAMP:2025-08-21 03:01:17 UTC
TRIGGER:schedule
