---METADATA---
HTTP_STATUS:200
TIME_TOTAL:1.072285
TIME_CONNECT:0.260408
SIZE_DOWNLOAD:1307
TIMESTAMP:2025-08-21 19:29:48 UTC
TRIGGER:schedule
