---METADATA---
HTTP_STATUS:200
TIME_TOTAL:3.344401
TIME_CONNECT:0.226956
SIZE_DOWNLOAD:1307
TIMESTAMP:2025-08-21 19:10:58 UTC
TRIGGER:schedule
