---METADATA---
HTTP_STATUS:200
TIME_TOTAL:3.573801
TIME_CONNECT:0.290523
SIZE_DOWNLOAD:1307
TIMESTAMP:2025-08-21 16:32:30 UTC
TRIGGER:schedule
