---METADATA---
HTTP_STATUS:200
TIME_TOTAL:3.622624
TIME_CONNECT:0.293080
SIZE_DOWNLOAD:1294
TIMESTAMP:2025-08-21 07:30:32 UTC
TRIGGER:schedule
