---METADATA---
HTTP_STATUS:200
TIME_TOTAL:3.447263
TIME_CONNECT:0.276190
SIZE_DOWNLOAD:1307
TIMESTAMP:2025-08-21 19:18:06 UTC
TRIGGER:schedule
