---METADATA---
HTTP_STATUS:200
TIME_TOTAL:3.678476
TIME_CONNECT:0.289783
SIZE_DOWNLOAD:1294
TIMESTAMP:2025-08-21 09:42:59 UTC
TRIGGER:schedule
