---METADATA---
HTTP_STATUS:200
TIME_TOTAL:3.419890
TIME_CONNECT:0.235705
SIZE_DOWNLOAD:1294
TIMESTAMP:2025-08-21 08:53:29 UTC
TRIGGER:schedule
