---METADATA---
HTTP_STATUS:200
TIME_TOTAL:1.070819
TIME_CONNECT:0.236566
SIZE_DOWNLOAD:1307
TIMESTAMP:2025-08-21 17:51:17 UTC
TRIGGER:schedule
