---METADATA---
HTTP_STATUS:200
TIME_TOTAL:3.328414
TIME_CONNECT:0.275249
SIZE_DOWNLOAD:1307
TIMESTAMP:2025-08-21 19:24:46 UTC
TRIGGER:schedule
