---METADATA---
HTTP_STATUS:200
TIME_TOTAL:3.586374
TIME_CONNECT:0.291381
SIZE_DOWNLOAD:1307
TIMESTAMP:2025-08-21 10:28:35 UTC
TRIGGER:schedule
