---METADATA---
HTTP_STATUS:200
TIME_TOTAL:3.461374
TIME_CONNECT:0.275464
SIZE_DOWNLOAD:1307
TIMESTAMP:2025-08-21 13:58:56 UTC
TRIGGER:schedule
