---METADATA---
HTTP_STATUS:200
TIME_TOTAL:3.621610
TIME_CONNECT:0.276715
SIZE_DOWNLOAD:1293
TIMESTAMP:2025-08-21 05:14:20 UTC
TRIGGER:schedule
