---METADATA---
HTTP_STATUS:200
TIME_TOTAL:3.410935
TIME_CONNECT:0.241979
SIZE_DOWNLOAD:1307
TIMESTAMP:2025-08-21 23:40:36 UTC
TRIGGER:schedule
