---METADATA---
HTTP_STATUS:200
TIME_TOTAL:3.318259
TIME_CONNECT:0.213078
SIZE_DOWNLOAD:1294
TIMESTAMP:2025-08-21 07:47:15 UTC
TRIGGER:schedule
