---METADATA---
HTTP_STATUS:200
TIME_TOTAL:3.448874
TIME_CONNECT:0.286970
SIZE_DOWNLOAD:1307
TIMESTAMP:2025-08-21 15:45:23 UTC
TRIGGER:schedule
