---METADATA---
HTTP_STATUS:200
TIME_TOTAL:3.351744
TIME_CONNECT:0.237740
SIZE_DOWNLOAD:1307
TIMESTAMP:2025-08-21 22:33:26 UTC
TRIGGER:schedule
