---METADATA---
HTTP_STATUS:200
TIME_TOTAL:3.662328
TIME_CONNECT:0.290401
SIZE_DOWNLOAD:1309
TIMESTAMP:2025-08-21 06:49:15 UTC
TRIGGER:schedule
