---METADATA---
HTTP_STATUS:200
TIME_TOTAL:3.434626
TIME_CONNECT:0.274265
SIZE_DOWNLOAD:1307
TIMESTAMP:2025-08-21 18:31:24 UTC
TRIGGER:schedule
