---METADATA---
HTTP_STATUS:200
TIME_TOTAL:3.455304
TIME_CONNECT:0.280546
SIZE_DOWNLOAD:1306
TIMESTAMP:2025-08-21 08:45:01 UTC
TRIGGER:schedule
