---METADATA---
HTTP_STATUS:200
TIME_TOTAL:3.767782
TIME_CONNECT:0.284728
SIZE_DOWNLOAD:1307
TIMESTAMP:2025-08-21 18:52:55 UTC
TRIGGER:schedule
