---METADATA---
HTTP_STATUS:200
TIME_TOTAL:3.504282
TIME_CONNECT:0.286206
SIZE_DOWNLOAD:1296
TIMESTAMP:2025-08-21 09:25:28 UTC
TRIGGER:schedule
