---METADATA---
HTTP_STATUS:200
TIME_TOTAL:3.721570
TIME_CONNECT:0.296926
SIZE_DOWNLOAD:1310
TIMESTAMP:2025-08-21 09:56:52 UTC
TRIGGER:schedule
