---METADATA---
HTTP_STATUS:200
TIME_TOTAL:3.568310
TIME_CONNECT:0.289277
SIZE_DOWNLOAD:1307
TIMESTAMP:2025-08-21 15:29:18 UTC
TRIGGER:schedule
