---METADATA---
HTTP_STATUS:200
TIME_TOTAL:3.476422
TIME_CONNECT:0.280431
SIZE_DOWNLOAD:1305
TIMESTAMP:2025-08-21 12:47:42 UTC
TRIGGER:schedule
