---METADATA---
HTTP_STATUS:200
TIME_TOTAL:3.523479
TIME_CONNECT:0.228539
SIZE_DOWNLOAD:1296
TIMESTAMP:2025-08-21 05:43:24 UTC
TRIGGER:schedule
