---METADATA---
HTTP_STATUS:200
TIME_TOTAL:3.444903
TIME_CONNECT:0.246397
SIZE_DOWNLOAD:1296
TIMESTAMP:2025-08-21 10:14:35 UTC
TRIGGER:schedule
