---METADATA---
HTTP_STATUS:200
TIME_TOTAL:3.577550
TIME_CONNECT:0.294644
SIZE_DOWNLOAD:1307
TIMESTAMP:2025-08-21 14:51:32 UTC
TRIGGER:schedule
