---METADATA---
HTTP_STATUS:200
TIME_TOTAL:3.180356
TIME_CONNECT:0.271251
SIZE_DOWNLOAD:1307
TIMESTAMP:2025-08-21 21:23:24 UTC
TRIGGER:schedule
