---METADATA---
HTTP_STATUS:200
TIME_TOTAL:3.630608
TIME_CONNECT:0.284731
SIZE_DOWNLOAD:1292
TIMESTAMP:2025-08-21 08:18:48 UTC
TRIGGER:schedule
