---METADATA---
HTTP_STATUS:200
TIME_TOTAL:3.383272
TIME_CONNECT:0.247169
SIZE_DOWNLOAD:1307
TIMESTAMP:2025-08-21 20:14:41 UTC
TRIGGER:schedule
