---METADATA---
HTTP_STATUS:200
TIME_TOTAL:3.382183
TIME_CONNECT:0.280194
SIZE_DOWNLOAD:1307
TIMESTAMP:2025-08-21 20:49:46 UTC
TRIGGER:schedule
