---METADATA---
HTTP_STATUS:200
TIME_TOTAL:3.460122
TIME_CONNECT:0.333657
SIZE_DOWNLOAD:1305
TIMESTAMP:2025-08-21 11:12:07 UTC
TRIGGER:schedule
