---METADATA---
HTTP_STATUS:200
TIME_TOTAL:3.436660
TIME_CONNECT:0.275992
SIZE_DOWNLOAD:1307
TIMESTAMP:2025-08-21 21:28:32 UTC
TRIGGER:schedule
