---METADATA---
HTTP_STATUS:200
TIME_TOTAL:3.380821
TIME_CONNECT:0.279685
SIZE_DOWNLOAD:1307
TIMESTAMP:2025-08-21 20:44:23 UTC
TRIGGER:schedule
