---METADATA---
HTTP_STATUS:200
TIME_TOTAL:3.411773
TIME_CONNECT:0.297548
SIZE_DOWNLOAD:1307
TIMESTAMP:2025-08-21 22:48:07 UTC
TRIGGER:schedule
