---METADATA---
HTTP_STATUS:200
TIME_TOTAL:3.359862
TIME_CONNECT:0.296092
SIZE_DOWNLOAD:1296
TIMESTAMP:2025-08-21 01:49:12 UTC
TRIGGER:schedule
