---METADATA---
HTTP_STATUS:200
TIME_TOTAL:3.530493
TIME_CONNECT:0.226896
SIZE_DOWNLOAD:1294
TIMESTAMP:2025-08-21 06:30:35 UTC
TRIGGER:schedule
