---METADATA---
HTTP_STATUS:200
TIME_TOTAL:1.180461
TIME_CONNECT:0.275097
SIZE_DOWNLOAD:1307
TIMESTAMP:2025-08-21 19:35:09 UTC
TRIGGER:schedule
