---METADATA---
HTTP_STATUS:200
TIME_TOTAL:3.570003
TIME_CONNECT:0.273423
SIZE_DOWNLOAD:1307
TIMESTAMP:2025-08-21 18:20:01 UTC
TRIGGER:schedule
