---METADATA---
HTTP_STATUS:200
TIME_TOTAL:3.620797
TIME_CONNECT:0.295483
SIZE_DOWNLOAD:1307
TIMESTAMP:2025-08-21 15:14:58 UTC
TRIGGER:schedule
