---METADATA---
HTTP_STATUS:200
TIME_TOTAL:0.991287
TIME_CONNECT:0.264653
SIZE_DOWNLOAD:1294
TIMESTAMP:2025-08-21 07:48:12 UTC
TRIGGER:schedule
