---METADATA---
HTTP_STATUS:200
TIME_TOTAL:3.435055
TIME_CONNECT:0.281090
SIZE_DOWNLOAD:1307
TIMESTAMP:2025-08-21 17:30:59 UTC
TRIGGER:schedule
