---METADATA---
HTTP_STATUS:200
TIME_TOTAL:3.880099
TIME_CONNECT:0.313851
SIZE_DOWNLOAD:1307
TIMESTAMP:2025-08-21 05:34:12 UTC
TRIGGER:schedule
