---METADATA---
HTTP_STATUS:200
TIME_TOTAL:3.512978
TIME_CONNECT:0.288888
SIZE_DOWNLOAD:1305
TIMESTAMP:2025-08-21 11:39:37 UTC
TRIGGER:schedule
