---METADATA---
HTTP_STATUS:200
TIME_TOTAL:3.402501
TIME_CONNECT:0.296500
SIZE_DOWNLOAD:1307
TIMESTAMP:2025-08-21 14:59:26 UTC
TRIGGER:schedule
