---METADATA---
HTTP_STATUS:200
TIME_TOTAL:3.571905
TIME_CONNECT:0.265445
SIZE_DOWNLOAD:1305
TIMESTAMP:2025-08-21 11:51:35 UTC
TRIGGER:schedule
