---METADATA---
HTTP_STATUS:200
TIME_TOTAL:3.202883
TIME_CONNECT:0.234535
SIZE_DOWNLOAD:1296
TIMESTAMP:2025-08-21 04:51:01 UTC
TRIGGER:schedule
