---METADATA---
HTTP_STATUS:200
TIME_TOTAL:3.267871
TIME_CONNECT:0.213108
SIZE_DOWNLOAD:1307
TIMESTAMP:2025-08-21 21:12:39 UTC
TRIGGER:schedule
