---METADATA---
HTTP_STATUS:200
TIME_TOTAL:3.356661
TIME_CONNECT:0.251930
SIZE_DOWNLOAD:1307
TIMESTAMP:2025-08-21 19:41:40 UTC
TRIGGER:schedule
