---METADATA---
HTTP_STATUS:200
TIME_TOTAL:3.541603
TIME_CONNECT:0.286647
SIZE_DOWNLOAD:1307
TIMESTAMP:2025-08-21 10:46:37 UTC
TRIGGER:schedule
