---METADATA---
HTTP_STATUS:200
TIME_TOTAL:3.547713
TIME_CONNECT:0.287068
SIZE_DOWNLOAD:1296
TIMESTAMP:2025-08-21 04:42:40 UTC
TRIGGER:schedule
