---METADATA---
HTTP_STATUS:200
TIME_TOTAL:3.422022
TIME_CONNECT:0.242056
SIZE_DOWNLOAD:1294
TIMESTAMP:2025-08-21 13:40:35 UTC
TRIGGER:schedule
