---METADATA---
HTTP_STATUS:200
TIME_TOTAL:3.932864
TIME_CONNECT:0.260751
SIZE_DOWNLOAD:1296
TIMESTAMP:2025-08-21 03:46:11 UTC
TRIGGER:schedule
