---METADATA---
HTTP_STATUS:200
TIME_TOTAL:3.452258
TIME_CONNECT:0.276569
SIZE_DOWNLOAD:1294
TIMESTAMP:2025-08-21 07:13:32 UTC
TRIGGER:schedule
