---METADATA---
HTTP_STATUS:200
TIME_TOTAL:3.270146
TIME_CONNECT:0.304970
SIZE_DOWNLOAD:1296
TIMESTAMP:2025-08-21 09:49:13 UTC
TRIGGER:schedule
