---METADATA---
HTTP_STATUS:200
TIME_TOTAL:3.390845
TIME_CONNECT:0.251218
SIZE_DOWNLOAD:1307
TIMESTAMP:2025-08-21 20:56:52 UTC
TRIGGER:schedule
