---METADATA---
HTTP_STATUS:200
TIME_TOTAL:3.409383
TIME_CONNECT:0.271887
SIZE_DOWNLOAD:1307
TIMESTAMP:2025-08-21 22:22:28 UTC
TRIGGER:schedule
