---METADATA---
HTTP_STATUS:200
TIME_TOTAL:3.575568
TIME_CONNECT:0.270419
SIZE_DOWNLOAD:1292
TIMESTAMP:2025-08-13 11:27:28 UTC
TRIGGER:schedule
