---METADATA---
HTTP_STATUS:200
TIME_TOTAL:3.513219
TIME_CONNECT:0.226457
SIZE_DOWNLOAD:1305
TIMESTAMP:2025-08-13 12:58:17 UTC
TRIGGER:schedule
