---METADATA---
HTTP_STATUS:200
TIME_TOTAL:3.403546
TIME_CONNECT:0.296732
SIZE_DOWNLOAD:1292
TIMESTAMP:2025-08-13 05:51:08 UTC
TRIGGER:schedule
