---METADATA---
HTTP_STATUS:200
TIME_TOTAL:3.482716
TIME_CONNECT:0.283735
SIZE_DOWNLOAD:1296
TIMESTAMP:2025-08-13 18:19:58 UTC
TRIGGER:schedule
