---METADATA---
HTTP_STATUS:200
TIME_TOTAL:3.481235
TIME_CONNECT:0.281827
SIZE_DOWNLOAD:1296
TIMESTAMP:2025-08-13 17:29:13 UTC
TRIGGER:schedule
