---METADATA---
HTTP_STATUS:200
TIME_TOTAL:3.549432
TIME_CONNECT:0.270358
SIZE_DOWNLOAD:1296
TIMESTAMP:2025-08-13 18:56:48 UTC
TRIGGER:schedule
