---METADATA---
HTTP_STATUS:200
TIME_TOTAL:3.577688
TIME_CONNECT:0.287567
SIZE_DOWNLOAD:1296
TIMESTAMP:2025-08-13 23:26:02 UTC
TRIGGER:schedule
