---METADATA---
HTTP_STATUS:200
TIME_TOTAL:3.485654
TIME_CONNECT:0.285772
SIZE_DOWNLOAD:1296
TIMESTAMP:2025-08-13 15:39:26 UTC
TRIGGER:schedule
