---METADATA---
HTTP_STATUS:200
TIME_TOTAL:3.610797
TIME_CONNECT:0.274176
SIZE_DOWNLOAD:1292
TIMESTAMP:2025-08-13 08:57:56 UTC
TRIGGER:schedule
