---METADATA---
HTTP_STATUS:200
TIME_TOTAL:3.466235
TIME_CONNECT:0.237834
SIZE_DOWNLOAD:1296
TIMESTAMP:2025-08-13 20:50:53 UTC
TRIGGER:schedule
