---METADATA---
HTTP_STATUS:200
TIME_TOTAL:3.509166
TIME_CONNECT:0.269167
SIZE_DOWNLOAD:1296
TIMESTAMP:2025-08-13 20:26:32 UTC
TRIGGER:schedule
