---METADATA---
HTTP_STATUS:200
TIME_TOTAL:3.491095
TIME_CONNECT:0.281561
SIZE_DOWNLOAD:1296
TIMESTAMP:2025-08-13 20:15:23 UTC
TRIGGER:schedule
