---METADATA---
HTTP_STATUS:200
TIME_TOTAL:1.089158
TIME_CONNECT:0.301917
SIZE_DOWNLOAD:1292
TIMESTAMP:2025-08-13 09:52:27 UTC
TRIGGER:schedule
