---METADATA---
HTTP_STATUS:200
TIME_TOTAL:3.536624
TIME_CONNECT:0.295060
SIZE_DOWNLOAD:1296
TIMESTAMP:2025-08-13 17:23:55 UTC
TRIGGER:schedule
