---METADATA---
HTTP_STATUS:200
TIME_TOTAL:3.456678
TIME_CONNECT:0.245985
SIZE_DOWNLOAD:1296
TIMESTAMP:2025-08-13 18:49:43 UTC
TRIGGER:schedule
