---METADATA---
HTTP_STATUS:200
TIME_TOTAL:3.471161
TIME_CONNECT:0.284182
SIZE_DOWNLOAD:1294
TIMESTAMP:2025-08-13 13:59:39 UTC
TRIGGER:schedule
