---METADATA---
HTTP_STATUS:200
TIME_TOTAL:3.567796
TIME_CONNECT:0.271115
SIZE_DOWNLOAD:1292
TIMESTAMP:2025-08-13 07:40:17 UTC
TRIGGER:schedule
