---METADATA---
HTTP_STATUS:200
TIME_TOTAL:3.448457
TIME_CONNECT:0.259913
SIZE_DOWNLOAD:1292
TIMESTAMP:2025-08-13 09:42:16 UTC
TRIGGER:schedule
