---METADATA---
HTTP_STATUS:200
TIME_TOTAL:3.464969
TIME_CONNECT:0.270358
SIZE_DOWNLOAD:1292
TIMESTAMP:2025-08-13 05:15:55 UTC
TRIGGER:schedule
