---METADATA---
HTTP_STATUS:200
TIME_TOTAL:3.773766
TIME_CONNECT:0.291262
SIZE_DOWNLOAD:1307
TIMESTAMP:2025-08-13 14:15:14 UTC
TRIGGER:schedule
