---METADATA---
HTTP_STATUS:200
TIME_TOTAL:3.597807
TIME_CONNECT:0.281159
SIZE_DOWNLOAD:1296
TIMESTAMP:2025-08-13 21:41:56 UTC
TRIGGER:schedule
