---METADATA---
HTTP_STATUS:200
TIME_TOTAL:3.450353
TIME_CONNECT:0.284793
SIZE_DOWNLOAD:1292
TIMESTAMP:2025-08-13 06:36:20 UTC
TRIGGER:schedule
