---METADATA---
HTTP_STATUS:200
TIME_TOTAL:1.119657
TIME_CONNECT:0.290199
SIZE_DOWNLOAD:1296
TIMESTAMP:2025-08-13 19:26:43 UTC
TRIGGER:schedule
