---METADATA---
HTTP_STATUS:200
TIME_TOTAL:3.651624
TIME_CONNECT:0.278565
SIZE_DOWNLOAD:1292
TIMESTAMP:2025-08-13 09:31:35 UTC
TRIGGER:schedule
