---METADATA---
HTTP_STATUS:200
TIME_TOTAL:3.595846
TIME_CONNECT:0.276507
SIZE_DOWNLOAD:1296
TIMESTAMP:2025-08-13 19:37:39 UTC
TRIGGER:schedule
