---METADATA---
HTTP_STATUS:200
TIME_TOTAL:3.591316
TIME_CONNECT:0.306371
SIZE_DOWNLOAD:1292
TIMESTAMP:2025-08-13 10:16:08 UTC
TRIGGER:schedule
