---METADATA---
HTTP_STATUS:200
TIME_TOTAL:3.517400
TIME_CONNECT:0.244080
SIZE_DOWNLOAD:1296
TIMESTAMP:2025-08-13 19:52:01 UTC
TRIGGER:schedule
