---METADATA---
HTTP_STATUS:200
TIME_TOTAL:3.287318
TIME_CONNECT:0.273020
SIZE_DOWNLOAD:1296
TIMESTAMP:2025-08-13 21:13:18 UTC
TRIGGER:schedule
