---METADATA---
HTTP_STATUS:200
TIME_TOTAL:3.749857
TIME_CONNECT:0.295389
SIZE_DOWNLOAD:1292
TIMESTAMP:2025-08-13 08:36:54 UTC
TRIGGER:schedule
