---METADATA---
HTTP_STATUS:200
TIME_TOTAL:3.527277
TIME_CONNECT:0.291086
SIZE_DOWNLOAD:1292
TIMESTAMP:2025-08-13 02:15:50 UTC
TRIGGER:schedule
