---METADATA---
HTTP_STATUS:200
TIME_TOTAL:3.378089
TIME_CONNECT:0.233477
SIZE_DOWNLOAD:1292
TIMESTAMP:2025-08-13 08:20:04 UTC
TRIGGER:schedule
