---METADATA---
HTTP_STATUS:200
TIME_TOTAL:3.511631
TIME_CONNECT:0.293353
SIZE_DOWNLOAD:1307
TIMESTAMP:2025-08-13 13:41:10 UTC
TRIGGER:schedule
