---METADATA---
HTTP_STATUS:200
TIME_TOTAL:3.396204
TIME_CONNECT:0.279635
SIZE_DOWNLOAD:1292
TIMESTAMP:2025-08-13 04:24:55 UTC
TRIGGER:schedule
