---METADATA---
HTTP_STATUS:200
TIME_TOTAL:3.490318
TIME_CONNECT:0.282068
SIZE_DOWNLOAD:1292
TIMESTAMP:2025-08-13 04:05:37 UTC
TRIGGER:schedule
