---METADATA---
HTTP_STATUS:200
TIME_TOTAL:3.401926
TIME_CONNECT:0.255259
SIZE_DOWNLOAD:1296
TIMESTAMP:2025-08-13 16:59:16 UTC
TRIGGER:schedule
