---METADATA---
HTTP_STATUS:200
TIME_TOTAL:3.448943
TIME_CONNECT:0.278985
SIZE_DOWNLOAD:1292
TIMESTAMP:2025-08-13 08:49:20 UTC
TRIGGER:schedule
