---METADATA---
HTTP_STATUS:200
TIME_TOTAL:3.560538
TIME_CONNECT:0.268626
SIZE_DOWNLOAD:1292
TIMESTAMP:2025-08-13 10:54:39 UTC
TRIGGER:schedule
