---METADATA---
HTTP_STATUS:200
TIME_TOTAL:3.413963
TIME_CONNECT:0.310193
SIZE_DOWNLOAD:1296
TIMESTAMP:2025-08-13 23:42:34 UTC
TRIGGER:schedule
