---METADATA---
HTTP_STATUS:200
TIME_TOTAL:3.444581
TIME_CONNECT:0.297584
SIZE_DOWNLOAD:1296
TIMESTAMP:2025-08-13 21:56:54 UTC
TRIGGER:schedule
