---METADATA---
HTTP_STATUS:200
TIME_TOTAL:3.532967
TIME_CONNECT:0.248653
SIZE_DOWNLOAD:1296
TIMESTAMP:2025-08-13 15:48:21 UTC
TRIGGER:schedule
