---METADATA---
HTTP_STATUS:200
TIME_TOTAL:3.548885
TIME_CONNECT:0.270133
SIZE_DOWNLOAD:1296
TIMESTAMP:2025-08-13 21:48:34 UTC
TRIGGER:schedule
