---METADATA---
HTTP_STATUS:200
TIME_TOTAL:1.139067
TIME_CONNECT:0.281642
SIZE_DOWNLOAD:1292
TIMESTAMP:2025-08-13 07:44:32 UTC
TRIGGER:schedule
