---METADATA---
HTTP_STATUS:200
TIME_TOTAL:1.035112
TIME_CONNECT:0.269201
SIZE_DOWNLOAD:1292
TIMESTAMP:2025-08-13 05:52:44 UTC
TRIGGER:schedule
