---METADATA---
HTTP_STATUS:200
TIME_TOTAL:3.546499
TIME_CONNECT:0.287751
SIZE_DOWNLOAD:1296
TIMESTAMP:2025-08-13 16:52:08 UTC
TRIGGER:schedule
