---METADATA---
HTTP_STATUS:200
TIME_TOTAL:3.616607
TIME_CONNECT:0.235779
SIZE_DOWNLOAD:1292
TIMESTAMP:2025-08-13 06:51:40 UTC
TRIGGER:schedule
