---METADATA---
HTTP_STATUS:200
TIME_TOTAL:3.638966
TIME_CONNECT:0.279940
SIZE_DOWNLOAD:1292
TIMESTAMP:2025-08-13 09:51:33 UTC
TRIGGER:schedule
