---METADATA---
HTTP_STATUS:200
TIME_TOTAL:3.704213
TIME_CONNECT:0.250226
SIZE_DOWNLOAD:1292
TIMESTAMP:2025-08-13 11:56:46 UTC
TRIGGER:schedule
