---METADATA---
HTTP_STATUS:200
TIME_TOTAL:3.524657
TIME_CONNECT:0.314323
SIZE_DOWNLOAD:1296
TIMESTAMP:2025-08-13 22:14:21 UTC
TRIGGER:schedule
