---METADATA---
HTTP_STATUS:200
TIME_TOTAL:3.647479
TIME_CONNECT:0.241819
SIZE_DOWNLOAD:1292
TIMESTAMP:2025-08-13 05:43:19 UTC
TRIGGER:schedule
