---METADATA---
HTTP_STATUS:200
TIME_TOTAL:3.547253
TIME_CONNECT:0.241344
SIZE_DOWNLOAD:1296
TIMESTAMP:2025-08-13 20:43:45 UTC
TRIGGER:schedule
