---METADATA---
HTTP_STATUS:200
TIME_TOTAL:3.582724
TIME_CONNECT:0.293482
SIZE_DOWNLOAD:1307
TIMESTAMP:2025-08-13 14:44:32 UTC
TRIGGER:schedule
