---METADATA---
HTTP_STATUS:200
TIME_TOTAL:3.493679
TIME_CONNECT:0.294549
SIZE_DOWNLOAD:1296
TIMESTAMP:2025-08-13 19:22:05 UTC
TRIGGER:schedule
