---METADATA---
HTTP_STATUS:200
TIME_TOTAL:3.724220
TIME_CONNECT:0.246356
SIZE_DOWNLOAD:1292
TIMESTAMP:2025-08-13 10:48:21 UTC
TRIGGER:schedule
