---METADATA---
HTTP_STATUS:200
TIME_TOTAL:3.494616
TIME_CONNECT:0.292407
SIZE_DOWNLOAD:1292
TIMESTAMP:2025-08-13 11:00:17 UTC
TRIGGER:schedule
