---METADATA---
HTTP_STATUS:200
TIME_TOTAL:3.607755
TIME_CONNECT:0.240046
SIZE_DOWNLOAD:1296
TIMESTAMP:2025-08-13 16:14:26 UTC
TRIGGER:schedule
