---METADATA---
HTTP_STATUS:200
TIME_TOTAL:3.485711
TIME_CONNECT:0.243368
SIZE_DOWNLOAD:1296
TIMESTAMP:2025-08-13 18:38:33 UTC
TRIGGER:schedule
