---METADATA---
HTTP_STATUS:200
TIME_TOTAL:3.414229
TIME_CONNECT:0.279534
SIZE_DOWNLOAD:1307
TIMESTAMP:2025-08-13 14:52:56 UTC
TRIGGER:schedule
