---METADATA---
HTTP_STATUS:200
TIME_TOTAL:3.497939
TIME_CONNECT:0.246220
SIZE_DOWNLOAD:1292
TIMESTAMP:2025-08-13 05:01:26 UTC
TRIGGER:schedule
