---METADATA---
HTTP_STATUS:200
TIME_TOTAL:3.465282
TIME_CONNECT:0.299385
SIZE_DOWNLOAD:1296
TIMESTAMP:2025-08-13 16:47:15 UTC
TRIGGER:schedule
