---METADATA---
HTTP_STATUS:200
TIME_TOTAL:3.439449
TIME_CONNECT:0.295270
SIZE_DOWNLOAD:1296
TIMESTAMP:2025-08-13 17:40:38 UTC
TRIGGER:schedule
