---METADATA---
HTTP_STATUS:200
TIME_TOTAL:3.545690
TIME_CONNECT:0.276556
SIZE_DOWNLOAD:1307
TIMESTAMP:2025-08-13 14:31:32 UTC
TRIGGER:schedule
