---METADATA---
HTTP_STATUS:200
TIME_TOTAL:3.490220
TIME_CONNECT:0.273705
SIZE_DOWNLOAD:1304
TIMESTAMP:2025-08-13 13:11:20 UTC
TRIGGER:schedule
