---METADATA---
HTTP_STATUS:200
TIME_TOTAL:1.134446
TIME_CONNECT:0.285373
SIZE_DOWNLOAD:1307
TIMESTAMP:2025-08-13 14:55:43 UTC
TRIGGER:schedule
