---METADATA---
HTTP_STATUS:200
TIME_TOTAL:3.561663
TIME_CONNECT:0.229162
SIZE_DOWNLOAD:1292
TIMESTAMP:2025-08-13 07:16:09 UTC
TRIGGER:schedule
