---METADATA---
HTTP_STATUS:200
TIME_TOTAL:3.373011
TIME_CONNECT:0.277878
SIZE_DOWNLOAD:1296
TIMESTAMP:2025-08-13 23:48:44 UTC
TRIGGER:schedule
