---METADATA---
HTTP_STATUS:200
TIME_TOTAL:3.302908
TIME_CONNECT:0.226362
SIZE_DOWNLOAD:1296
TIMESTAMP:2025-08-13 19:11:23 UTC
TRIGGER:schedule
