---METADATA---
HTTP_STATUS:200
TIME_TOTAL:3.351211
TIME_CONNECT:0.218287
SIZE_DOWNLOAD:1296
TIMESTAMP:2025-08-13 17:49:23 UTC
TRIGGER:schedule
