---METADATA---
HTTP_STATUS:200
TIME_TOTAL:3.421624
TIME_CONNECT:0.306190
SIZE_DOWNLOAD:1292
TIMESTAMP:2025-08-13 07:50:14 UTC
TRIGGER:schedule
