---METADATA---
HTTP_STATUS:200
TIME_TOTAL:3.420451
TIME_CONNECT:0.277524
SIZE_DOWNLOAD:1296
TIMESTAMP:2025-08-13 20:57:04 UTC
TRIGGER:schedule
