---METADATA---
HTTP_STATUS:200
TIME_TOTAL:3.488804
TIME_CONNECT:0.292955
SIZE_DOWNLOAD:1296
TIMESTAMP:2025-08-13 21:30:32 UTC
TRIGGER:schedule
