---METADATA---
HTTP_STATUS:200
TIME_TOTAL:4.160971
TIME_CONNECT:0.811540
SIZE_DOWNLOAD:1296
TIMESTAMP:2025-08-13 23:13:43 UTC
TRIGGER:schedule
