---METADATA---
HTTP_STATUS:200
TIME_TOTAL:3.666964
TIME_CONNECT:0.289858
SIZE_DOWNLOAD:1296
TIMESTAMP:2025-08-13 16:37:34 UTC
TRIGGER:schedule
