---METADATA---
HTTP_STATUS:200
TIME_TOTAL:1.008200
TIME_CONNECT:0.293667
SIZE_DOWNLOAD:1292
TIMESTAMP:2025-08-13 11:29:05 UTC
TRIGGER:schedule
