---METADATA---
HTTP_STATUS:200
TIME_TOTAL:0.976458
TIME_CONNECT:0.277966
SIZE_DOWNLOAD:1296
TIMESTAMP:2025-08-13 17:41:12 UTC
TRIGGER:schedule
