---METADATA---
HTTP_STATUS:200
TIME_TOTAL:3.765002
TIME_CONNECT:0.277966
SIZE_DOWNLOAD:1296
TIMESTAMP:2025-08-13 15:32:08 UTC
TRIGGER:schedule
