---METADATA---
HTTP_STATUS:200
TIME_TOTAL:3.509380
TIME_CONNECT:0.251590
SIZE_DOWNLOAD:1296
TIMESTAMP:2025-08-13 17:11:39 UTC
TRIGGER:schedule
