---METADATA---
HTTP_STATUS:200
TIME_TOTAL:3.493126
TIME_CONNECT:0.291772
SIZE_DOWNLOAD:1296
TIMESTAMP:2025-08-13 19:39:44 UTC
TRIGGER:schedule
