---METADATA---
HTTP_STATUS:200
TIME_TOTAL:3.490303
TIME_CONNECT:0.248990
SIZE_DOWNLOAD:1296
TIMESTAMP:2025-08-13 19:47:59 UTC
TRIGGER:schedule
