---METADATA---
HTTP_STATUS:200
TIME_TOTAL:3.649775
TIME_CONNECT:0.246556
SIZE_DOWNLOAD:1307
TIMESTAMP:2025-08-13 13:47:04 UTC
TRIGGER:schedule
