---METADATA---
HTTP_STATUS:200
TIME_TOTAL:3.562981
TIME_CONNECT:0.293687
SIZE_DOWNLOAD:1292
TIMESTAMP:2025-08-13 10:44:42 UTC
TRIGGER:schedule
