---METADATA---
HTTP_STATUS:200
TIME_TOTAL:3.444787
TIME_CONNECT:0.283142
SIZE_DOWNLOAD:1292
TIMESTAMP:2025-08-13 02:56:55 UTC
TRIGGER:schedule
