---METADATA---
HTTP_STATUS:200
TIME_TOTAL:3.572286
TIME_CONNECT:0.247538
SIZE_DOWNLOAD:1292
TIMESTAMP:2025-08-13 11:43:51 UTC
TRIGGER:schedule
