---METADATA---
HTTP_STATUS:200
TIME_TOTAL:3.534885
TIME_CONNECT:0.246221
SIZE_DOWNLOAD:1292
TIMESTAMP:2025-08-13 03:50:07 UTC
TRIGGER:schedule
