---METADATA---
HTTP_STATUS:200
TIME_TOTAL:3.563306
TIME_CONNECT:0.239568
SIZE_DOWNLOAD:1292
TIMESTAMP:2025-08-13 07:57:11 UTC
TRIGGER:schedule
