---METADATA---
HTTP_STATUS:200
TIME_TOTAL:3.603372
TIME_CONNECT:0.290478
SIZE_DOWNLOAD:1292
TIMESTAMP:2025-08-13 03:35:15 UTC
TRIGGER:schedule
