---METADATA---
HTTP_STATUS:200
TIME_TOTAL:3.432618
TIME_CONNECT:0.282900
SIZE_DOWNLOAD:1292
TIMESTAMP:2025-08-13 10:26:28 UTC
TRIGGER:schedule
