---METADATA---
HTTP_STATUS:200
TIME_TOTAL:3.461973
TIME_CONNECT:0.305420
SIZE_DOWNLOAD:1296
TIMESTAMP:2025-08-13 22:25:39 UTC
TRIGGER:schedule
