---METADATA---
HTTP_STATUS:200
TIME_TOTAL:3.488496
TIME_CONNECT:0.300614
SIZE_DOWNLOAD:1296
TIMESTAMP:2025-08-13 23:31:09 UTC
TRIGGER:schedule
