---METADATA---
HTTP_STATUS:200
TIME_TOTAL:3.409261
TIME_CONNECT:0.285919
SIZE_DOWNLOAD:1296
TIMESTAMP:2025-08-13 22:43:36 UTC
TRIGGER:schedule
