---METADATA---
HTTP_STATUS:200
TIME_TOTAL:3.478185
TIME_CONNECT:0.216461
SIZE_DOWNLOAD:1292
TIMESTAMP:2025-08-13 04:43:30 UTC
TRIGGER:schedule
