---METADATA---
HTTP_STATUS:200
TIME_TOTAL:3.578225
TIME_CONNECT:0.264075
SIZE_DOWNLOAD:1296
TIMESTAMP:2025-08-13 20:40:44 UTC
TRIGGER:schedule
