---METADATA---
HTTP_STATUS:200
TIME_TOTAL:3.367291
TIME_CONNECT:0.248590
SIZE_DOWNLOAD:1292
TIMESTAMP:2025-08-13 11:41:32 UTC
TRIGGER:schedule
