---METADATA---
HTTP_STATUS:200
TIME_TOTAL:3.523094
TIME_CONNECT:0.266514
SIZE_DOWNLOAD:1296
TIMESTAMP:2025-08-13 23:57:00 UTC
TRIGGER:schedule
