---METADATA---
HTTP_STATUS:200
TIME_TOTAL:3.605783
TIME_CONNECT:0.306803
SIZE_DOWNLOAD:1292
TIMESTAMP:2025-08-13 09:17:02 UTC
TRIGGER:schedule
