---METADATA---
HTTP_STATUS:200
TIME_TOTAL:3.513714
TIME_CONNECT:0.289956
SIZE_DOWNLOAD:1292
TIMESTAMP:2025-08-13 11:49:38 UTC
TRIGGER:schedule
