---METADATA---
HTTP_STATUS:200
TIME_TOTAL:3.405835
TIME_CONNECT:0.249509
SIZE_DOWNLOAD:1292
TIMESTAMP:2025-08-13 06:57:55 UTC
TRIGGER:schedule
