---METADATA---
HTTP_STATUS:200
TIME_TOTAL:3.565087
TIME_CONNECT:0.299357
SIZE_DOWNLOAD:1296
TIMESTAMP:2025-08-13 15:51:31 UTC
TRIGGER:schedule
