---METADATA---
HTTP_STATUS:200
TIME_TOTAL:3.624709
TIME_CONNECT:0.283072
SIZE_DOWNLOAD:1292
TIMESTAMP:2025-08-13 05:34:31 UTC
TRIGGER:schedule
