---METADATA---
HTTP_STATUS:200
TIME_TOTAL:3.496684
TIME_CONNECT:0.289734
SIZE_DOWNLOAD:1292
TIMESTAMP:2025-08-13 11:13:13 UTC
TRIGGER:schedule
