---METADATA---
HTTP_STATUS:200
TIME_TOTAL:3.595696
TIME_CONNECT:0.291616
SIZE_DOWNLOAD:1296
TIMESTAMP:2025-08-13 22:57:00 UTC
TRIGGER:schedule
