---METADATA---
HTTP_STATUS:200
TIME_TOTAL:3.434376
TIME_CONNECT:0.223941
SIZE_DOWNLOAD:1296
TIMESTAMP:2025-08-13 17:57:04 UTC
TRIGGER:schedule
