---METADATA---
HTTP_STATUS:200
TIME_TOTAL:3.387853
TIME_CONNECT:0.235677
SIZE_DOWNLOAD:1292
TIMESTAMP:2025-08-13 06:22:12 UTC
TRIGGER:schedule
