---METADATA---
HTTP_STATUS:200
TIME_TOTAL:3.578219
TIME_CONNECT:0.304933
SIZE_DOWNLOAD:1292
TIMESTAMP:2025-08-13 07:28:11 UTC
TRIGGER:schedule
