---METADATA---
HTTP_STATUS:200
TIME_TOTAL:3.479106
TIME_CONNECT:0.236201
SIZE_DOWNLOAD:1307
TIMESTAMP:2025-08-13 15:14:00 UTC
TRIGGER:schedule
