---METADATA---
HTTP_STATUS:200
TIME_TOTAL:3.482079
TIME_CONNECT:0.284354
SIZE_DOWNLOAD:1307
TIMESTAMP:2025-08-13 01:10:23 UTC
TRIGGER:schedule
