---METADATA---
HTTP_STATUS:200
TIME_TOTAL:3.519490
TIME_CONNECT:0.269831
SIZE_DOWNLOAD:1296
TIMESTAMP:2025-08-13 22:33:45 UTC
TRIGGER:schedule
