---METADATA---
HTTP_STATUS:200
TIME_TOTAL:3.590382
TIME_CONNECT:0.248791
SIZE_DOWNLOAD:1296
TIMESTAMP:2025-08-13 16:26:28 UTC
TRIGGER:schedule
