---METADATA---
HTTP_STATUS:200
TIME_TOTAL:3.482578
TIME_CONNECT:0.219373
SIZE_DOWNLOAD:1296
TIMESTAMP:2025-08-13 21:25:35 UTC
TRIGGER:schedule
