---METADATA---
HTTP_STATUS:200
TIME_TOTAL:3.562396
TIME_CONNECT:0.279419
SIZE_DOWNLOAD:1292
TIMESTAMP:2025-08-13 04:50:00 UTC
TRIGGER:schedule
