---METADATA---
HTTP_STATUS:200
TIME_TOTAL:3.417280
TIME_CONNECT:0.249546
SIZE_DOWNLOAD:1307
TIMESTAMP:2025-08-13 15:22:11 UTC
TRIGGER:schedule
