---METADATA---
HTTP_STATUS:200
TIME_TOTAL:3.500967
TIME_CONNECT:0.288193
SIZE_DOWNLOAD:1305
TIMESTAMP:2025-08-13 12:29:44 UTC
TRIGGER:schedule
