---METADATA---
HTTP_STATUS:200
TIME_TOTAL:3.400572
TIME_CONNECT:0.244939
SIZE_DOWNLOAD:1296
TIMESTAMP:2025-08-13 22:49:19 UTC
TRIGGER:schedule
