---METADATA---
HTTP_STATUS:200
TIME_TOTAL:3.246384
TIME_CONNECT:0.238877
SIZE_DOWNLOAD:1130
TIMESTAMP:2025-06-25 14:39:20 UTC
TRIGGER:schedule
