---METADATA---
HTTP_STATUS:200
TIME_TOTAL:3.421357
TIME_CONNECT:0.326524
SIZE_DOWNLOAD:1130
TIMESTAMP:2025-06-25 22:50:34 UTC
TRIGGER:schedule
