---METADATA---
HTTP_STATUS:200
TIME_TOTAL:3.520771
TIME_CONNECT:0.272271
SIZE_DOWNLOAD:1130
TIMESTAMP:2025-06-25 17:13:45 UTC
TRIGGER:schedule
