---METADATA---
HTTP_STATUS:200
TIME_TOTAL:3.250782
TIME_CONNECT:0.270384
SIZE_DOWNLOAD:1130
TIMESTAMP:2025-06-25 23:30:27 UTC
TRIGGER:schedule
