---METADATA---
HTTP_STATUS:200
TIME_TOTAL:3.299947
TIME_CONNECT:0.286965
SIZE_DOWNLOAD:1130
TIMESTAMP:2025-06-25 16:31:19 UTC
TRIGGER:schedule
