---METADATA---
HTTP_STATUS:200
TIME_TOTAL:3.422082
TIME_CONNECT:0.229028
SIZE_DOWNLOAD:1294
TIMESTAMP:2025-06-25 08:57:23 UTC
TRIGGER:schedule
