---METADATA---
HTTP_STATUS:200
TIME_TOTAL:3.258520
TIME_CONNECT:0.277890
SIZE_DOWNLOAD:1130
TIMESTAMP:2025-06-25 22:13:22 UTC
TRIGGER:schedule
