---METADATA---
HTTP_STATUS:200
TIME_TOTAL:3.260224
TIME_CONNECT:0.296899
SIZE_DOWNLOAD:1130
TIMESTAMP:2025-06-25 16:18:22 UTC
TRIGGER:schedule
