---METADATA---
HTTP_STATUS:200
TIME_TOTAL:3.440108
TIME_CONNECT:0.336623
SIZE_DOWNLOAD:1130
TIMESTAMP:2025-06-25 21:22:04 UTC
TRIGGER:schedule
