---METADATA---
HTTP_STATUS:200
TIME_TOTAL:3.453550
TIME_CONNECT:0.303763
SIZE_DOWNLOAD:1305
TIMESTAMP:2025-06-25 11:27:27 UTC
TRIGGER:schedule
