---METADATA---
HTTP_STATUS:200
TIME_TOTAL:3.346333
TIME_CONNECT:0.245031
SIZE_DOWNLOAD:1130
TIMESTAMP:2025-06-25 14:14:17 UTC
TRIGGER:schedule
