---METADATA---
HTTP_STATUS:200
TIME_TOTAL:3.308432
TIME_CONNECT:0.271933
SIZE_DOWNLOAD:1130
TIMESTAMP:2025-06-25 18:57:07 UTC
TRIGGER:schedule
