---METADATA---
HTTP_STATUS:200
TIME_TOTAL:3.306295
TIME_CONNECT:0.277158
SIZE_DOWNLOAD:1130
TIMESTAMP:2025-06-25 23:13:34 UTC
TRIGGER:schedule
