---METADATA---
HTTP_STATUS:200
TIME_TOTAL:3.359016
TIME_CONNECT:0.280954
SIZE_DOWNLOAD:1130
TIMESTAMP:2025-06-25 17:44:44 UTC
TRIGGER:schedule
