---METADATA---
HTTP_STATUS:200
TIME_TOTAL:3.652127
TIME_CONNECT:0.279245
SIZE_DOWNLOAD:1130
TIMESTAMP:2025-06-25 15:43:02 UTC
TRIGGER:schedule
