---METADATA---
HTTP_STATUS:200
TIME_TOTAL:3.585289
TIME_CONNECT:0.283528
SIZE_DOWNLOAD:1130
TIMESTAMP:2025-06-25 21:30:45 UTC
TRIGGER:schedule
