---METADATA---
HTTP_STATUS:200
TIME_TOTAL:3.140799
TIME_CONNECT:0.268818
SIZE_DOWNLOAD:1130
TIMESTAMP:2025-06-25 22:26:33 UTC
TRIGGER:schedule
