---METADATA---
HTTP_STATUS:200
TIME_TOTAL:3.229256
TIME_CONNECT:0.271169
SIZE_DOWNLOAD:1130
TIMESTAMP:2025-06-25 20:15:53 UTC
TRIGGER:schedule
