---METADATA---
HTTP_STATUS:200
TIME_TOTAL:3.234488
TIME_CONNECT:0.230758
SIZE_DOWNLOAD:1130
TIMESTAMP:2025-06-25 19:48:19 UTC
TRIGGER:schedule
