---METADATA---
HTTP_STATUS:200
TIME_TOTAL:3.318803
TIME_CONNECT:0.273255
SIZE_DOWNLOAD:1130
TIMESTAMP:2025-06-25 15:53:51 UTC
TRIGGER:schedule
