---METADATA---
HTTP_STATUS:200
TIME_TOTAL:3.231153
TIME_CONNECT:0.279632
SIZE_DOWNLOAD:1130
TIMESTAMP:2025-06-25 20:52:34 UTC
TRIGGER:schedule
