---METADATA---
HTTP_STATUS:200
TIME_TOTAL:3.422571
TIME_CONNECT:0.243098
SIZE_DOWNLOAD:1305
TIMESTAMP:2025-06-25 11:57:06 UTC
TRIGGER:schedule
