---METADATA---
HTTP_STATUS:200
TIME_TOTAL:3.333305
TIME_CONNECT:0.290379
SIZE_DOWNLOAD:1305
TIMESTAMP:2025-06-25 11:12:50 UTC
TRIGGER:schedule
