---METADATA---
HTTP_STATUS:200
TIME_TOTAL:3.408086
TIME_CONNECT:0.230963
SIZE_DOWNLOAD:1130
TIMESTAMP:2025-06-25 22:34:36 UTC
TRIGGER:schedule
