---METADATA---
HTTP_STATUS:200
TIME_TOTAL:3.515910
TIME_CONNECT:0.285862
SIZE_DOWNLOAD:1290
TIMESTAMP:2025-06-25 04:06:21 UTC
TRIGGER:schedule
