---METADATA---
HTTP_STATUS:200
TIME_TOTAL:3.670250
TIME_CONNECT:0.297491
SIZE_DOWNLOAD:1305
TIMESTAMP:2025-06-25 10:54:59 UTC
TRIGGER:schedule
