---METADATA---
HTTP_STATUS:200
TIME_TOTAL:3.163639
TIME_CONNECT:0.285151
SIZE_DOWNLOAD:1130
TIMESTAMP:2025-06-25 16:48:36 UTC
TRIGGER:schedule
