---METADATA---
HTTP_STATUS:200
TIME_TOTAL:3.710729
TIME_CONNECT:0.323030
SIZE_DOWNLOAD:1296
TIMESTAMP:2025-06-25 05:01:07 UTC
TRIGGER:schedule
