---METADATA---
HTTP_STATUS:200
TIME_TOTAL:3.319205
TIME_CONNECT:0.222850
SIZE_DOWNLOAD:1294
TIMESTAMP:2025-06-25 07:39:44 UTC
TRIGGER:schedule
