---METADATA---
HTTP_STATUS:200
TIME_TOTAL:3.625422
TIME_CONNECT:0.313829
SIZE_DOWNLOAD:1294
TIMESTAMP:2025-06-25 09:43:01 UTC
TRIGGER:schedule
