---METADATA---
HTTP_STATUS:200
TIME_TOTAL:3.343679
TIME_CONNECT:0.366297
SIZE_DOWNLOAD:1130
TIMESTAMP:2025-06-25 21:57:08 UTC
TRIGGER:schedule
