---METADATA---
HTTP_STATUS:200
TIME_TOTAL:3.325246
TIME_CONNECT:0.320190
SIZE_DOWNLOAD:1290
TIMESTAMP:2025-06-25 02:57:04 UTC
TRIGGER:schedule
