---METADATA---
HTTP_STATUS:200
TIME_TOTAL:3.660084
TIME_CONNECT:0.245932
SIZE_DOWNLOAD:1305
TIMESTAMP:2025-06-25 11:00:36 UTC
TRIGGER:schedule
