---METADATA---
HTTP_STATUS:200
TIME_TOTAL:3.590747
TIME_CONNECT:0.278094
SIZE_DOWNLOAD:1292
TIMESTAMP:2025-06-25 13:45:44 UTC
TRIGGER:schedule
