---METADATA---
HTTP_STATUS:200
TIME_TOTAL:3.230107
TIME_CONNECT:0.240090
SIZE_DOWNLOAD:1130
TIMESTAMP:2025-06-25 19:47:04 UTC
TRIGGER:schedule
