---METADATA---
HTTP_STATUS:200
TIME_TOTAL:3.158438
TIME_CONNECT:0.247163
SIZE_DOWNLOAD:1130
TIMESTAMP:2025-06-25 23:25:57 UTC
TRIGGER:schedule
