---METADATA---
HTTP_STATUS:200
TIME_TOTAL:3.371770
TIME_CONNECT:0.286118
SIZE_DOWNLOAD:1130
TIMESTAMP:2025-06-25 22:57:54 UTC
TRIGGER:schedule
