---METADATA---
HTTP_STATUS:200
TIME_TOTAL:3.389123
TIME_CONNECT:0.243200
SIZE_DOWNLOAD:1130
TIMESTAMP:2025-06-25 23:43:00 UTC
TRIGGER:schedule
