---METADATA---
HTTP_STATUS:200
TIME_TOTAL:3.291439
TIME_CONNECT:0.248025
SIZE_DOWNLOAD:1130
TIMESTAMP:2025-06-25 21:13:06 UTC
TRIGGER:schedule
