---METADATA---
HTTP_STATUS:200
TIME_TOTAL:3.432853
TIME_CONNECT:0.300219
SIZE_DOWNLOAD:1130
TIMESTAMP:2025-06-25 15:11:51 UTC
TRIGGER:schedule
