---METADATA---
HTTP_STATUS:200
TIME_TOTAL:3.601912
TIME_CONNECT:0.269579
SIZE_DOWNLOAD:1305
TIMESTAMP:2025-06-25 04:25:01 UTC
TRIGGER:schedule
