---METADATA---
HTTP_STATUS:200
TIME_TOTAL:3.448403
TIME_CONNECT:0.221984
SIZE_DOWNLOAD:1130
TIMESTAMP:2025-06-25 14:49:45 UTC
TRIGGER:schedule
