---METADATA---
HTTP_STATUS:200
TIME_TOTAL:3.414339
TIME_CONNECT:0.280963
SIZE_DOWNLOAD:1292
TIMESTAMP:2025-06-25 08:36:38 UTC
TRIGGER:schedule
