---METADATA---
HTTP_STATUS:200
TIME_TOTAL:3.364678
TIME_CONNECT:0.269133
SIZE_DOWNLOAD:1130
TIMESTAMP:2025-06-25 18:38:29 UTC
TRIGGER:schedule
