---METADATA---
HTTP_STATUS:200
TIME_TOTAL:3.480933
TIME_CONNECT:0.237097
SIZE_DOWNLOAD:1130
TIMESTAMP:2025-06-25 19:10:11 UTC
TRIGGER:schedule
