---METADATA---
HTTP_STATUS:200
TIME_TOTAL:3.362163
TIME_CONNECT:0.273508
SIZE_DOWNLOAD:1305
TIMESTAMP:2025-06-25 12:29:10 UTC
TRIGGER:schedule
