---METADATA---
HTTP_STATUS:200
TIME_TOTAL:3.499510
TIME_CONNECT:0.302163
SIZE_DOWNLOAD:1130
TIMESTAMP:2025-06-25 16:56:13 UTC
TRIGGER:schedule
