---METADATA---
HTTP_STATUS:200
TIME_TOTAL:3.521578
TIME_CONNECT:0.278273
SIZE_DOWNLOAD:1307
TIMESTAMP:2025-06-25 05:50:50 UTC
TRIGGER:schedule
