---METADATA---
HTTP_STATUS:200
TIME_TOTAL:3.321644
TIME_CONNECT:0.299437
SIZE_DOWNLOAD:1130
TIMESTAMP:2025-06-25 14:53:31 UTC
TRIGGER:schedule
