---METADATA---
HTTP_STATUS:200
TIME_TOTAL:3.408214
TIME_CONNECT:0.293020
SIZE_DOWNLOAD:1305
TIMESTAMP:2025-06-25 12:57:16 UTC
TRIGGER:schedule
