---METADATA---
HTTP_STATUS:200
TIME_TOTAL:3.274413
TIME_CONNECT:0.273076
SIZE_DOWNLOAD:1130
TIMESTAMP:2025-06-25 19:24:25 UTC
TRIGGER:schedule
