---METADATA---
HTTP_STATUS:200
TIME_TOTAL:3.117634
TIME_CONNECT:0.256541
SIZE_DOWNLOAD:1130
TIMESTAMP:2025-06-25 20:51:10 UTC
TRIGGER:schedule
