---METADATA---
HTTP_STATUS:200
TIME_TOTAL:3.488191
TIME_CONNECT:0.310228
SIZE_DOWNLOAD:1130
TIMESTAMP:2025-06-25 15:40:01 UTC
TRIGGER:schedule
