---METADATA---
HTTP_STATUS:200
TIME_TOTAL:3.342648
TIME_CONNECT:0.240527
SIZE_DOWNLOAD:1294
TIMESTAMP:2025-06-25 06:50:44 UTC
TRIGGER:schedule
