---METADATA---
HTTP_STATUS:200
TIME_TOTAL:3.320383
TIME_CONNECT:0.240218
SIZE_DOWNLOAD:1305
TIMESTAMP:2025-06-25 04:43:01 UTC
TRIGGER:schedule
