---METADATA---
HTTP_STATUS:200
TIME_TOTAL:3.313712
TIME_CONNECT:0.293186
SIZE_DOWNLOAD:1294
TIMESTAMP:2025-06-25 05:34:23 UTC
TRIGGER:schedule
