---METADATA---
HTTP_STATUS:200
TIME_TOTAL:3.380702
TIME_CONNECT:0.249427
SIZE_DOWNLOAD:1304
TIMESTAMP:2025-06-25 06:21:45 UTC
TRIGGER:schedule
