---METADATA---
HTTP_STATUS:200
TIME_TOTAL:3.555930
TIME_CONNECT:0.274843
SIZE_DOWNLOAD:1130
TIMESTAMP:2025-06-25 23:56:49 UTC
TRIGGER:schedule
