---METADATA---
HTTP_STATUS:200
TIME_TOTAL:3.310386
TIME_CONNECT:0.283352
SIZE_DOWNLOAD:1130
TIMESTAMP:2025-06-25 15:54:39 UTC
TRIGGER:schedule
