---METADATA---
HTTP_STATUS:200
TIME_TOTAL:3.515926
TIME_CONNECT:0.280439
SIZE_DOWNLOAD:1309
TIMESTAMP:2025-06-25 05:16:05 UTC
TRIGGER:schedule
