---METADATA---
HTTP_STATUS:200
TIME_TOTAL:3.373492
TIME_CONNECT:0.300535
SIZE_DOWNLOAD:1294
TIMESTAMP:2025-06-25 07:15:15 UTC
TRIGGER:schedule
