---METADATA---
HTTP_STATUS:200
TIME_TOTAL:3.267971
TIME_CONNECT:0.250357
SIZE_DOWNLOAD:1130
TIMESTAMP:2025-06-25 19:19:51 UTC
TRIGGER:schedule
