---METADATA---
HTTP_STATUS:200
TIME_TOTAL:3.447162
TIME_CONNECT:0.223041
SIZE_DOWNLOAD:1130
TIMESTAMP:2025-06-25 17:50:31 UTC
TRIGGER:schedule
