---METADATA---
HTTP_STATUS:200
TIME_TOTAL:3.495223
TIME_CONNECT:0.251717
SIZE_DOWNLOAD:1294
TIMESTAMP:2025-06-25 06:35:07 UTC
TRIGGER:schedule
