---METADATA---
HTTP_STATUS:200
TIME_TOTAL:3.423673
TIME_CONNECT:0.278055
SIZE_DOWNLOAD:1130
TIMESTAMP:2025-06-25 17:24:23 UTC
TRIGGER:schedule
