---METADATA---
HTTP_STATUS:200
TIME_TOTAL:3.253361
TIME_CONNECT:0.235669
SIZE_DOWNLOAD:1305
TIMESTAMP:2025-06-25 10:48:30 UTC
TRIGGER:schedule
