---METADATA---
HTTP_STATUS:200
TIME_TOTAL:3.620909
TIME_CONNECT:0.239463
SIZE_DOWNLOAD:1294
TIMESTAMP:2025-06-25 08:20:19 UTC
TRIGGER:schedule
