---METADATA---
HTTP_STATUS:200
TIME_TOTAL:3.298624
TIME_CONNECT:0.237042
SIZE_DOWNLOAD:1130
TIMESTAMP:2025-06-25 17:56:59 UTC
TRIGGER:schedule
