---METADATA---
HTTP_STATUS:200
TIME_TOTAL:3.301215
TIME_CONNECT:0.279305
SIZE_DOWNLOAD:1130
TIMESTAMP:2025-06-25 17:34:37 UTC
TRIGGER:schedule
