---METADATA---
HTTP_STATUS:200
TIME_TOTAL:3.595269
TIME_CONNECT:0.289361
SIZE_DOWNLOAD:1294
TIMESTAMP:2025-06-25 09:16:45 UTC
TRIGGER:schedule
