---METADATA---
HTTP_STATUS:200
TIME_TOTAL:3.519673
TIME_CONNECT:0.229430
SIZE_DOWNLOAD:1290
TIMESTAMP:2025-06-25 03:34:37 UTC
TRIGGER:schedule
