---METADATA---
HTTP_STATUS:200
TIME_TOTAL:3.476082
TIME_CONNECT:0.248906
SIZE_DOWNLOAD:1305
TIMESTAMP:2025-06-25 13:40:01 UTC
TRIGGER:schedule
