---METADATA---
HTTP_STATUS:200
TIME_TOTAL:3.659173
TIME_CONNECT:0.310510
SIZE_DOWNLOAD:1130
TIMESTAMP:2025-06-25 19:33:31 UTC
TRIGGER:schedule
