---METADATA---
HTTP_STATUS:200
TIME_TOTAL:3.264829
TIME_CONNECT:0.273819
SIZE_DOWNLOAD:1130
TIMESTAMP:2025-06-25 23:50:16 UTC
TRIGGER:schedule
