---METADATA---
HTTP_STATUS:200
TIME_TOTAL:3.231277
TIME_CONNECT:0.292292
SIZE_DOWNLOAD:1305
TIMESTAMP:2025-06-25 11:43:13 UTC
TRIGGER:schedule
