---METADATA---
HTTP_STATUS:200
TIME_TOTAL:3.532517
TIME_CONNECT:0.254134
SIZE_DOWNLOAD:1290
TIMESTAMP:2025-06-25 02:11:49 UTC
TRIGGER:schedule
