---METADATA---
HTTP_STATUS:200
TIME_TOTAL:3.485822
TIME_CONNECT:0.222739
SIZE_DOWNLOAD:1305
TIMESTAMP:2025-06-25 11:49:28 UTC
TRIGGER:schedule
