---METADATA---
HTTP_STATUS:200
TIME_TOTAL:3.494217
TIME_CONNECT:0.328027
SIZE_DOWNLOAD:1292
TIMESTAMP:2025-06-25 04:49:19 UTC
TRIGGER:schedule
