---METADATA---
HTTP_STATUS:200
TIME_TOTAL:3.299289
TIME_CONNECT:0.251015
SIZE_DOWNLOAD:1130
TIMESTAMP:2025-06-25 21:48:35 UTC
TRIGGER:schedule
