---METADATA---
HTTP_STATUS:200
TIME_TOTAL:3.277131
TIME_CONNECT:0.239003
SIZE_DOWNLOAD:1305
TIMESTAMP:2025-06-25 11:41:38 UTC
TRIGGER:schedule
