---METADATA---
HTTP_STATUS:200
TIME_TOTAL:3.415545
TIME_CONNECT:0.242471
SIZE_DOWNLOAD:1290
TIMESTAMP:2025-06-25 05:43:18 UTC
TRIGGER:schedule
