---METADATA---
HTTP_STATUS:200
TIME_TOTAL:1.042460
TIME_CONNECT:0.302402
SIZE_DOWNLOAD:1305
TIMESTAMP:2025-06-25 11:29:07 UTC
TRIGGER:schedule
