---METADATA---
HTTP_STATUS:200
TIME_TOTAL:3.337955
TIME_CONNECT:0.273698
SIZE_DOWNLOAD:1305
TIMESTAMP:2025-06-25 10:45:02 UTC
TRIGGER:schedule
