---METADATA---
HTTP_STATUS:200
TIME_TOTAL:3.509199
TIME_CONNECT:0.275951
SIZE_DOWNLOAD:1306
TIMESTAMP:2025-06-25 13:10:14 UTC
TRIGGER:schedule
