---METADATA---
HTTP_STATUS:200
TIME_TOTAL:3.661626
TIME_CONNECT:0.284242
SIZE_DOWNLOAD:1290
TIMESTAMP:2025-06-25 03:49:52 UTC
TRIGGER:schedule
