---METADATA---
HTTP_STATUS:200
TIME_TOTAL:3.501915
TIME_CONNECT:0.251446
SIZE_DOWNLOAD:1130
TIMESTAMP:2025-06-25 14:28:43 UTC
TRIGGER:schedule
