---METADATA---
HTTP_STATUS:200
TIME_TOTAL:3.670715
TIME_CONNECT:0.292985
SIZE_DOWNLOAD:1294
TIMESTAMP:2025-06-25 07:57:01 UTC
TRIGGER:schedule
