---METADATA---
HTTP_STATUS:200
TIME_TOTAL:3.509338
TIME_CONNECT:0.239454
SIZE_DOWNLOAD:1292
TIMESTAMP:2025-06-25 01:10:30 UTC
TRIGGER:schedule
