---METADATA---
HTTP_STATUS:200
TIME_TOTAL:3.038290
TIME_CONNECT:0.215117
SIZE_DOWNLOAD:1130
TIMESTAMP:2025-06-25 18:20:09 UTC
TRIGGER:schedule
