---METADATA---
HTTP_STATUS:200
TIME_TOTAL:3.454612
TIME_CONNECT:0.327351
SIZE_DOWNLOAD:1130
TIMESTAMP:2025-06-25 20:31:03 UTC
TRIGGER:schedule
