---METADATA---
HTTP_STATUS:200
TIME_TOTAL:3.794903
TIME_CONNECT:0.256172
SIZE_DOWNLOAD:1294
TIMESTAMP:2025-06-25 08:48:23 UTC
TRIGGER:schedule
