---METADATA---
HTTP_STATUS:200
TIME_TOTAL:3.486417
TIME_CONNECT:0.239527
SIZE_DOWNLOAD:1294
TIMESTAMP:2025-06-25 09:31:35 UTC
TRIGGER:schedule
