---METADATA---
HTTP_STATUS:200
TIME_TOTAL:3.450198
TIME_CONNECT:0.242104
SIZE_DOWNLOAD:1294
TIMESTAMP:2025-06-25 09:51:22 UTC
TRIGGER:schedule
