---METADATA---
HTTP_STATUS:200
TIME_TOTAL:3.328530
TIME_CONNECT:0.300530
SIZE_DOWNLOAD:1130
TIMESTAMP:2025-06-25 22:46:02 UTC
TRIGGER:schedule
