---METADATA---
HTTP_STATUS:200
TIME_TOTAL:3.394854
TIME_CONNECT:0.304213
SIZE_DOWNLOAD:1305
TIMESTAMP:2025-06-25 10:26:13 UTC
TRIGGER:schedule
