---METADATA---
HTTP_STATUS:200
TIME_TOTAL:0.989451
TIME_CONNECT:0.272334
SIZE_DOWNLOAD:1307
TIMESTAMP:2025-06-25 05:52:22 UTC
TRIGGER:schedule
