---METADATA---
HTTP_STATUS:200
TIME_TOTAL:3.369966
TIME_CONNECT:0.233516
SIZE_DOWNLOAD:1294
TIMESTAMP:2025-06-25 10:15:41 UTC
TRIGGER:schedule
