---METADATA---
HTTP_STATUS:200
TIME_TOTAL:3.507056
TIME_CONNECT:0.271096
SIZE_DOWNLOAD:1130
TIMESTAMP:2025-06-25 19:35:14 UTC
TRIGGER:schedule
