---METADATA---
HTTP_STATUS:200
TIME_TOTAL:3.280813
TIME_CONNECT:0.305830
SIZE_DOWNLOAD:1130
TIMESTAMP:2025-06-25 21:41:55 UTC
TRIGGER:schedule
