---METADATA---
HTTP_STATUS:200
TIME_TOTAL:3.349923
TIME_CONNECT:0.284256
SIZE_DOWNLOAD:1294
TIMESTAMP:2025-06-25 07:27:04 UTC
TRIGGER:schedule
