---METADATA---
HTTP_STATUS:200
TIME_TOTAL:1.170443
TIME_CONNECT:0.235014
SIZE_DOWNLOAD:1294
TIMESTAMP:2025-06-25 09:52:54 UTC
TRIGGER:schedule
