---METADATA---
HTTP_STATUS:200
TIME_TOTAL:3.354005
TIME_CONNECT:0.262011
SIZE_DOWNLOAD:1303
TIMESTAMP:2025-06-25 07:49:41 UTC
TRIGGER:schedule
