---METADATA---
HTTP_STATUS:200
TIME_TOTAL:3.146759
TIME_CONNECT:0.220239
SIZE_DOWNLOAD:1130
TIMESTAMP:2025-06-25 19:58:55 UTC
TRIGGER:schedule
