---METADATA---
HTTP_STATUS:200
TIME_TOTAL:1.090464
TIME_CONNECT:0.248946
SIZE_DOWNLOAD:1306
TIMESTAMP:2025-06-25 07:44:16 UTC
TRIGGER:schedule
