---METADATA---
HTTP_STATUS:200
TIME_TOTAL:3.490443
TIME_CONNECT:0.266658
SIZE_DOWNLOAD:1305
TIMESTAMP:2025-06-25 13:57:16 UTC
TRIGGER:schedule
