---METADATA---
HTTP_STATUS:200
TIME_TOTAL:3.721910
TIME_CONNECT:0.257103
SIZE_DOWNLOAD:1130
TIMESTAMP:2025-06-25 15:15:47 UTC
TRIGGER:schedule
