---METADATA---
HTTP_STATUS:200
TIME_TOTAL:3.542906
TIME_CONNECT:0.289129
SIZE_DOWNLOAD:1130
TIMESTAMP:2025-06-25 18:49:38 UTC
TRIGGER:schedule
