---METADATA---
HTTP_STATUS:200
TIME_TOTAL:3.296988
TIME_CONNECT:0.273834
SIZE_DOWNLOAD:1294
TIMESTAMP:2025-06-25 06:56:50 UTC
TRIGGER:schedule
