---METADATA---
HTTP_STATUS:200
TIME_TOTAL:3.463953
TIME_CONNECT:0.274718
SIZE_DOWNLOAD:1296
TIMESTAMP:2025-07-21 19:30:21 UTC
TRIGGER:schedule
