---METADATA---
HTTP_STATUS:200
TIME_TOTAL:3.161653
TIME_CONNECT:0.273154
SIZE_DOWNLOAD:1296
TIMESTAMP:2025-07-21 23:30:37 UTC
TRIGGER:schedule
