---METADATA---
HTTP_STATUS:200
TIME_TOTAL:3.557541
TIME_CONNECT:0.274504
SIZE_DOWNLOAD:1296
TIMESTAMP:2025-07-21 10:54:39 UTC
TRIGGER:schedule
