---METADATA---
HTTP_STATUS:200
TIME_TOTAL:3.414450
TIME_CONNECT:0.214922
SIZE_DOWNLOAD:1296
TIMESTAMP:2025-07-21 18:16:05 UTC
TRIGGER:schedule
