---METADATA---
HTTP_STATUS:200
TIME_TOTAL:3.400790
TIME_CONNECT:0.298323
SIZE_DOWNLOAD:1296
TIMESTAMP:2025-07-21 22:28:25 UTC
TRIGGER:schedule
