---METADATA---
HTTP_STATUS:200
TIME_TOTAL:3.537947
TIME_CONNECT:0.238376
SIZE_DOWNLOAD:1298
TIMESTAMP:2025-07-21 09:23:14 UTC
TRIGGER:schedule
