---METADATA---
HTTP_STATUS:200
TIME_TOTAL:3.441278
TIME_CONNECT:0.244316
SIZE_DOWNLOAD:1296
TIMESTAMP:2025-07-21 18:52:29 UTC
TRIGGER:schedule
