---METADATA---
HTTP_STATUS:200
TIME_TOTAL:3.416030
TIME_CONNECT:0.299986
SIZE_DOWNLOAD:1296
TIMESTAMP:2025-07-21 17:49:36 UTC
TRIGGER:schedule
