---METADATA---
HTTP_STATUS:200
TIME_TOTAL:3.497532
TIME_CONNECT:0.289378
SIZE_DOWNLOAD:1296
TIMESTAMP:2025-07-21 06:54:45 UTC
TRIGGER:schedule
