---METADATA---
HTTP_STATUS:200
TIME_TOTAL:3.540557
TIME_CONNECT:0.278864
SIZE_DOWNLOAD:1296
TIMESTAMP:2025-07-21 17:44:19 UTC
TRIGGER:schedule
