---METADATA---
HTTP_STATUS:200
TIME_TOTAL:3.449641
TIME_CONNECT:0.286131
SIZE_DOWNLOAD:1309
TIMESTAMP:2025-07-21 11:30:41 UTC
TRIGGER:schedule
