---METADATA---
HTTP_STATUS:200
TIME_TOTAL:1.058679
TIME_CONNECT:0.266988
SIZE_DOWNLOAD:1296
TIMESTAMP:2025-07-21 17:54:52 UTC
TRIGGER:schedule
