---METADATA---
HTTP_STATUS:200
TIME_TOTAL:3.549892
TIME_CONNECT:0.314145
SIZE_DOWNLOAD:1298
TIMESTAMP:2025-07-21 09:40:24 UTC
TRIGGER:schedule
