---METADATA---
HTTP_STATUS:200
TIME_TOTAL:3.503374
TIME_CONNECT:0.269198
SIZE_DOWNLOAD:1296
TIMESTAMP:2025-07-21 23:00:14 UTC
TRIGGER:schedule
