---METADATA---
HTTP_STATUS:200
TIME_TOTAL:3.377079
TIME_CONNECT:0.272132
SIZE_DOWNLOAD:1294
TIMESTAMP:2025-07-21 10:17:11 UTC
TRIGGER:schedule
