---METADATA---
HTTP_STATUS:200
TIME_TOTAL:3.569865
TIME_CONNECT:0.284816
SIZE_DOWNLOAD:1296
TIMESTAMP:2025-07-21 21:43:17 UTC
TRIGGER:schedule
