---METADATA---
HTTP_STATUS:200
TIME_TOTAL:1.051190
TIME_CONNECT:0.271482
SIZE_DOWNLOAD:1296
TIMESTAMP:2025-07-21 19:32:35 UTC
TRIGGER:schedule
