---METADATA---
HTTP_STATUS:200
TIME_TOTAL:3.324356
TIME_CONNECT:0.228007
SIZE_DOWNLOAD:1296
TIMESTAMP:2025-07-21 15:53:15 UTC
TRIGGER:schedule
