---METADATA---
HTTP_STATUS:200
TIME_TOTAL:3.432252
TIME_CONNECT:0.314510
SIZE_DOWNLOAD:1296
TIMESTAMP:2025-07-21 22:14:54 UTC
TRIGGER:schedule
