---METADATA---
HTTP_STATUS:200
TIME_TOTAL:3.344059
TIME_CONNECT:0.251872
SIZE_DOWNLOAD:1293
TIMESTAMP:2025-07-21 11:43:26 UTC
TRIGGER:schedule
