---METADATA---
HTTP_STATUS:200
TIME_TOTAL:3.644133
TIME_CONNECT:0.263121
SIZE_DOWNLOAD:1294
TIMESTAMP:2025-07-21 13:00:18 UTC
TRIGGER:schedule
