---METADATA---
HTTP_STATUS:200
TIME_TOTAL:3.564219
TIME_CONNECT:0.272004
SIZE_DOWNLOAD:1311
TIMESTAMP:2025-07-21 06:59:56 UTC
TRIGGER:schedule
