---METADATA---
HTTP_STATUS:200
TIME_TOTAL:3.374181
TIME_CONNECT:0.256800
SIZE_DOWNLOAD:1296
TIMESTAMP:2025-07-21 17:15:38 UTC
TRIGGER:schedule
