---METADATA---
HTTP_STATUS:200
TIME_TOTAL:3.552592
TIME_CONNECT:0.272146
SIZE_DOWNLOAD:1296
TIMESTAMP:2025-07-21 15:43:46 UTC
TRIGGER:schedule
