---METADATA---
HTTP_STATUS:200
TIME_TOTAL:3.513727
TIME_CONNECT:0.237386
SIZE_DOWNLOAD:1294
TIMESTAMP:2025-07-21 01:17:51 UTC
TRIGGER:schedule
