---METADATA---
HTTP_STATUS:200
TIME_TOTAL:0.926486
TIME_CONNECT:0.237606
SIZE_DOWNLOAD:1296
TIMESTAMP:2025-07-21 14:16:54 UTC
TRIGGER:schedule
