---METADATA---
HTTP_STATUS:200
TIME_TOTAL:3.251062
TIME_CONNECT:0.235608
SIZE_DOWNLOAD:1296
TIMESTAMP:2025-07-21 20:54:38 UTC
TRIGGER:schedule
