---METADATA---
HTTP_STATUS:200
TIME_TOTAL:3.197199
TIME_CONNECT:0.267885
SIZE_DOWNLOAD:1296
TIMESTAMP:2025-07-21 21:14:00 UTC
TRIGGER:schedule
