---METADATA---
HTTP_STATUS:200
TIME_TOTAL:3.519831
TIME_CONNECT:0.325799
SIZE_DOWNLOAD:1296
TIMESTAMP:2025-07-21 15:56:09 UTC
TRIGGER:schedule
