---METADATA---
HTTP_STATUS:200
TIME_TOTAL:1.157024
TIME_CONNECT:0.396009
SIZE_DOWNLOAD:1296
TIMESTAMP:2025-07-21 19:48:23 UTC
TRIGGER:schedule
