---METADATA---
HTTP_STATUS:200
TIME_TOTAL:3.621136
TIME_CONNECT:0.249962
SIZE_DOWNLOAD:1294
TIMESTAMP:2025-07-21 04:49:57 UTC
TRIGGER:schedule
