---METADATA---
HTTP_STATUS:200
TIME_TOTAL:3.447620
TIME_CONNECT:0.322630
SIZE_DOWNLOAD:1296
TIMESTAMP:2025-07-21 14:44:25 UTC
TRIGGER:schedule
