---METADATA---
HTTP_STATUS:200
TIME_TOTAL:3.310551
TIME_CONNECT:0.234381
SIZE_DOWNLOAD:1296
TIMESTAMP:2025-07-21 22:39:29 UTC
TRIGGER:schedule
