---METADATA---
HTTP_STATUS:200
TIME_TOTAL:1.097429
TIME_CONNECT:0.285689
SIZE_DOWNLOAD:1296
TIMESTAMP:2025-07-21 13:54:15 UTC
TRIGGER:schedule
