---METADATA---
HTTP_STATUS:200
TIME_TOTAL:3.409168
TIME_CONNECT:0.248636
SIZE_DOWNLOAD:1296
TIMESTAMP:2025-07-21 16:31:43 UTC
TRIGGER:schedule
