---METADATA---
HTTP_STATUS:200
TIME_TOTAL:3.324267
TIME_CONNECT:0.277121
SIZE_DOWNLOAD:1296
TIMESTAMP:2025-07-21 20:32:12 UTC
TRIGGER:schedule
