---METADATA---
HTTP_STATUS:200
TIME_TOTAL:3.567535
TIME_CONNECT:0.238894
SIZE_DOWNLOAD:1305
TIMESTAMP:2025-07-21 05:20:24 UTC
TRIGGER:schedule
