---METADATA---
HTTP_STATUS:200
TIME_TOTAL:3.398554
TIME_CONNECT:0.247212
SIZE_DOWNLOAD:1296
TIMESTAMP:2025-07-21 21:50:02 UTC
TRIGGER:schedule
