---METADATA---
HTTP_STATUS:200
TIME_TOTAL:3.537394
TIME_CONNECT:0.285920
SIZE_DOWNLOAD:1292
TIMESTAMP:2025-07-21 13:24:58 UTC
TRIGGER:schedule
