---METADATA---
HTTP_STATUS:200
TIME_TOTAL:3.589194
TIME_CONNECT:0.327862
SIZE_DOWNLOAD:1296
TIMESTAMP:2025-07-21 21:32:48 UTC
TRIGGER:schedule
