---METADATA---
HTTP_STATUS:200
TIME_TOTAL:3.403149
TIME_CONNECT:0.250479
SIZE_DOWNLOAD:1296
TIMESTAMP:2025-07-21 19:58:57 UTC
TRIGGER:schedule
