---METADATA---
HTTP_STATUS:200
TIME_TOTAL:3.609491
TIME_CONNECT:0.287937
SIZE_DOWNLOAD:1298
TIMESTAMP:2025-07-21 09:48:53 UTC
TRIGGER:schedule
