---METADATA---
HTTP_STATUS:200
TIME_TOTAL:3.553347
TIME_CONNECT:0.298033
SIZE_DOWNLOAD:1296
TIMESTAMP:2025-07-21 19:47:13 UTC
TRIGGER:schedule
