---METADATA---
HTTP_STATUS:200
TIME_TOTAL:3.336965
TIME_CONNECT:0.275551
SIZE_DOWNLOAD:1296
TIMESTAMP:2025-07-21 20:16:20 UTC
TRIGGER:schedule
