---METADATA---
HTTP_STATUS:200
TIME_TOTAL:3.491685
TIME_CONNECT:0.238298
SIZE_DOWNLOAD:1296
TIMESTAMP:2025-07-21 23:49:39 UTC
TRIGGER:schedule
