---METADATA---
HTTP_STATUS:200
TIME_TOTAL:3.628296
TIME_CONNECT:0.286108
SIZE_DOWNLOAD:1292
TIMESTAMP:2025-07-21 12:31:16 UTC
TRIGGER:schedule
