---METADATA---
HTTP_STATUS:200
TIME_TOTAL:3.524522
TIME_CONNECT:0.275014
SIZE_DOWNLOAD:1292
TIMESTAMP:2025-07-21 11:51:01 UTC
TRIGGER:schedule
