---METADATA---
HTTP_STATUS:200
TIME_TOTAL:1.058342
TIME_CONNECT:0.271016
SIZE_DOWNLOAD:1296
TIMESTAMP:2025-07-21 23:33:00 UTC
TRIGGER:schedule
