---METADATA---
HTTP_STATUS:200
TIME_TOTAL:3.285012
TIME_CONNECT:0.257045
SIZE_DOWNLOAD:1298
TIMESTAMP:2025-07-21 08:22:42 UTC
TRIGGER:schedule
