---METADATA---
HTTP_STATUS:200
TIME_TOTAL:3.495375
TIME_CONNECT:0.316127
SIZE_DOWNLOAD:1294
TIMESTAMP:2025-07-21 03:19:36 UTC
TRIGGER:schedule
