---METADATA---
HTTP_STATUS:200
TIME_TOTAL:3.395775
TIME_CONNECT:0.293379
SIZE_DOWNLOAD:1294
TIMESTAMP:2025-07-21 11:56:55 UTC
TRIGGER:schedule
