---METADATA---
HTTP_STATUS:200
TIME_TOTAL:3.568142
TIME_CONNECT:0.226876
SIZE_DOWNLOAD:1307
TIMESTAMP:2025-07-21 10:34:56 UTC
TRIGGER:schedule
