---METADATA---
HTTP_STATUS:200
TIME_TOTAL:3.455515
TIME_CONNECT:0.286125
SIZE_DOWNLOAD:1294
TIMESTAMP:2025-07-21 05:00:27 UTC
TRIGGER:schedule
