---METADATA---
HTTP_STATUS:200
TIME_TOTAL:3.624961
TIME_CONNECT:0.325147
SIZE_DOWNLOAD:1298
TIMESTAMP:2025-07-21 07:53:39 UTC
TRIGGER:schedule
