---METADATA---
HTTP_STATUS:200
TIME_TOTAL:3.466855
TIME_CONNECT:0.270137
SIZE_DOWNLOAD:1296
TIMESTAMP:2025-07-21 21:56:49 UTC
TRIGGER:schedule
