---METADATA---
HTTP_STATUS:200
TIME_TOTAL:3.552536
TIME_CONNECT:0.287553
SIZE_DOWNLOAD:1298
TIMESTAMP:2025-07-21 08:53:20 UTC
TRIGGER:schedule
