---METADATA---
HTTP_STATUS:200
TIME_TOTAL:3.615260
TIME_CONNECT:0.245363
SIZE_DOWNLOAD:1298
TIMESTAMP:2025-07-21 09:01:07 UTC
TRIGGER:schedule
