---METADATA---
HTTP_STATUS:200
TIME_TOTAL:3.513698
TIME_CONNECT:0.231891
SIZE_DOWNLOAD:1294
TIMESTAMP:2025-07-21 02:30:47 UTC
TRIGGER:schedule
