---METADATA---
HTTP_STATUS:200
TIME_TOTAL:3.621642
TIME_CONNECT:0.284112
SIZE_DOWNLOAD:1298
TIMESTAMP:2025-07-21 07:22:19 UTC
TRIGGER:schedule
