---METADATA---
HTTP_STATUS:200
TIME_TOTAL:3.542984
TIME_CONNECT:0.243614
SIZE_DOWNLOAD:1296
TIMESTAMP:2025-07-21 15:16:05 UTC
TRIGGER:schedule
