---METADATA---
HTTP_STATUS:200
TIME_TOTAL:3.472079
TIME_CONNECT:0.274755
SIZE_DOWNLOAD:1294
TIMESTAMP:2025-07-21 04:26:35 UTC
TRIGGER:schedule
