---METADATA---
HTTP_STATUS:200
TIME_TOTAL:3.573044
TIME_CONNECT:0.260115
SIZE_DOWNLOAD:1296
TIMESTAMP:2025-07-21 13:49:31 UTC
TRIGGER:schedule
