---METADATA---
HTTP_STATUS:200
TIME_TOTAL:3.509243
TIME_CONNECT:0.273490
SIZE_DOWNLOAD:1296
TIMESTAMP:2025-07-21 14:13:38 UTC
TRIGGER:schedule
