---METADATA---
HTTP_STATUS:200
TIME_TOTAL:3.523736
TIME_CONNECT:0.286747
SIZE_DOWNLOAD:1307
TIMESTAMP:2025-07-21 10:47:48 UTC
TRIGGER:schedule
