---METADATA---
HTTP_STATUS:200
TIME_TOTAL:3.527943
TIME_CONNECT:0.274691
SIZE_DOWNLOAD:1296
TIMESTAMP:2025-07-21 14:59:08 UTC
TRIGGER:schedule
