---METADATA---
HTTP_STATUS:200
TIME_TOTAL:3.585062
TIME_CONNECT:0.277171
SIZE_DOWNLOAD:1296
TIMESTAMP:2025-07-21 20:52:50 UTC
TRIGGER:schedule
