---METADATA---
HTTP_STATUS:200
TIME_TOTAL:3.366460
TIME_CONNECT:0.287765
SIZE_DOWNLOAD:1296
TIMESTAMP:2025-07-21 23:14:23 UTC
TRIGGER:schedule
