---METADATA---
HTTP_STATUS:200
TIME_TOTAL:3.472526
TIME_CONNECT:0.259336
SIZE_DOWNLOAD:1296
TIMESTAMP:2025-07-21 17:28:34 UTC
TRIGGER:schedule
