---METADATA---
HTTP_STATUS:200
TIME_TOTAL:3.684730
TIME_CONNECT:0.425470
SIZE_DOWNLOAD:1298
TIMESTAMP:2025-07-21 07:36:23 UTC
TRIGGER:schedule
