---METADATA---
HTTP_STATUS:200
TIME_TOTAL:3.510907
TIME_CONNECT:0.292138
SIZE_DOWNLOAD:1296
TIMESTAMP:2025-07-21 06:26:47 UTC
TRIGGER:schedule
