---METADATA---
HTTP_STATUS:200
TIME_TOTAL:3.419074
TIME_CONNECT:0.287092
SIZE_DOWNLOAD:1296
TIMESTAMP:2025-07-21 21:23:46 UTC
TRIGGER:schedule
