---METADATA---
HTTP_STATUS:200
TIME_TOTAL:3.472263
TIME_CONNECT:0.267279
SIZE_DOWNLOAD:1296
TIMESTAMP:2025-07-21 18:49:31 UTC
TRIGGER:schedule
