---METADATA---
HTTP_STATUS:200
TIME_TOTAL:3.456654
TIME_CONNECT:0.281426
SIZE_DOWNLOAD:1309
TIMESTAMP:2025-07-21 06:37:22 UTC
TRIGGER:schedule
