---METADATA---
HTTP_STATUS:200
TIME_TOTAL:3.444453
TIME_CONNECT:0.272222
SIZE_DOWNLOAD:1298
TIMESTAMP:2025-07-21 08:36:27 UTC
TRIGGER:schedule
