---METADATA---
HTTP_STATUS:200
TIME_TOTAL:3.452149
TIME_CONNECT:0.292573
SIZE_DOWNLOAD:1298
TIMESTAMP:2025-07-21 09:58:54 UTC
TRIGGER:schedule
