---METADATA---
HTTP_STATUS:200
TIME_TOTAL:3.415418
TIME_CONNECT:0.286469
SIZE_DOWNLOAD:1296
TIMESTAMP:2025-07-21 22:52:26 UTC
TRIGGER:schedule
