---METADATA---
HTTP_STATUS:200
TIME_TOTAL:3.447219
TIME_CONNECT:0.272272
SIZE_DOWNLOAD:1296
TIMESTAMP:2025-07-21 19:13:54 UTC
TRIGGER:schedule
