---METADATA---
HTTP_STATUS:200
TIME_TOTAL:3.511089
TIME_CONNECT:0.273574
SIZE_DOWNLOAD:1294
TIMESTAMP:2025-07-21 11:21:35 UTC
TRIGGER:schedule
