---METADATA---
HTTP_STATUS:200
TIME_TOTAL:3.612737
TIME_CONNECT:0.287345
SIZE_DOWNLOAD:1294
TIMESTAMP:2025-07-21 05:56:09 UTC
TRIGGER:schedule
