---METADATA---
HTTP_STATUS:200
TIME_TOTAL:3.504048
TIME_CONNECT:0.237604
SIZE_DOWNLOAD:1298
TIMESTAMP:2025-07-21 05:43:12 UTC
TRIGGER:schedule
