---METADATA---
HTTP_STATUS:200
TIME_TOTAL:3.449356
TIME_CONNECT:0.341844
SIZE_DOWNLOAD:1294
TIMESTAMP:2025-07-21 03:56:31 UTC
TRIGGER:schedule
