---METADATA---
HTTP_STATUS:200
TIME_TOTAL:3.404132
TIME_CONNECT:0.227120
SIZE_DOWNLOAD:1296
TIMESTAMP:2025-07-21 16:57:34 UTC
TRIGGER:schedule
