---METADATA---
HTTP_STATUS:200
TIME_TOTAL:3.404722
TIME_CONNECT:0.246758
SIZE_DOWNLOAD:1296
TIMESTAMP:2025-07-21 16:50:41 UTC
TRIGGER:schedule
