---METADATA---
HTTP_STATUS:200
TIME_TOTAL:3.459549
TIME_CONNECT:0.234361
SIZE_DOWNLOAD:1298
TIMESTAMP:2025-07-21 07:47:15 UTC
TRIGGER:schedule
