---METADATA---
HTTP_STATUS:200
TIME_TOTAL:3.489016
TIME_CONNECT:0.369487
SIZE_DOWNLOAD:1296
TIMESTAMP:2025-07-21 18:21:47 UTC
TRIGGER:schedule
