---METADATA---
HTTP_STATUS:200
TIME_TOTAL:3.508066
TIME_CONNECT:0.237601
SIZE_DOWNLOAD:1296
TIMESTAMP:2025-07-21 15:32:41 UTC
TRIGGER:schedule
