---METADATA---
HTTP_STATUS:200
TIME_TOTAL:3.593079
TIME_CONNECT:0.261172
SIZE_DOWNLOAD:1294
TIMESTAMP:2025-07-21 11:12:56 UTC
TRIGGER:schedule
