---METADATA---
HTTP_STATUS:200
TIME_TOTAL:3.497859
TIME_CONNECT:0.273202
SIZE_DOWNLOAD:1296
TIMESTAMP:2025-07-21 14:47:24 UTC
TRIGGER:schedule
