---METADATA---
HTTP_STATUS:200
TIME_TOTAL:3.592773
TIME_CONNECT:0.279515
SIZE_DOWNLOAD:1311
TIMESTAMP:2025-07-21 05:51:18 UTC
TRIGGER:schedule
