---METADATA---
HTTP_STATUS:200
TIME_TOTAL:3.555061
TIME_CONNECT:0.282913
SIZE_DOWNLOAD:1296
TIMESTAMP:2025-07-21 19:10:49 UTC
TRIGGER:schedule
