---METADATA---
HTTP_STATUS:200
TIME_TOTAL:3.504591
TIME_CONNECT:0.281600
SIZE_DOWNLOAD:1296
TIMESTAMP:2025-07-21 16:21:20 UTC
TRIGGER:schedule
