---METADATA---
HTTP_STATUS:200
TIME_TOTAL:3.549476
TIME_CONNECT:0.215325
SIZE_DOWNLOAD:1291
TIMESTAMP:2025-08-16 18:35:52 UTC
TRIGGER:schedule
