---METADATA---
HTTP_STATUS:200
TIME_TOTAL:3.552126
TIME_CONNECT:0.278100
SIZE_DOWNLOAD:1294
TIMESTAMP:2025-08-16 06:54:37 UTC
TRIGGER:schedule
