---METADATA---
HTTP_STATUS:200
TIME_TOTAL:3.682899
TIME_CONNECT:0.359727
SIZE_DOWNLOAD:1291
TIMESTAMP:2025-08-16 15:09:32 UTC
TRIGGER:schedule
