---METADATA---
HTTP_STATUS:200
TIME_TOTAL:3.594784
TIME_CONNECT:0.264549
SIZE_DOWNLOAD:1296
TIMESTAMP:2025-08-16 06:37:03 UTC
TRIGGER:schedule
