---METADATA---
HTTP_STATUS:200
TIME_TOTAL:3.653103
TIME_CONNECT:0.294960
SIZE_DOWNLOAD:1303
TIMESTAMP:2025-08-16 11:35:23 UTC
TRIGGER:schedule
