---METADATA---
HTTP_STATUS:200
TIME_TOTAL:3.539540
TIME_CONNECT:0.268585
SIZE_DOWNLOAD:1306
TIMESTAMP:2025-08-16 10:34:04 UTC
TRIGGER:schedule
