---METADATA---
HTTP_STATUS:200
TIME_TOTAL:3.488278
TIME_CONNECT:0.230686
SIZE_DOWNLOAD:1292
TIMESTAMP:2025-08-16 05:56:46 UTC
TRIGGER:schedule
