---METADATA---
HTTP_STATUS:200
TIME_TOTAL:1.121616
TIME_CONNECT:0.307935
SIZE_DOWNLOAD:1291
TIMESTAMP:2025-08-16 21:39:48 UTC
TRIGGER:schedule
