---METADATA---
HTTP_STATUS:200
TIME_TOTAL:3.412042
TIME_CONNECT:0.224216
SIZE_DOWNLOAD:1305
TIMESTAMP:2025-08-16 03:42:30 UTC
TRIGGER:schedule
