---METADATA---
HTTP_STATUS:200
TIME_TOTAL:3.517909
TIME_CONNECT:0.280043
SIZE_DOWNLOAD:1291
TIMESTAMP:2025-08-16 15:12:46 UTC
TRIGGER:schedule
