---METADATA---
HTTP_STATUS:200
TIME_TOTAL:3.593266
TIME_CONNECT:0.283754
SIZE_DOWNLOAD:1291
TIMESTAMP:2025-08-16 15:30:25 UTC
TRIGGER:schedule
