---METADATA---
HTTP_STATUS:200
TIME_TOTAL:3.537171
TIME_CONNECT:0.294188
SIZE_DOWNLOAD:1306
TIMESTAMP:2025-08-16 10:44:58 UTC
TRIGGER:schedule
