---METADATA---
HTTP_STATUS:200
TIME_TOTAL:1.077292
TIME_CONNECT:0.284954
SIZE_DOWNLOAD:1291
TIMESTAMP:2025-08-16 19:29:39 UTC
TRIGGER:schedule
