---METADATA---
HTTP_STATUS:200
TIME_TOTAL:3.345007
TIME_CONNECT:0.246270
SIZE_DOWNLOAD:1305
TIMESTAMP:2025-08-16 03:20:30 UTC
TRIGGER:schedule
