---METADATA---
HTTP_STATUS:200
TIME_TOTAL:1.152475
TIME_CONNECT:0.251530
SIZE_DOWNLOAD:1306
TIMESTAMP:2025-08-16 10:49:01 UTC
TRIGGER:schedule
