---METADATA---
HTTP_STATUS:200
TIME_TOTAL:1.126573
TIME_CONNECT:0.315507
SIZE_DOWNLOAD:1291
TIMESTAMP:2025-08-16 13:51:27 UTC
TRIGGER:schedule
