---METADATA---
HTTP_STATUS:200
TIME_TOTAL:0.923326
TIME_CONNECT:0.223484
SIZE_DOWNLOAD:1292
TIMESTAMP:2025-08-16 07:39:26 UTC
TRIGGER:schedule
