---METADATA---
HTTP_STATUS:200
TIME_TOTAL:3.570326
TIME_CONNECT:0.281484
SIZE_DOWNLOAD:1306
TIMESTAMP:2025-08-16 09:46:45 UTC
TRIGGER:schedule
