---METADATA---
HTTP_STATUS:200
TIME_TOTAL:3.426606
TIME_CONNECT:0.290709
SIZE_DOWNLOAD:1291
TIMESTAMP:2025-08-16 19:24:20 UTC
TRIGGER:schedule
