---METADATA---
HTTP_STATUS:200
TIME_TOTAL:1.036816
TIME_CONNECT:0.220818
SIZE_DOWNLOAD:1292
TIMESTAMP:2025-08-16 11:25:10 UTC
TRIGGER:schedule
