---METADATA---
HTTP_STATUS:200
TIME_TOTAL:3.325037
TIME_CONNECT:0.285733
SIZE_DOWNLOAD:1291
TIMESTAMP:2025-08-16 22:21:21 UTC
TRIGGER:schedule
