---METADATA---
HTTP_STATUS:200
TIME_TOTAL:3.583763
TIME_CONNECT:0.266773
SIZE_DOWNLOAD:1305
TIMESTAMP:2025-08-16 04:51:36 UTC
TRIGGER:schedule
