---METADATA---
HTTP_STATUS:200
TIME_TOTAL:1.079429
TIME_CONNECT:0.244812
SIZE_DOWNLOAD:1305
TIMESTAMP:2025-08-16 04:01:55 UTC
TRIGGER:schedule
