---METADATA---
HTTP_STATUS:200
TIME_TOTAL:3.690506
TIME_CONNECT:0.274050
SIZE_DOWNLOAD:1291
TIMESTAMP:2025-08-16 14:31:09 UTC
TRIGGER:schedule
