---METADATA---
HTTP_STATUS:200
TIME_TOTAL:3.522882
TIME_CONNECT:0.278632
SIZE_DOWNLOAD:1305
TIMESTAMP:2025-08-16 11:48:06 UTC
TRIGGER:schedule
