---METADATA---
HTTP_STATUS:200
TIME_TOTAL:3.610582
TIME_CONNECT:0.277614
SIZE_DOWNLOAD:1291
TIMESTAMP:2025-08-16 20:32:05 UTC
TRIGGER:schedule
