---METADATA---
HTTP_STATUS:200
TIME_TOTAL:1.070097
TIME_CONNECT:0.280573
SIZE_DOWNLOAD:1291
TIMESTAMP:2025-08-16 17:40:41 UTC
TRIGGER:schedule
