---METADATA---
HTTP_STATUS:200
TIME_TOTAL:3.648175
TIME_CONNECT:0.280560
SIZE_DOWNLOAD:1306
TIMESTAMP:2025-08-16 09:58:36 UTC
TRIGGER:schedule
