---METADATA---
HTTP_STATUS:200
TIME_TOTAL:3.519619
TIME_CONNECT:0.294149
SIZE_DOWNLOAD:1309
TIMESTAMP:2025-08-16 07:12:30 UTC
TRIGGER:schedule
