---METADATA---
HTTP_STATUS:200
TIME_TOTAL:3.458812
TIME_CONNECT:0.237312
SIZE_DOWNLOAD:1294
TIMESTAMP:2025-08-16 07:20:51 UTC
TRIGGER:schedule
