---METADATA---
HTTP_STATUS:200
TIME_TOTAL:3.628873
TIME_CONNECT:0.331040
SIZE_DOWNLOAD:1306
TIMESTAMP:2025-08-16 09:48:00 UTC
TRIGGER:schedule
