---METADATA---
HTTP_STATUS:200
TIME_TOTAL:3.286686
TIME_CONNECT:0.218949
SIZE_DOWNLOAD:1291
TIMESTAMP:2025-08-16 23:48:10 UTC
TRIGGER:schedule
