---METADATA---
HTTP_STATUS:200
TIME_TOTAL:3.447989
TIME_CONNECT:0.340990
SIZE_DOWNLOAD:1294
TIMESTAMP:2025-08-16 07:28:25 UTC
TRIGGER:schedule
