---METADATA---
HTTP_STATUS:200
TIME_TOTAL:3.407725
TIME_CONNECT:0.299143
SIZE_DOWNLOAD:1291
TIMESTAMP:2025-08-16 22:48:28 UTC
TRIGGER:schedule
