---METADATA---
HTTP_STATUS:200
TIME_TOTAL:3.439292
TIME_CONNECT:0.285850
SIZE_DOWNLOAD:1291
TIMESTAMP:2025-08-16 20:43:15 UTC
TRIGGER:schedule
