---METADATA---
HTTP_STATUS:200
TIME_TOTAL:3.616428
TIME_CONNECT:0.281916
SIZE_DOWNLOAD:1309
TIMESTAMP:2025-08-16 13:03:13 UTC
TRIGGER:schedule
