---METADATA---
HTTP_STATUS:200
TIME_TOTAL:3.617331
TIME_CONNECT:0.299075
SIZE_DOWNLOAD:1306
TIMESTAMP:2025-08-16 10:28:15 UTC
TRIGGER:schedule
