---METADATA---
HTTP_STATUS:200
TIME_TOTAL:3.555789
TIME_CONNECT:0.291767
SIZE_DOWNLOAD:1294
TIMESTAMP:2025-08-16 08:17:19 UTC
TRIGGER:schedule
