---METADATA---
HTTP_STATUS:200
TIME_TOTAL:3.589253
TIME_CONNECT:0.279667
SIZE_DOWNLOAD:1291
TIMESTAMP:2025-08-16 21:28:38 UTC
TRIGGER:schedule
