---METADATA---
HTTP_STATUS:200
TIME_TOTAL:3.309286
TIME_CONNECT:0.235298
SIZE_DOWNLOAD:1291
TIMESTAMP:2025-08-16 16:15:24 UTC
TRIGGER:schedule
