---METADATA---
HTTP_STATUS:200
TIME_TOTAL:3.476671
TIME_CONNECT:0.221890
SIZE_DOWNLOAD:1296
TIMESTAMP:2025-08-16 06:19:32 UTC
TRIGGER:schedule
