---METADATA---
HTTP_STATUS:200
TIME_TOTAL:1.037507
TIME_CONNECT:0.235993
SIZE_DOWNLOAD:1305
TIMESTAMP:2025-08-16 04:38:17 UTC
TRIGGER:schedule
