---METADATA---
HTTP_STATUS:200
TIME_TOTAL:3.489956
TIME_CONNECT:0.286191
SIZE_DOWNLOAD:1306
TIMESTAMP:2025-08-16 08:49:08 UTC
TRIGGER:schedule
