---METADATA---
HTTP_STATUS:200
TIME_TOTAL:3.590591
TIME_CONNECT:0.286808
SIZE_DOWNLOAD:1306
TIMESTAMP:2025-08-16 09:09:32 UTC
TRIGGER:schedule
