---METADATA---
HTTP_STATUS:200
TIME_TOTAL:3.514282
TIME_CONNECT:0.233523
SIZE_DOWNLOAD:1291
TIMESTAMP:2025-08-16 17:18:25 UTC
TRIGGER:schedule
