---METADATA---
HTTP_STATUS:200
TIME_TOTAL:3.348853
TIME_CONNECT:0.245391
SIZE_DOWNLOAD:1305
TIMESTAMP:2025-08-16 02:06:45 UTC
TRIGGER:schedule
