---METADATA---
HTTP_STATUS:200
TIME_TOTAL:3.411997
TIME_CONNECT:0.278122
SIZE_DOWNLOAD:1291
TIMESTAMP:2025-08-16 21:23:25 UTC
TRIGGER:schedule
