---METADATA---
HTTP_STATUS:200
TIME_TOTAL:3.496421
TIME_CONNECT:0.280858
SIZE_DOWNLOAD:1291
TIMESTAMP:2025-08-16 17:58:50 UTC
TRIGGER:schedule
