---METADATA---
HTTP_STATUS:200
TIME_TOTAL:3.408957
TIME_CONNECT:0.281350
SIZE_DOWNLOAD:1306
TIMESTAMP:2025-08-16 09:30:57 UTC
TRIGGER:schedule
