---METADATA---
HTTP_STATUS:200
TIME_TOTAL:3.378403
TIME_CONNECT:0.279416
SIZE_DOWNLOAD:1291
TIMESTAMP:2025-08-16 23:39:57 UTC
TRIGGER:schedule
