---METADATA---
HTTP_STATUS:200
TIME_TOTAL:3.443879
TIME_CONNECT:0.239465
SIZE_DOWNLOAD:1291
TIMESTAMP:2025-08-16 19:41:33 UTC
TRIGGER:schedule
