---METADATA---
HTTP_STATUS:200
TIME_TOTAL:3.388868
TIME_CONNECT:0.279460
SIZE_DOWNLOAD:1291
TIMESTAMP:2025-08-16 18:52:43 UTC
TRIGGER:schedule
