---METADATA---
HTTP_STATUS:200
TIME_TOTAL:3.371517
TIME_CONNECT:0.295506
SIZE_DOWNLOAD:1291
TIMESTAMP:2025-08-16 21:39:25 UTC
TRIGGER:schedule
