---METADATA---
HTTP_STATUS:200
TIME_TOTAL:3.592500
TIME_CONNECT:0.236846
SIZE_DOWNLOAD:1294
TIMESTAMP:2025-08-16 05:22:24 UTC
TRIGGER:schedule
