---METADATA---
HTTP_STATUS:200
TIME_TOTAL:3.459427
TIME_CONNECT:0.297849
SIZE_DOWNLOAD:1291
TIMESTAMP:2025-08-16 21:12:21 UTC
TRIGGER:schedule
