---METADATA---
HTTP_STATUS:200
TIME_TOTAL:1.050632
TIME_CONNECT:0.287740
SIZE_DOWNLOAD:1291
TIMESTAMP:2025-08-16 17:48:35 UTC
TRIGGER:schedule
