---METADATA---
HTTP_STATUS:200
TIME_TOTAL:3.583954
TIME_CONNECT:0.279248
SIZE_DOWNLOAD:1291
TIMESTAMP:2025-08-16 20:27:03 UTC
TRIGGER:schedule
