---METADATA---
HTTP_STATUS:200
TIME_TOTAL:3.559379
TIME_CONNECT:0.273630
SIZE_DOWNLOAD:1291
TIMESTAMP:2025-08-16 18:17:41 UTC
TRIGGER:schedule
