---METADATA---
HTTP_STATUS:200
TIME_TOTAL:3.694466
TIME_CONNECT:0.327824
SIZE_DOWNLOAD:1305
TIMESTAMP:2025-08-16 11:51:27 UTC
TRIGGER:schedule
