---METADATA---
HTTP_STATUS:200
TIME_TOTAL:3.714416
TIME_CONNECT:0.331253
SIZE_DOWNLOAD:1304
TIMESTAMP:2025-08-16 10:57:01 UTC
TRIGGER:schedule
