---METADATA---
HTTP_STATUS:200
TIME_TOTAL:3.562369
TIME_CONNECT:0.299060
SIZE_DOWNLOAD:1307
TIMESTAMP:2025-08-16 06:47:38 UTC
TRIGGER:schedule
