---METADATA---
HTTP_STATUS:200
TIME_TOTAL:3.562906
TIME_CONNECT:0.328198
SIZE_DOWNLOAD:1291
TIMESTAMP:2025-08-16 22:56:55 UTC
TRIGGER:schedule
