---METADATA---
HTTP_STATUS:200
TIME_TOTAL:3.486794
TIME_CONNECT:0.282307
SIZE_DOWNLOAD:1291
TIMESTAMP:2025-08-16 14:37:45 UTC
TRIGGER:schedule
