---METADATA---
HTTP_STATUS:200
TIME_TOTAL:3.621194
TIME_CONNECT:0.244036
SIZE_DOWNLOAD:1291
TIMESTAMP:2025-08-16 19:10:21 UTC
TRIGGER:schedule
