---METADATA---
HTTP_STATUS:200
TIME_TOTAL:1.054347
TIME_CONNECT:0.281188
SIZE_DOWNLOAD:1305
TIMESTAMP:2025-08-16 04:52:45 UTC
TRIGGER:schedule
