---METADATA---
HTTP_STATUS:200
TIME_TOTAL:3.695869
TIME_CONNECT:0.326231
SIZE_DOWNLOAD:1292
TIMESTAMP:2025-08-16 13:35:22 UTC
TRIGGER:schedule
