---METADATA---
HTTP_STATUS:200
TIME_TOTAL:3.451017
TIME_CONNECT:0.274171
SIZE_DOWNLOAD:1291
TIMESTAMP:2025-08-16 22:42:23 UTC
TRIGGER:schedule
