---METADATA---
HTTP_STATUS:200
TIME_TOTAL:3.608964
TIME_CONNECT:0.328736
SIZE_DOWNLOAD:1291
TIMESTAMP:2025-08-16 22:12:41 UTC
TRIGGER:schedule
