---METADATA---
HTTP_STATUS:200
TIME_TOTAL:3.551640
TIME_CONNECT:0.287574
SIZE_DOWNLOAD:1291
TIMESTAMP:2025-08-16 13:48:40 UTC
TRIGGER:schedule
