---METADATA---
HTTP_STATUS:200
TIME_TOTAL:3.554904
TIME_CONNECT:0.332502
SIZE_DOWNLOAD:1291
TIMESTAMP:2025-08-16 17:34:57 UTC
TRIGGER:schedule
