---METADATA---
HTTP_STATUS:200
TIME_TOTAL:3.613803
TIME_CONNECT:0.286117
SIZE_DOWNLOAD:1291
TIMESTAMP:2025-08-16 14:19:28 UTC
TRIGGER:schedule
