---METADATA---
HTTP_STATUS:200
TIME_TOTAL:3.679107
TIME_CONNECT:0.290937
SIZE_DOWNLOAD:1292
TIMESTAMP:2025-08-16 08:44:09 UTC
TRIGGER:schedule
