---METADATA---
HTTP_STATUS:200
TIME_TOTAL:3.494618
TIME_CONNECT:0.250931
SIZE_DOWNLOAD:1291
TIMESTAMP:2025-08-16 16:51:33 UTC
TRIGGER:schedule
