---METADATA---
HTTP_STATUS:200
TIME_TOTAL:1.086740
TIME_CONNECT:0.232705
SIZE_DOWNLOAD:1291
TIMESTAMP:2025-08-16 19:34:52 UTC
TRIGGER:schedule
