---METADATA---
HTTP_STATUS:200
TIME_TOTAL:3.524452
TIME_CONNECT:0.306122
SIZE_DOWNLOAD:1291
TIMESTAMP:2025-08-16 18:45:37 UTC
TRIGGER:schedule
