---METADATA---
HTTP_STATUS:200
TIME_TOTAL:3.511727
TIME_CONNECT:0.284776
SIZE_DOWNLOAD:1291
TIMESTAMP:2025-08-16 20:14:06 UTC
TRIGGER:schedule
