---METADATA---
HTTP_STATUS:200
TIME_TOTAL:3.492252
TIME_CONNECT:0.283532
SIZE_DOWNLOAD:1291
TIMESTAMP:2025-08-16 23:56:50 UTC
TRIGGER:schedule
