---METADATA---
HTTP_STATUS:200
TIME_TOTAL:3.502848
TIME_CONNECT:0.262345
SIZE_DOWNLOAD:1292
TIMESTAMP:2025-08-16 07:39:04 UTC
TRIGGER:schedule
