---METADATA---
HTTP_STATUS:200
TIME_TOTAL:3.432522
TIME_CONNECT:0.282220
SIZE_DOWNLOAD:1305
TIMESTAMP:2025-08-16 12:26:29 UTC
TRIGGER:schedule
