---METADATA---
HTTP_STATUS:200
TIME_TOTAL:3.522693
TIME_CONNECT:0.272150
SIZE_DOWNLOAD:1291
TIMESTAMP:2025-08-16 21:48:10 UTC
TRIGGER:schedule
