---METADATA---
HTTP_STATUS:200
TIME_TOTAL:1.016447
TIME_CONNECT:0.281745
SIZE_DOWNLOAD:1306
TIMESTAMP:2025-08-16 09:31:10 UTC
TRIGGER:schedule
