---METADATA---
HTTP_STATUS:200
TIME_TOTAL:3.346966
TIME_CONNECT:0.268941
SIZE_DOWNLOAD:1291
TIMESTAMP:2025-08-16 22:32:49 UTC
TRIGGER:schedule
