---METADATA---
HTTP_STATUS:200
TIME_TOTAL:3.365250
TIME_CONNECT:0.283404
SIZE_DOWNLOAD:1292
TIMESTAMP:2025-08-16 05:48:57 UTC
TRIGGER:schedule
