---METADATA---
HTTP_STATUS:200
TIME_TOTAL:1.006546
TIME_CONNECT:0.293641
SIZE_DOWNLOAD:1291
TIMESTAMP:2025-08-16 15:48:18 UTC
TRIGGER:schedule
