---METADATA---
HTTP_STATUS:200
TIME_TOTAL:3.474410
TIME_CONNECT:0.268121
SIZE_DOWNLOAD:1294
TIMESTAMP:2025-08-16 05:13:32 UTC
TRIGGER:schedule
