---METADATA---
HTTP_STATUS:200
TIME_TOTAL:3.601991
TIME_CONNECT:0.360740
SIZE_DOWNLOAD:1292
TIMESTAMP:2025-08-16 05:33:31 UTC
TRIGGER:schedule
