---METADATA---
HTTP_STATUS:200
TIME_TOTAL:3.587530
TIME_CONNECT:0.237329
SIZE_DOWNLOAD:1291
TIMESTAMP:2025-08-16 14:48:17 UTC
TRIGGER:schedule
