---METADATA---
HTTP_STATUS:200
TIME_TOTAL:3.519554
TIME_CONNECT:0.279588
SIZE_DOWNLOAD:1292
TIMESTAMP:2025-08-16 13:17:19 UTC
TRIGGER:schedule
