---METADATA---
HTTP_STATUS:200
TIME_TOTAL:3.462453
TIME_CONNECT:0.242125
SIZE_DOWNLOAD:1305
TIMESTAMP:2025-08-16 11:39:16 UTC
TRIGGER:schedule
