---METADATA---
HTTP_STATUS:200
TIME_TOTAL:3.586936
TIME_CONNECT:0.307593
SIZE_DOWNLOAD:1291
TIMESTAMP:2025-08-16 19:17:47 UTC
TRIGGER:schedule
