---METADATA---
HTTP_STATUS:200
TIME_TOTAL:1.160875
TIME_CONNECT:0.329623
SIZE_DOWNLOAD:1291
TIMESTAMP:2025-08-16 13:39:33 UTC
TRIGGER:schedule
