---METADATA---
HTTP_STATUS:200
TIME_TOTAL:1.046244
TIME_CONNECT:0.293469
SIZE_DOWNLOAD:1291
TIMESTAMP:2025-08-16 23:40:31 UTC
TRIGGER:schedule
