---METADATA---
HTTP_STATUS:200
TIME_TOTAL:3.419189
TIME_CONNECT:0.240883
SIZE_DOWNLOAD:1305
TIMESTAMP:2025-08-16 02:50:53 UTC
TRIGGER:schedule
