---METADATA---
HTTP_STATUS:200
TIME_TOTAL:3.341598
TIME_CONNECT:0.220766
SIZE_DOWNLOAD:1306
TIMESTAMP:2025-08-16 10:13:03 UTC
TRIGGER:schedule
