---METADATA---
HTTP_STATUS:200
TIME_TOTAL:3.646071
TIME_CONNECT:0.276447
SIZE_DOWNLOAD:1290
TIMESTAMP:2025-08-16 05:43:12 UTC
TRIGGER:schedule
