---METADATA---
HTTP_STATUS:200
TIME_TOTAL:3.572120
TIME_CONNECT:0.267074
SIZE_DOWNLOAD:1291
TIMESTAMP:2025-08-16 16:53:30 UTC
TRIGGER:schedule
