---METADATA---
HTTP_STATUS:200
TIME_TOTAL:3.531580
TIME_CONNECT:0.282615
SIZE_DOWNLOAD:1305
TIMESTAMP:2025-08-16 08:28:39 UTC
TRIGGER:schedule
