---METADATA---
HTTP_STATUS:200
TIME_TOTAL:3.341076
TIME_CONNECT:0.235496
SIZE_DOWNLOAD:1294
TIMESTAMP:2025-08-16 01:07:33 UTC
TRIGGER:schedule
