---METADATA---
HTTP_STATUS:200
TIME_TOTAL:3.571833
TIME_CONNECT:0.294367
SIZE_DOWNLOAD:1291
TIMESTAMP:2025-08-16 23:23:56 UTC
TRIGGER:schedule
