---METADATA---
HTTP_STATUS:200
TIME_TOTAL:3.431624
TIME_CONNECT:0.223858
SIZE_DOWNLOAD:1291
TIMESTAMP:2025-08-16 19:56:49 UTC
TRIGGER:schedule
