---METADATA---
HTTP_STATUS:200
TIME_TOTAL:4.017809
TIME_CONNECT:0.282510
SIZE_DOWNLOAD:1291
TIMESTAMP:2025-08-16 19:48:18 UTC
TRIGGER:schedule
