---METADATA---
HTTP_STATUS:200
TIME_TOTAL:3.504275
TIME_CONNECT:0.287262
SIZE_DOWNLOAD:1294
TIMESTAMP:2025-08-16 07:48:07 UTC
TRIGGER:schedule
