---METADATA---
HTTP_STATUS:200
TIME_TOTAL:3.582114
TIME_CONNECT:0.281446
SIZE_DOWNLOAD:1305
TIMESTAMP:2025-08-16 11:20:22 UTC
TRIGGER:schedule
