---METADATA---
HTTP_STATUS:200
TIME_TOTAL:3.639938
TIME_CONNECT:0.291694
SIZE_DOWNLOAD:1291
TIMESTAMP:2025-08-16 20:57:02 UTC
TRIGGER:schedule
