---METADATA---
HTTP_STATUS:200
TIME_TOTAL:3.451200
TIME_CONNECT:0.272409
SIZE_DOWNLOAD:1291
TIMESTAMP:2025-08-16 15:47:22 UTC
TRIGGER:schedule
