---METADATA---
HTTP_STATUS:200
TIME_TOTAL:3.586434
TIME_CONNECT:0.290322
SIZE_DOWNLOAD:1291
TIMESTAMP:2025-08-16 17:11:21 UTC
TRIGGER:schedule
