---METADATA---
HTTP_STATUS:200
TIME_TOTAL:3.535263
TIME_CONNECT:0.272417
SIZE_DOWNLOAD:1306
TIMESTAMP:2025-08-16 08:54:52 UTC
TRIGGER:schedule
