---METADATA---
HTTP_STATUS:200
TIME_TOTAL:3.755324
TIME_CONNECT:0.281646
SIZE_DOWNLOAD:1305
TIMESTAMP:2025-08-16 12:45:04 UTC
TRIGGER:schedule
