---METADATA---
HTTP_STATUS:200
TIME_TOTAL:3.476733
TIME_CONNECT:0.282558
SIZE_DOWNLOAD:1291
TIMESTAMP:2025-08-16 21:51:50 UTC
TRIGGER:schedule
