---METADATA---
HTTP_STATUS:200
TIME_TOTAL:1.180342
TIME_CONNECT:0.274071
SIZE_DOWNLOAD:1291
TIMESTAMP:2025-08-16 23:28:39 UTC
TRIGGER:schedule
