---METADATA---
HTTP_STATUS:200
TIME_TOTAL:3.658710
TIME_CONNECT:0.263148
SIZE_DOWNLOAD:1291
TIMESTAMP:2025-08-16 17:47:00 UTC
TRIGGER:schedule
