---METADATA---
HTTP_STATUS:200
TIME_TOTAL:3.628407
TIME_CONNECT:0.259954
SIZE_DOWNLOAD:1291
TIMESTAMP:2025-08-16 15:59:25 UTC
TRIGGER:schedule
