---METADATA---
HTTP_STATUS:200
TIME_TOTAL:3.257228
TIME_CONNECT:0.215337
SIZE_DOWNLOAD:1291
TIMESTAMP:2025-08-16 23:12:35 UTC
TRIGGER:schedule
