---METADATA---
HTTP_STATUS:200
TIME_TOTAL:3.504205
TIME_CONNECT:0.283739
SIZE_DOWNLOAD:1291
TIMESTAMP:2025-08-16 20:48:46 UTC
TRIGGER:schedule
