---METADATA---
HTTP_STATUS:200
TIME_TOTAL:3.099116
TIME_CONNECT:0.274019
SIZE_DOWNLOAD:1291
TIMESTAMP:2025-08-16 16:32:21 UTC
TRIGGER:schedule
