---METADATA---
HTTP_STATUS:200
TIME_TOTAL:1.090633
TIME_CONNECT:0.235250
SIZE_DOWNLOAD:1306
TIMESTAMP:2025-08-16 09:13:55 UTC
TRIGGER:schedule
