---METADATA---
HTTP_STATUS:200
TIME_TOTAL:3.414001
TIME_CONNECT:0.294996
SIZE_DOWNLOAD:1291
TIMESTAMP:2025-08-16 14:11:54 UTC
TRIGGER:schedule
