---METADATA---
HTTP_STATUS:200
TIME_TOTAL:3.478136
TIME_CONNECT:0.241151
SIZE_DOWNLOAD:1291
TIMESTAMP:2025-08-16 16:43:05 UTC
TRIGGER:schedule
