---METADATA---
HTTP_STATUS:200
TIME_TOTAL:1.054312
TIME_CONNECT:0.267681
SIZE_DOWNLOAD:1291
TIMESTAMP:2025-08-16 14:49:41 UTC
TRIGGER:schedule
