---METADATA---
HTTP_STATUS:200
TIME_TOTAL:3.481696
TIME_CONNECT:0.250620
SIZE_DOWNLOAD:1306
TIMESTAMP:2025-08-16 11:11:00 UTC
TRIGGER:schedule
