---METADATA---
HTTP_STATUS:200
TIME_TOTAL:3.616777
TIME_CONNECT:0.285201
SIZE_DOWNLOAD:1305
TIMESTAMP:2025-08-16 03:57:55 UTC
TRIGGER:schedule
