---METADATA---
HTTP_STATUS:200
TIME_TOTAL:3.543134
TIME_CONNECT:0.247790
SIZE_DOWNLOAD:1306
TIMESTAMP:2025-08-16 07:51:31 UTC
TRIGGER:schedule
