---METADATA---
HTTP_STATUS:200
TIME_TOTAL:3.370267
TIME_CONNECT:0.277692
SIZE_DOWNLOAD:1293
TIMESTAMP:2025-07-31 15:44:11 UTC
TRIGGER:schedule
