---METADATA---
HTTP_STATUS:200
TIME_TOTAL:3.606408
TIME_CONNECT:0.278532
SIZE_DOWNLOAD:1309
TIMESTAMP:2025-07-31 03:46:54 UTC
TRIGGER:schedule
