---METADATA---
HTTP_STATUS:200
TIME_TOTAL:3.487435
TIME_CONNECT:0.291610
SIZE_DOWNLOAD:1293
TIMESTAMP:2025-07-31 22:40:13 UTC
TRIGGER:schedule
