---METADATA---
HTTP_STATUS:200
TIME_TOTAL:3.469123
TIME_CONNECT:0.280255
SIZE_DOWNLOAD:1293
TIMESTAMP:2025-07-31 18:53:19 UTC
TRIGGER:schedule
