---METADATA---
HTTP_STATUS:200
TIME_TOTAL:1.199732
TIME_CONNECT:0.286417
SIZE_DOWNLOAD:1309
TIMESTAMP:2025-07-31 05:04:12 UTC
TRIGGER:schedule
