---METADATA---
HTTP_STATUS:200
TIME_TOTAL:3.505569
TIME_CONNECT:0.275815
SIZE_DOWNLOAD:1294
TIMESTAMP:2025-07-31 09:00:39 UTC
TRIGGER:schedule
