---METADATA---
HTTP_STATUS:200
TIME_TOTAL:3.351298
TIME_CONNECT:0.283632
SIZE_DOWNLOAD:1293
TIMESTAMP:2025-07-31 21:24:22 UTC
TRIGGER:schedule
