---METADATA---
HTTP_STATUS:200
TIME_TOTAL:3.392213
TIME_CONNECT:0.228414
SIZE_DOWNLOAD:1309
TIMESTAMP:2025-07-31 04:31:16 UTC
TRIGGER:schedule
