---METADATA---
HTTP_STATUS:200
TIME_TOTAL:3.453615
TIME_CONNECT:0.292168
SIZE_DOWNLOAD:1309
TIMESTAMP:2025-07-31 05:59:11 UTC
TRIGGER:schedule
