---METADATA---
HTTP_STATUS:200
TIME_TOTAL:3.513914
TIME_CONNECT:0.278380
SIZE_DOWNLOAD:1309
TIMESTAMP:2025-07-31 06:23:07 UTC
TRIGGER:schedule
