---METADATA---
HTTP_STATUS:200
TIME_TOTAL:3.521754
TIME_CONNECT:0.266061
SIZE_DOWNLOAD:1294
TIMESTAMP:2025-07-31 11:56:47 UTC
TRIGGER:schedule
