---METADATA---
HTTP_STATUS:200
TIME_TOTAL:3.576707
TIME_CONNECT:0.262367
SIZE_DOWNLOAD:1309
TIMESTAMP:2025-07-31 03:16:55 UTC
TRIGGER:schedule
