---METADATA---
HTTP_STATUS:200
TIME_TOTAL:3.577797
TIME_CONNECT:0.326983
SIZE_DOWNLOAD:1305
TIMESTAMP:2025-07-31 07:57:07 UTC
TRIGGER:schedule
