---METADATA---
HTTP_STATUS:200
TIME_TOTAL:3.498224
TIME_CONNECT:0.278515
SIZE_DOWNLOAD:1293
TIMESTAMP:2025-07-31 22:53:32 UTC
TRIGGER:schedule
