---METADATA---
HTTP_STATUS:200
TIME_TOTAL:3.485913
TIME_CONNECT:0.284424
SIZE_DOWNLOAD:1293
TIMESTAMP:2025-07-31 15:33:16 UTC
TRIGGER:schedule
