---METADATA---
HTTP_STATUS:200
TIME_TOTAL:3.404537
TIME_CONNECT:0.240184
SIZE_DOWNLOAD:1293
TIMESTAMP:2025-07-31 17:49:16 UTC
TRIGGER:schedule
