---METADATA---
HTTP_STATUS:200
TIME_TOTAL:3.478832
TIME_CONNECT:0.350310
SIZE_DOWNLOAD:1293
TIMESTAMP:2025-07-31 20:53:16 UTC
TRIGGER:schedule
