---METADATA---
HTTP_STATUS:200
TIME_TOTAL:3.837675
TIME_CONNECT:0.270918
SIZE_DOWNLOAD:1294
TIMESTAMP:2025-07-31 10:28:12 UTC
TRIGGER:schedule
