---METADATA---
HTTP_STATUS:200
TIME_TOTAL:3.500163
TIME_CONNECT:0.241252
SIZE_DOWNLOAD:1294
TIMESTAMP:2025-07-31 07:52:55 UTC
TRIGGER:schedule
