---METADATA---
HTTP_STATUS:200
TIME_TOTAL:3.483055
TIME_CONNECT:0.277551
SIZE_DOWNLOAD:1306
TIMESTAMP:2025-07-31 09:46:33 UTC
TRIGGER:schedule
