---METADATA---
HTTP_STATUS:200
TIME_TOTAL:3.605047
TIME_CONNECT:0.295461
SIZE_DOWNLOAD:1294
TIMESTAMP:2025-07-31 11:50:08 UTC
TRIGGER:schedule
