---METADATA---
HTTP_STATUS:200
TIME_TOTAL:3.352666
TIME_CONNECT:0.291632
SIZE_DOWNLOAD:1293
TIMESTAMP:2025-07-31 17:43:36 UTC
TRIGGER:schedule
