---METADATA---
HTTP_STATUS:200
TIME_TOTAL:3.391412
TIME_CONNECT:0.278410
SIZE_DOWNLOAD:1293
TIMESTAMP:2025-07-31 16:25:24 UTC
TRIGGER:schedule
