---METADATA---
HTTP_STATUS:200
TIME_TOTAL:3.475449
TIME_CONNECT:0.272556
SIZE_DOWNLOAD:1293
TIMESTAMP:2025-07-31 19:56:53 UTC
TRIGGER:schedule
