---METADATA---
HTTP_STATUS:200
TIME_TOTAL:3.422345
TIME_CONNECT:0.278387
SIZE_DOWNLOAD:1294
TIMESTAMP:2025-07-31 10:16:28 UTC
TRIGGER:schedule
