---METADATA---
HTTP_STATUS:200
TIME_TOTAL:3.393863
TIME_CONNECT:0.275668
SIZE_DOWNLOAD:1293
TIMESTAMP:2025-07-31 19:41:15 UTC
TRIGGER:schedule
