---METADATA---
HTTP_STATUS:200
TIME_TOTAL:3.347626
TIME_CONNECT:0.226672
SIZE_DOWNLOAD:1293
TIMESTAMP:2025-07-31 19:20:55 UTC
TRIGGER:schedule
