---METADATA---
HTTP_STATUS:200
TIME_TOTAL:3.333082
TIME_CONNECT:0.284102
SIZE_DOWNLOAD:1294
TIMESTAMP:2025-07-31 10:47:26 UTC
TRIGGER:schedule
