---METADATA---
HTTP_STATUS:200
TIME_TOTAL:3.710448
TIME_CONNECT:0.278655
SIZE_DOWNLOAD:1293
TIMESTAMP:2025-07-31 16:58:20 UTC
TRIGGER:schedule
