---METADATA---
HTTP_STATUS:200
TIME_TOTAL:3.490671
TIME_CONNECT:0.271717
SIZE_DOWNLOAD:1305
TIMESTAMP:2025-07-31 07:13:02 UTC
TRIGGER:schedule
