---METADATA---
HTTP_STATUS:200
TIME_TOTAL:3.487508
TIME_CONNECT:0.285843
SIZE_DOWNLOAD:1293
TIMESTAMP:2025-07-31 20:43:43 UTC
TRIGGER:schedule
