---METADATA---
HTTP_STATUS:200
TIME_TOTAL:3.489303
TIME_CONNECT:0.268119
SIZE_DOWNLOAD:1293
TIMESTAMP:2025-07-31 22:49:54 UTC
TRIGGER:schedule
