---METADATA---
HTTP_STATUS:200
TIME_TOTAL:3.525490
TIME_CONNECT:0.279971
SIZE_DOWNLOAD:1295
TIMESTAMP:2025-07-31 12:30:04 UTC
TRIGGER:schedule
