---METADATA---
HTTP_STATUS:200
TIME_TOTAL:3.675159
TIME_CONNECT:0.276941
SIZE_DOWNLOAD:1292
TIMESTAMP:2025-07-31 08:21:10 UTC
TRIGGER:schedule
