---METADATA---
HTTP_STATUS:200
TIME_TOTAL:3.440880
TIME_CONNECT:0.237750
SIZE_DOWNLOAD:1293
TIMESTAMP:2025-07-31 19:15:05 UTC
TRIGGER:schedule
