---METADATA---
HTTP_STATUS:200
TIME_TOTAL:3.533975
TIME_CONNECT:0.281080
SIZE_DOWNLOAD:1293
TIMESTAMP:2025-07-31 18:15:09 UTC
TRIGGER:schedule
