---METADATA---
HTTP_STATUS:200
TIME_TOTAL:3.546702
TIME_CONNECT:0.290596
SIZE_DOWNLOAD:1293
TIMESTAMP:2025-07-31 17:29:35 UTC
TRIGGER:schedule
