---METADATA---
HTTP_STATUS:200
TIME_TOTAL:3.413975
TIME_CONNECT:0.285302
SIZE_DOWNLOAD:1293
TIMESTAMP:2025-07-31 23:50:45 UTC
TRIGGER:schedule
