---METADATA---
HTTP_STATUS:200
TIME_TOTAL:3.463928
TIME_CONNECT:0.281527
SIZE_DOWNLOAD:1293
TIMESTAMP:2025-07-31 18:22:18 UTC
TRIGGER:schedule
