---METADATA---
HTTP_STATUS:200
TIME_TOTAL:3.402719
TIME_CONNECT:0.278945
SIZE_DOWNLOAD:1293
TIMESTAMP:2025-07-31 14:43:57 UTC
TRIGGER:schedule
