---METADATA---
HTTP_STATUS:200
TIME_TOTAL:3.570985
TIME_CONNECT:0.278709
SIZE_DOWNLOAD:1293
TIMESTAMP:2025-07-31 14:10:32 UTC
TRIGGER:schedule
