---METADATA---
HTTP_STATUS:200
TIME_TOTAL:3.569081
TIME_CONNECT:0.274147
SIZE_DOWNLOAD:1293
TIMESTAMP:2025-07-31 16:51:04 UTC
TRIGGER:schedule
