---METADATA---
HTTP_STATUS:200
TIME_TOTAL:3.426791
TIME_CONNECT:0.241792
SIZE_DOWNLOAD:1293
TIMESTAMP:2025-07-31 14:17:00 UTC
TRIGGER:schedule
