---METADATA---
HTTP_STATUS:200
TIME_TOTAL:3.596428
TIME_CONNECT:0.268362
SIZE_DOWNLOAD:1293
TIMESTAMP:2025-07-31 19:48:48 UTC
TRIGGER:schedule
