---METADATA---
HTTP_STATUS:200
TIME_TOTAL:3.411046
TIME_CONNECT:0.278347
SIZE_DOWNLOAD:1293
TIMESTAMP:2025-07-31 21:51:58 UTC
TRIGGER:schedule
