---METADATA---
HTTP_STATUS:200
TIME_TOTAL:1.148695
TIME_CONNECT:0.270564
SIZE_DOWNLOAD:1293
TIMESTAMP:2025-07-31 21:57:00 UTC
TRIGGER:schedule
