---METADATA---
HTTP_STATUS:200
TIME_TOTAL:3.364885
TIME_CONNECT:0.281428
SIZE_DOWNLOAD:1294
TIMESTAMP:2025-07-31 07:19:20 UTC
TRIGGER:schedule
