---METADATA---
HTTP_STATUS:200
TIME_TOTAL:3.542448
TIME_CONNECT:0.278536
SIZE_DOWNLOAD:1292
TIMESTAMP:2025-07-31 08:51:02 UTC
TRIGGER:schedule
