---METADATA---
HTTP_STATUS:200
TIME_TOTAL:3.315109
TIME_CONNECT:0.227433
SIZE_DOWNLOAD:1306
TIMESTAMP:2025-07-31 09:20:58 UTC
TRIGGER:schedule
