---METADATA---
HTTP_STATUS:200
TIME_TOTAL:3.444093
TIME_CONNECT:0.277973
SIZE_DOWNLOAD:1309
TIMESTAMP:2025-07-31 04:24:40 UTC
TRIGGER:schedule
