---METADATA---
HTTP_STATUS:200
TIME_TOTAL:3.394769
TIME_CONNECT:0.281985
SIZE_DOWNLOAD:1307
TIMESTAMP:2025-07-31 01:15:14 UTC
TRIGGER:schedule
