---METADATA---
HTTP_STATUS:200
TIME_TOTAL:3.448916
TIME_CONNECT:0.293520
SIZE_DOWNLOAD:1294
TIMESTAMP:2025-07-31 11:31:15 UTC
TRIGGER:schedule
