---METADATA---
HTTP_STATUS:200
TIME_TOTAL:0.962918
TIME_CONNECT:0.230592
SIZE_DOWNLOAD:1293
TIMESTAMP:2025-07-31 23:51:01 UTC
TRIGGER:schedule
