---METADATA---
HTTP_STATUS:200
TIME_TOTAL:1.147968
TIME_CONNECT:0.273541
SIZE_DOWNLOAD:1294
TIMESTAMP:2025-07-31 10:51:48 UTC
TRIGGER:schedule
