---METADATA---
HTTP_STATUS:200
TIME_TOTAL:3.499719
TIME_CONNECT:0.270890
SIZE_DOWNLOAD:1294
TIMESTAMP:2025-07-31 11:21:58 UTC
TRIGGER:schedule
