---METADATA---
HTTP_STATUS:200
TIME_TOTAL:3.255650
TIME_CONNECT:0.211559
SIZE_DOWNLOAD:1293
TIMESTAMP:2025-07-31 21:40:46 UTC
TRIGGER:schedule
