---METADATA---
HTTP_STATUS:200
TIME_TOTAL:3.423595
TIME_CONNECT:0.268540
SIZE_DOWNLOAD:1293
TIMESTAMP:2025-07-31 21:15:13 UTC
TRIGGER:schedule
