---METADATA---
HTTP_STATUS:200
TIME_TOTAL:3.430045
TIME_CONNECT:0.290874
SIZE_DOWNLOAD:1293
TIMESTAMP:2025-07-31 20:55:33 UTC
TRIGGER:schedule
