---METADATA---
HTTP_STATUS:200
TIME_TOTAL:3.570987
TIME_CONNECT:0.272518
SIZE_DOWNLOAD:1293
TIMESTAMP:2025-07-31 14:46:58 UTC
TRIGGER:schedule
