---METADATA---
HTTP_STATUS:200
TIME_TOTAL:3.502236
TIME_CONNECT:0.324343
SIZE_DOWNLOAD:1293
TIMESTAMP:2025-07-31 21:44:38 UTC
TRIGGER:schedule
