---METADATA---
HTTP_STATUS:200
TIME_TOTAL:3.419698
TIME_CONNECT:0.296695
SIZE_DOWNLOAD:1294
TIMESTAMP:2025-07-31 12:59:49 UTC
TRIGGER:schedule
