---METADATA---
HTTP_STATUS:200
TIME_TOTAL:3.425829
TIME_CONNECT:0.269217
SIZE_DOWNLOAD:1293
TIMESTAMP:2025-07-31 19:31:15 UTC
TRIGGER:schedule
