---METADATA---
HTTP_STATUS:200
TIME_TOTAL:3.511466
TIME_CONNECT:0.345815
SIZE_DOWNLOAD:1293
TIMESTAMP:2025-07-31 17:16:30 UTC
TRIGGER:schedule
