---METADATA---
HTTP_STATUS:200
TIME_TOTAL:3.394023
TIME_CONNECT:0.274781
SIZE_DOWNLOAD:1293
TIMESTAMP:2025-07-31 23:14:39 UTC
TRIGGER:schedule
