---METADATA---
HTTP_STATUS:200
TIME_TOTAL:3.432658
TIME_CONNECT:0.238209
SIZE_DOWNLOAD:1294
TIMESTAMP:2025-07-31 11:43:22 UTC
TRIGGER:schedule
