---METADATA---
HTTP_STATUS:200
TIME_TOTAL:3.645680
TIME_CONNECT:0.368206
SIZE_DOWNLOAD:1293
TIMESTAMP:2025-07-31 15:53:24 UTC
TRIGGER:schedule
