---METADATA---
HTTP_STATUS:200
TIME_TOTAL:3.556271
TIME_CONNECT:0.229057
SIZE_DOWNLOAD:1309
TIMESTAMP:2025-07-31 05:51:38 UTC
TRIGGER:schedule
