---METADATA---
HTTP_STATUS:200
TIME_TOTAL:3.551760
TIME_CONNECT:0.272869
SIZE_DOWNLOAD:1293
TIMESTAMP:2025-07-31 23:33:25 UTC
TRIGGER:schedule
