---METADATA---
HTTP_STATUS:200
TIME_TOTAL:3.315395
TIME_CONNECT:0.287146
SIZE_DOWNLOAD:1292
TIMESTAMP:2025-07-31 08:39:12 UTC
TRIGGER:schedule
