---METADATA---
HTTP_STATUS:200
TIME_TOTAL:3.315202
TIME_CONNECT:0.234303
SIZE_DOWNLOAD:1309
TIMESTAMP:2025-07-31 02:06:27 UTC
TRIGGER:schedule
