---METADATA---
HTTP_STATUS:200
TIME_TOTAL:3.555660
TIME_CONNECT:0.262377
SIZE_DOWNLOAD:1293
TIMESTAMP:2025-07-31 18:50:13 UTC
TRIGGER:schedule
