---METADATA---
HTTP_STATUS:200
TIME_TOTAL:3.506850
TIME_CONNECT:0.281676
SIZE_DOWNLOAD:1293
TIMESTAMP:2025-07-31 16:32:30 UTC
TRIGGER:schedule
