---METADATA---
HTTP_STATUS:200
TIME_TOTAL:3.661434
TIME_CONNECT:0.292848
SIZE_DOWNLOAD:1294
TIMESTAMP:2025-07-31 07:40:13 UTC
TRIGGER:schedule
