---METADATA---
HTTP_STATUS:200
TIME_TOTAL:3.511121
TIME_CONNECT:0.304185
SIZE_DOWNLOAD:1309
TIMESTAMP:2025-07-31 05:43:33 UTC
TRIGGER:schedule
