---METADATA---
HTTP_STATUS:200
TIME_TOTAL:3.623958
TIME_CONNECT:0.264723
SIZE_DOWNLOAD:1298
TIMESTAMP:2025-07-31 06:46:32 UTC
TRIGGER:schedule
