---METADATA---
HTTP_STATUS:200
TIME_TOTAL:3.541486
TIME_CONNECT:0.281644
SIZE_DOWNLOAD:1294
TIMESTAMP:2025-07-31 11:13:27 UTC
TRIGGER:schedule
