---METADATA---
HTTP_STATUS:200
TIME_TOTAL:3.397327
TIME_CONNECT:0.279598
SIZE_DOWNLOAD:1293
TIMESTAMP:2025-07-31 20:32:13 UTC
TRIGGER:schedule
