---METADATA---
HTTP_STATUS:200
TIME_TOTAL:3.525904
TIME_CONNECT:0.302088
SIZE_DOWNLOAD:1307
TIMESTAMP:2025-07-31 13:21:11 UTC
TRIGGER:schedule
