---METADATA---
HTTP_STATUS:200
TIME_TOTAL:3.393837
TIME_CONNECT:0.276467
SIZE_DOWNLOAD:1293
TIMESTAMP:2025-07-31 15:16:12 UTC
TRIGGER:schedule
