---METADATA---
HTTP_STATUS:200
TIME_TOTAL:1.029787
TIME_CONNECT:0.275486
SIZE_DOWNLOAD:1293
TIMESTAMP:2025-07-31 23:36:29 UTC
TRIGGER:schedule
