---METADATA---
HTTP_STATUS:200
TIME_TOTAL:3.447997
TIME_CONNECT:0.287799
SIZE_DOWNLOAD:1293
TIMESTAMP:2025-07-31 22:28:56 UTC
TRIGGER:schedule
