---METADATA---
HTTP_STATUS:200
TIME_TOTAL:3.436184
TIME_CONNECT:0.274851
SIZE_DOWNLOAD:1311
TIMESTAMP:2025-07-31 09:55:11 UTC
TRIGGER:schedule
