---METADATA---
HTTP_STATUS:200
TIME_TOTAL:3.725581
TIME_CONNECT:0.296884
SIZE_DOWNLOAD:1309
TIMESTAMP:2025-07-31 05:29:18 UTC
TRIGGER:schedule
