---METADATA---
HTTP_STATUS:200
TIME_TOTAL:3.481282
TIME_CONNECT:0.297425
SIZE_DOWNLOAD:1309
TIMESTAMP:2025-07-31 04:58:41 UTC
TRIGGER:schedule
