---METADATA---
HTTP_STATUS:200
TIME_TOTAL:3.524820
TIME_CONNECT:0.276708
SIZE_DOWNLOAD:1293
TIMESTAMP:2025-07-31 20:16:32 UTC
TRIGGER:schedule
