---METADATA---
HTTP_STATUS:200
TIME_TOTAL:3.525639
TIME_CONNECT:0.279088
SIZE_DOWNLOAD:1293
TIMESTAMP:2025-07-31 13:54:59 UTC
TRIGGER:schedule
