---METADATA---
HTTP_STATUS:200
TIME_TOTAL:3.348379
TIME_CONNECT:0.274894
SIZE_DOWNLOAD:1296
TIMESTAMP:2025-07-31 06:55:04 UTC
TRIGGER:schedule
