---METADATA---
HTTP_STATUS:200
TIME_TOTAL:3.605819
TIME_CONNECT:0.288270
SIZE_DOWNLOAD:1306
TIMESTAMP:2025-07-31 09:38:17 UTC
TRIGGER:schedule
