---METADATA---
HTTP_STATUS:200
TIME_TOTAL:3.252223
TIME_CONNECT:0.268797
SIZE_DOWNLOAD:1293
TIMESTAMP:2025-07-31 23:11:35 UTC
TRIGGER:schedule
