---METADATA---
HTTP_STATUS:200
TIME_TOTAL:1.084631
TIME_CONNECT:0.241095
SIZE_DOWNLOAD:1294
TIMESTAMP:2025-07-31 07:43:05 UTC
TRIGGER:schedule
