---METADATA---
HTTP_STATUS:200
TIME_TOTAL:3.572946
TIME_CONNECT:0.266904
SIZE_DOWNLOAD:1293
TIMESTAMP:2025-07-31 14:59:33 UTC
TRIGGER:schedule
