---METADATA---
HTTP_STATUS:200
TIME_TOTAL:3.366405
TIME_CONNECT:0.275418
SIZE_DOWNLOAD:1293
TIMESTAMP:2025-07-31 17:53:54 UTC
TRIGGER:schedule
