---METADATA---
HTTP_STATUS:200
TIME_TOTAL:3.606205
TIME_CONNECT:0.270340
SIZE_DOWNLOAD:1291
TIMESTAMP:2025-07-31 13:47:05 UTC
TRIGGER:schedule
