---METADATA---
HTTP_STATUS:200
TIME_TOTAL:1.104609
TIME_CONNECT:0.268987
SIZE_DOWNLOAD:1293
TIMESTAMP:2025-07-31 15:57:04 UTC
TRIGGER:schedule
