---METADATA---
HTTP_STATUS:200
TIME_TOTAL:3.506721
TIME_CONNECT:0.273198
SIZE_DOWNLOAD:1293
TIMESTAMP:2025-07-31 22:14:34 UTC
TRIGGER:schedule
