---METADATA---
HTTP_STATUS:200
TIME_TOTAL:3.377486
TIME_CONNECT:0.241637
SIZE_DOWNLOAD:1304
TIMESTAMP:2025-06-04 20:48:22 UTC
TRIGGER:schedule
