---METADATA---
HTTP_STATUS:200
TIME_TOTAL:3.415112
TIME_CONNECT:0.299727
SIZE_DOWNLOAD:1304
TIMESTAMP:2025-06-04 15:01:43 UTC
TRIGGER:schedule
