---METADATA---
HTTP_STATUS:200
TIME_TOTAL:3.526317
TIME_CONNECT:0.245986
SIZE_DOWNLOAD:1304
TIMESTAMP:2025-06-04 23:13:14 UTC
TRIGGER:schedule
