---METADATA---
HTTP_STATUS:200
TIME_TOTAL:3.445495
TIME_CONNECT:0.300820
SIZE_DOWNLOAD:1304
TIMESTAMP:2025-06-04 18:54:52 UTC
TRIGGER:schedule
