---METADATA---
HTTP_STATUS:200
TIME_TOTAL:3.485331
TIME_CONNECT:0.243741
SIZE_DOWNLOAD:1304
TIMESTAMP:2025-06-04 14:48:59 UTC
TRIGGER:schedule
