---METADATA---
HTTP_STATUS:200
TIME_TOTAL:3.652624
TIME_CONNECT:0.315736
SIZE_DOWNLOAD:1307
TIMESTAMP:2025-06-04 06:51:19 UTC
TRIGGER:schedule
