---METADATA---
HTTP_STATUS:200
TIME_TOTAL:3.656745
TIME_CONNECT:0.294594
SIZE_DOWNLOAD:1307
TIMESTAMP:2025-06-04 06:49:05 UTC
TRIGGER:schedule
