---METADATA---
HTTP_STATUS:200
TIME_TOTAL:3.388838
TIME_CONNECT:0.309660
SIZE_DOWNLOAD:1307
TIMESTAMP:2025-06-04 13:09:21 UTC
TRIGGER:schedule
