---METADATA---
HTTP_STATUS:200
TIME_TOTAL:3.433401
TIME_CONNECT:0.229015
SIZE_DOWNLOAD:1304
TIMESTAMP:2025-06-04 21:29:46 UTC
TRIGGER:schedule
