---METADATA---
HTTP_STATUS:200
TIME_TOTAL:3.442204
TIME_CONNECT:0.294964
SIZE_DOWNLOAD:1304
TIMESTAMP:2025-06-04 21:56:50 UTC
TRIGGER:schedule
