---METADATA---
HTTP_STATUS:200
TIME_TOTAL:3.345876
TIME_CONNECT:0.291577
SIZE_DOWNLOAD:1304
TIMESTAMP:2025-06-04 22:48:03 UTC
TRIGGER:schedule
