---METADATA---
HTTP_STATUS:200
TIME_TOTAL:3.302359
TIME_CONNECT:0.298715
SIZE_DOWNLOAD:1304
TIMESTAMP:2025-06-04 17:49:13 UTC
TRIGGER:schedule
