---METADATA---
HTTP_STATUS:200
TIME_TOTAL:3.342581
TIME_CONNECT:0.275416
SIZE_DOWNLOAD:1304
TIMESTAMP:2025-06-04 19:18:45 UTC
TRIGGER:schedule
