---METADATA---
HTTP_STATUS:200
TIME_TOTAL:3.488932
TIME_CONNECT:0.237068
SIZE_DOWNLOAD:1294
TIMESTAMP:2025-06-04 07:23:00 UTC
TRIGGER:schedule
