---METADATA---
HTTP_STATUS:200
TIME_TOTAL:1.122427
TIME_CONNECT:0.301335
SIZE_DOWNLOAD:1304
TIMESTAMP:2025-06-04 21:34:20 UTC
TRIGGER:schedule
