---METADATA---
HTTP_STATUS:200
TIME_TOTAL:3.473967
TIME_CONNECT:0.315770
SIZE_DOWNLOAD:1304
TIMESTAMP:2025-06-04 16:24:56 UTC
TRIGGER:schedule
