---METADATA---
HTTP_STATUS:200
TIME_TOTAL:3.687342
TIME_CONNECT:0.267219
SIZE_DOWNLOAD:1294
TIMESTAMP:2025-06-04 08:35:42 UTC
TRIGGER:schedule
