---METADATA---
HTTP_STATUS:200
TIME_TOTAL:1.184530
TIME_CONNECT:0.264692
SIZE_DOWNLOAD:1292
TIMESTAMP:2025-06-04 10:49:09 UTC
TRIGGER:schedule
