---METADATA---
HTTP_STATUS:200
TIME_TOTAL:3.547151
TIME_CONNECT:0.288814
SIZE_DOWNLOAD:1309
TIMESTAMP:2025-06-04 10:15:53 UTC
TRIGGER:schedule
