---METADATA---
HTTP_STATUS:200
TIME_TOTAL:3.405819
TIME_CONNECT:0.310172
SIZE_DOWNLOAD:1304
TIMESTAMP:2025-06-04 23:41:04 UTC
TRIGGER:schedule
