---METADATA---
HTTP_STATUS:200
TIME_TOTAL:3.338196
TIME_CONNECT:0.262162
SIZE_DOWNLOAD:1294
TIMESTAMP:2025-06-04 08:47:33 UTC
TRIGGER:schedule
