---METADATA---
HTTP_STATUS:200
TIME_TOTAL:3.368088
TIME_CONNECT:0.237224
SIZE_DOWNLOAD:1304
TIMESTAMP:2025-06-04 22:30:19 UTC
TRIGGER:schedule
