---METADATA---
HTTP_STATUS:200
TIME_TOTAL:3.332374
TIME_CONNECT:0.254871
SIZE_DOWNLOAD:1290
TIMESTAMP:2025-06-04 13:39:12 UTC
TRIGGER:schedule
