---METADATA---
HTTP_STATUS:200
TIME_TOTAL:3.614679
TIME_CONNECT:0.272371
SIZE_DOWNLOAD:1304
TIMESTAMP:2025-06-04 17:33:22 UTC
TRIGGER:schedule
