---METADATA---
HTTP_STATUS:200
TIME_TOTAL:3.445759
TIME_CONNECT:0.269315
SIZE_DOWNLOAD:1304
TIMESTAMP:2025-06-04 17:13:03 UTC
TRIGGER:schedule
