---METADATA---
HTTP_STATUS:200
TIME_TOTAL:3.345277
TIME_CONNECT:0.278693
SIZE_DOWNLOAD:1296
TIMESTAMP:2025-06-04 09:35:04 UTC
TRIGGER:schedule
