---METADATA---
HTTP_STATUS:200
TIME_TOTAL:1.026466
TIME_CONNECT:0.238961
SIZE_DOWNLOAD:1304
TIMESTAMP:2025-06-04 16:28:06 UTC
TRIGGER:schedule
