---METADATA---
HTTP_STATUS:200
TIME_TOTAL:3.334302
TIME_CONNECT:0.304352
SIZE_DOWNLOAD:1304
TIMESTAMP:2025-06-04 23:57:08 UTC
TRIGGER:schedule
