---METADATA---
HTTP_STATUS:200
TIME_TOTAL:3.709339
TIME_CONNECT:0.290393
SIZE_DOWNLOAD:1292
TIMESTAMP:2025-06-04 11:57:07 UTC
TRIGGER:schedule
