---METADATA---
HTTP_STATUS:200
TIME_TOTAL:3.348519
TIME_CONNECT:0.329214
SIZE_DOWNLOAD:1304
TIMESTAMP:2025-06-04 19:59:01 UTC
TRIGGER:schedule
