---METADATA---
HTTP_STATUS:200
TIME_TOTAL:3.730894
TIME_CONNECT:0.305319
SIZE_DOWNLOAD:1307
TIMESTAMP:2025-06-04 09:14:58 UTC
TRIGGER:schedule
