---METADATA---
HTTP_STATUS:200
TIME_TOTAL:3.421763
TIME_CONNECT:0.268243
SIZE_DOWNLOAD:1304
TIMESTAMP:2025-06-04 18:48:00 UTC
TRIGGER:schedule
