---METADATA---
HTTP_STATUS:200
TIME_TOTAL:3.330494
TIME_CONNECT:0.280652
SIZE_DOWNLOAD:1304
TIMESTAMP:2025-06-04 20:27:48 UTC
TRIGGER:schedule
