---METADATA---
HTTP_STATUS:200
TIME_TOTAL:3.268379
TIME_CONNECT:0.239295
SIZE_DOWNLOAD:1304
TIMESTAMP:2025-06-04 22:22:55 UTC
TRIGGER:schedule
