---METADATA---
HTTP_STATUS:200
TIME_TOTAL:3.573491
TIME_CONNECT:0.435057
SIZE_DOWNLOAD:1304
TIMESTAMP:2025-06-04 20:39:21 UTC
TRIGGER:schedule
