---METADATA---
HTTP_STATUS:200
TIME_TOTAL:3.348053
TIME_CONNECT:0.314663
SIZE_DOWNLOAD:1304
TIMESTAMP:2025-06-04 19:30:48 UTC
TRIGGER:schedule
