---METADATA---
HTTP_STATUS:200
TIME_TOTAL:3.285741
TIME_CONNECT:0.269634
SIZE_DOWNLOAD:1304
TIMESTAMP:2025-06-04 21:24:48 UTC
TRIGGER:schedule
