---METADATA---
HTTP_STATUS:200
TIME_TOTAL:3.431869
TIME_CONNECT:0.289638
SIZE_DOWNLOAD:1304
TIMESTAMP:2025-06-04 21:48:19 UTC
TRIGGER:schedule
