---METADATA---
HTTP_STATUS:200
TIME_TOTAL:3.529543
TIME_CONNECT:0.362067
SIZE_DOWNLOAD:1304
TIMESTAMP:2025-06-04 19:11:34 UTC
TRIGGER:schedule
