---METADATA---
HTTP_STATUS:200
TIME_TOTAL:3.710416
TIME_CONNECT:0.325322
SIZE_DOWNLOAD:1304
TIMESTAMP:2025-06-04 15:38:05 UTC
TRIGGER:schedule
