---METADATA---
HTTP_STATUS:200
TIME_TOTAL:3.371413
TIME_CONNECT:0.295622
SIZE_DOWNLOAD:1304
TIMESTAMP:2025-06-04 22:39:52 UTC
TRIGGER:schedule
