---METADATA---
HTTP_STATUS:200
TIME_TOTAL:0.980780
TIME_CONNECT:0.235611
SIZE_DOWNLOAD:1304
TIMESTAMP:2025-06-04 16:47:02 UTC
TRIGGER:schedule
