---METADATA---
HTTP_STATUS:200
TIME_TOTAL:3.359035
TIME_CONNECT:0.236517
SIZE_DOWNLOAD:1295
TIMESTAMP:2025-06-04 09:26:43 UTC
TRIGGER:schedule
