---METADATA---
HTTP_STATUS:200
TIME_TOTAL:3.672771
TIME_CONNECT:0.312489
SIZE_DOWNLOAD:1304
TIMESTAMP:2025-06-04 22:12:21 UTC
TRIGGER:schedule
