---METADATA---
HTTP_STATUS:200
TIME_TOTAL:3.265300
TIME_CONNECT:0.243681
SIZE_DOWNLOAD:1304
TIMESTAMP:2025-06-04 23:48:20 UTC
TRIGGER:schedule
