---METADATA---
HTTP_STATUS:200
TIME_TOTAL:3.502818
TIME_CONNECT:0.260083
SIZE_DOWNLOAD:1292
TIMESTAMP:2025-06-04 11:40:44 UTC
TRIGGER:schedule
