---METADATA---
HTTP_STATUS:200
TIME_TOTAL:3.593318
TIME_CONNECT:0.235373
SIZE_DOWNLOAD:1307
TIMESTAMP:2025-06-04 09:44:27 UTC
TRIGGER:schedule
