---METADATA---
HTTP_STATUS:200
TIME_TOTAL:3.685753
TIME_CONNECT:0.286671
SIZE_DOWNLOAD:1304
TIMESTAMP:2025-06-04 15:50:13 UTC
TRIGGER:schedule
