---METADATA---
HTTP_STATUS:200
TIME_TOTAL:1.047506
TIME_CONNECT:0.274079
SIZE_DOWNLOAD:1292
TIMESTAMP:2025-06-04 10:54:06 UTC
TRIGGER:schedule
