---METADATA---
HTTP_STATUS:200
TIME_TOTAL:3.255748
TIME_CONNECT:0.221989
SIZE_DOWNLOAD:1304
TIMESTAMP:2025-06-04 18:37:01 UTC
TRIGGER:schedule
