---METADATA---
HTTP_STATUS:200
TIME_TOTAL:3.352524
TIME_CONNECT:0.295564
SIZE_DOWNLOAD:1304
TIMESTAMP:2025-06-04 14:18:59 UTC
TRIGGER:schedule
