---METADATA---
HTTP_STATUS:200
TIME_TOTAL:3.226077
TIME_CONNECT:0.233302
SIZE_DOWNLOAD:1304
TIMESTAMP:2025-06-04 21:11:05 UTC
TRIGGER:schedule
