---METADATA---
HTTP_STATUS:200
TIME_TOTAL:3.309585
TIME_CONNECT:0.274037
SIZE_DOWNLOAD:1304
TIMESTAMP:2025-06-04 20:51:17 UTC
TRIGGER:schedule
