---METADATA---
HTTP_STATUS:200
TIME_TOTAL:3.204878
TIME_CONNECT:0.264056
SIZE_DOWNLOAD:1304
TIMESTAMP:2025-06-04 17:26:33 UTC
TRIGGER:schedule
