---METADATA---
HTTP_STATUS:200
TIME_TOTAL:3.297202
TIME_CONNECT:0.232584
SIZE_DOWNLOAD:1304
TIMESTAMP:2025-06-04 20:24:05 UTC
TRIGGER:schedule
