---METADATA---
HTTP_STATUS:200
TIME_TOTAL:3.365743
TIME_CONNECT:0.233483
SIZE_DOWNLOAD:1304
TIMESTAMP:2025-06-04 19:25:00 UTC
TRIGGER:schedule
