---METADATA---
HTTP_STATUS:200
TIME_TOTAL:3.349451
TIME_CONNECT:0.273089
SIZE_DOWNLOAD:1304
TIMESTAMP:2025-06-04 23:21:51 UTC
TRIGGER:schedule
