---METADATA---
HTTP_STATUS:200
TIME_TOTAL:3.407971
TIME_CONNECT:0.248531
SIZE_DOWNLOAD:1304
TIMESTAMP:2025-06-04 16:58:44 UTC
TRIGGER:schedule
