---METADATA---
HTTP_STATUS:200
TIME_TOTAL:3.675056
TIME_CONNECT:0.293450
SIZE_DOWNLOAD:1292
TIMESTAMP:2025-06-04 11:08:43 UTC
TRIGGER:schedule
