---METADATA---
HTTP_STATUS:200
TIME_TOTAL:3.402458
TIME_CONNECT:0.298888
SIZE_DOWNLOAD:1292
TIMESTAMP:2025-06-04 12:56:17 UTC
TRIGGER:schedule
