---METADATA---
HTTP_STATUS:200
TIME_TOTAL:3.312207
TIME_CONNECT:0.240555
SIZE_DOWNLOAD:1304
TIMESTAMP:2025-06-04 19:46:57 UTC
TRIGGER:schedule
