---METADATA---
HTTP_STATUS:200
TIME_TOTAL:3.511122
TIME_CONNECT:0.279934
SIZE_DOWNLOAD:1296
TIMESTAMP:2025-06-04 07:31:34 UTC
TRIGGER:schedule
