---METADATA---
HTTP_STATUS:200
TIME_TOTAL:3.301002
TIME_CONNECT:0.254139
SIZE_DOWNLOAD:1304
TIMESTAMP:2025-06-04 16:46:16 UTC
TRIGGER:schedule
