---METADATA---
HTTP_STATUS:200
TIME_TOTAL:3.346729
TIME_CONNECT:0.238069
SIZE_DOWNLOAD:1290
TIMESTAMP:2025-06-04 09:50:00 UTC
TRIGGER:schedule
