---METADATA---
HTTP_STATUS:200
TIME_TOTAL:3.553702
TIME_CONNECT:0.269762
SIZE_DOWNLOAD:1307
TIMESTAMP:2025-06-04 08:19:37 UTC
TRIGGER:schedule
