---METADATA---
HTTP_STATUS:200
TIME_TOTAL:3.595890
TIME_CONNECT:0.266255
SIZE_DOWNLOAD:1292
TIMESTAMP:2025-06-04 07:57:10 UTC
TRIGGER:schedule
