---METADATA---
HTTP_STATUS:200
TIME_TOTAL:3.279634
TIME_CONNECT:0.296207
SIZE_DOWNLOAD:1304
TIMESTAMP:2025-06-04 20:12:33 UTC
TRIGGER:schedule
