---METADATA---
HTTP_STATUS:200
TIME_TOTAL:3.742128
TIME_CONNECT:0.290228
SIZE_DOWNLOAD:1304
TIMESTAMP:2025-06-04 19:33:55 UTC
TRIGGER:schedule
