---METADATA---
HTTP_STATUS:200
TIME_TOTAL:3.386104
TIME_CONNECT:0.314483
SIZE_DOWNLOAD:1304
TIMESTAMP:2025-06-04 22:51:48 UTC
TRIGGER:schedule
