---METADATA---
HTTP_STATUS:200
TIME_TOTAL:3.605775
TIME_CONNECT:0.238913
SIZE_DOWNLOAD:1304
TIMESTAMP:2025-06-04 18:19:34 UTC
TRIGGER:schedule
