---METADATA---
HTTP_STATUS:200
TIME_TOTAL:3.442112
TIME_CONNECT:0.280053
SIZE_DOWNLOAD:1292
TIMESTAMP:2025-06-04 10:43:59 UTC
TRIGGER:schedule
