---METADATA---
HTTP_STATUS:200
TIME_TOTAL:3.840891
TIME_CONNECT:0.328743
SIZE_DOWNLOAD:1296
TIMESTAMP:2025-06-04 06:23:43 UTC
TRIGGER:push
