---METADATA---
HTTP_STATUS:200
TIME_TOTAL:3.340794
TIME_CONNECT:0.229618
SIZE_DOWNLOAD:1307
TIMESTAMP:2025-06-04 10:30:00 UTC
TRIGGER:schedule
