---METADATA---
HTTP_STATUS:200
TIME_TOTAL:1.155265
TIME_CONNECT:0.287096
SIZE_DOWNLOAD:1292
TIMESTAMP:2025-06-04 11:12:38 UTC
TRIGGER:schedule
