---METADATA---
HTTP_STATUS:200
TIME_TOTAL:3.362625
TIME_CONNECT:0.247444
SIZE_DOWNLOAD:1304
TIMESTAMP:2025-06-04 17:44:39 UTC
TRIGGER:schedule
