---METADATA---
HTTP_STATUS:200
TIME_TOTAL:3.400173
TIME_CONNECT:0.272847
SIZE_DOWNLOAD:1292
TIMESTAMP:2025-06-04 11:43:14 UTC
TRIGGER:schedule
