---METADATA---
HTTP_STATUS:200
TIME_TOTAL:3.601054
TIME_CONNECT:0.276525
SIZE_DOWNLOAD:1292
TIMESTAMP:2025-06-04 11:28:41 UTC
TRIGGER:schedule
