---METADATA---
HTTP_STATUS:200
TIME_TOTAL:3.408387
TIME_CONNECT:0.292575
SIZE_DOWNLOAD:1306
TIMESTAMP:2025-06-04 13:54:26 UTC
TRIGGER:schedule
