---METADATA---
HTTP_STATUS:200
TIME_TOTAL:3.249356
TIME_CONNECT:0.253996
SIZE_DOWNLOAD:1307
TIMESTAMP:2025-06-04 07:48:13 UTC
TRIGGER:schedule
