---METADATA---
HTTP_STATUS:200
TIME_TOTAL:3.387370
TIME_CONNECT:0.243686
SIZE_DOWNLOAD:1304
TIMESTAMP:2025-06-04 16:00:09 UTC
TRIGGER:schedule
