---METADATA---
HTTP_STATUS:200
TIME_TOTAL:3.647475
TIME_CONNECT:0.301684
SIZE_DOWNLOAD:1293
TIMESTAMP:2025-06-04 09:57:08 UTC
TRIGGER:schedule
