---METADATA---
HTTP_STATUS:200
TIME_TOTAL:3.332269
TIME_CONNECT:0.286073
SIZE_DOWNLOAD:1304
TIMESTAMP:2025-06-04 08:55:39 UTC
TRIGGER:schedule
