---METADATA---
HTTP_STATUS:200
TIME_TOTAL:3.565738
TIME_CONNECT:0.248628
SIZE_DOWNLOAD:1292
TIMESTAMP:2025-06-04 12:28:31 UTC
TRIGGER:schedule
