---METADATA---
HTTP_STATUS:200
TIME_TOTAL:3.349846
TIME_CONNECT:0.296727
SIZE_DOWNLOAD:1304
TIMESTAMP:2025-06-04 20:37:54 UTC
TRIGGER:schedule
