---METADATA---
HTTP_STATUS:200
TIME_TOTAL:3.314920
TIME_CONNECT:0.235293
SIZE_DOWNLOAD:1304
TIMESTAMP:2025-06-04 23:30:24 UTC
TRIGGER:schedule
