---METADATA---
HTTP_STATUS:200
TIME_TOTAL:3.568722
TIME_CONNECT:0.241889
SIZE_DOWNLOAD:1294
TIMESTAMP:2025-06-04 07:14:19 UTC
TRIGGER:schedule
