---METADATA---
HTTP_STATUS:200
TIME_TOTAL:3.510430
TIME_CONNECT:0.305526
SIZE_DOWNLOAD:1304
TIMESTAMP:2025-06-04 21:17:59 UTC
TRIGGER:schedule
