---METADATA---
HTTP_STATUS:200
TIME_TOTAL:3.303465
TIME_CONNECT:0.285078
SIZE_DOWNLOAD:1304
TIMESTAMP:2025-06-04 17:56:52 UTC
TRIGGER:schedule
