---METADATA---
HTTP_STATUS:200
TIME_TOTAL:3.210959
TIME_CONNECT:0.237901
SIZE_DOWNLOAD:1304
TIMESTAMP:2025-06-04 19:48:09 UTC
TRIGGER:schedule
