---METADATA---
HTTP_STATUS:200
TIME_TOTAL:3.500814
TIME_CONNECT:0.248259
SIZE_DOWNLOAD:1305
TIMESTAMP:2025-06-04 07:41:50 UTC
TRIGGER:schedule
