---METADATA---
HTTP_STATUS:200
TIME_TOTAL:3.564531
TIME_CONNECT:0.251142
SIZE_DOWNLOAD:1304
TIMESTAMP:2025-06-04 14:11:52 UTC
TRIGGER:schedule
