---METADATA---
HTTP_STATUS:200
TIME_TOTAL:1.077669
TIME_CONNECT:0.274147
SIZE_DOWNLOAD:1292
TIMESTAMP:2025-06-04 11:48:32 UTC
TRIGGER:schedule
