---METADATA---
HTTP_STATUS:200
TIME_TOTAL:3.281217
TIME_CONNECT:0.280095
SIZE_DOWNLOAD:1292
TIMESTAMP:2025-06-04 13:45:15 UTC
TRIGGER:schedule
