---METADATA---
HTTP_STATUS:200
TIME_TOTAL:3.451365
TIME_CONNECT:0.282298
SIZE_DOWNLOAD:1307
TIMESTAMP:2025-08-05 16:34:49 UTC
TRIGGER:schedule
