---METADATA---
HTTP_STATUS:200
TIME_TOTAL:1.046741
TIME_CONNECT:0.283672
SIZE_DOWNLOAD:1292
TIMESTAMP:2025-08-05 20:59:12 UTC
TRIGGER:schedule
