---METADATA---
HTTP_STATUS:200
TIME_TOTAL:3.481460
TIME_CONNECT:0.276196
SIZE_DOWNLOAD:1307
TIMESTAMP:2025-08-05 05:16:41 UTC
TRIGGER:schedule
