---METADATA---
HTTP_STATUS:200
TIME_TOTAL:3.622342
TIME_CONNECT:0.286945
SIZE_DOWNLOAD:1296
TIMESTAMP:2025-08-05 07:57:13 UTC
TRIGGER:schedule
