---METADATA---
HTTP_STATUS:200
TIME_TOTAL:3.543088
TIME_CONNECT:0.268614
SIZE_DOWNLOAD:1307
TIMESTAMP:2025-08-05 17:55:08 UTC
TRIGGER:schedule
