---METADATA---
HTTP_STATUS:200
TIME_TOTAL:3.620983
TIME_CONNECT:0.276857
SIZE_DOWNLOAD:1307
TIMESTAMP:2025-08-05 03:21:02 UTC
TRIGGER:schedule
