---METADATA---
HTTP_STATUS:200
TIME_TOTAL:3.412273
TIME_CONNECT:0.272298
SIZE_DOWNLOAD:1307
TIMESTAMP:2025-08-05 05:37:33 UTC
TRIGGER:schedule
