---METADATA---
HTTP_STATUS:200
TIME_TOTAL:3.475061
TIME_CONNECT:0.286740
SIZE_DOWNLOAD:1292
TIMESTAMP:2025-08-05 20:26:13 UTC
TRIGGER:schedule
