---METADATA---
HTTP_STATUS:200
TIME_TOTAL:3.402357
TIME_CONNECT:0.274456
SIZE_DOWNLOAD:1309
TIMESTAMP:2025-08-05 14:52:02 UTC
TRIGGER:schedule
