---METADATA---
HTTP_STATUS:200
TIME_TOTAL:3.377508
TIME_CONNECT:0.246820
SIZE_DOWNLOAD:1307
TIMESTAMP:2025-08-05 20:15:47 UTC
TRIGGER:schedule
