---METADATA---
HTTP_STATUS:200
TIME_TOTAL:3.377546
TIME_CONNECT:0.234480
SIZE_DOWNLOAD:1294
TIMESTAMP:2025-08-05 21:34:18 UTC
TRIGGER:schedule
