---METADATA---
HTTP_STATUS:200
TIME_TOTAL:3.564084
TIME_CONNECT:0.271330
SIZE_DOWNLOAD:1294
TIMESTAMP:2025-08-05 23:14:32 UTC
TRIGGER:schedule
