---METADATA---
HTTP_STATUS:200
TIME_TOTAL:3.399566
TIME_CONNECT:0.272222
SIZE_DOWNLOAD:1307
TIMESTAMP:2025-08-05 17:43:52 UTC
TRIGGER:schedule
