---METADATA---
HTTP_STATUS:200
TIME_TOTAL:3.607295
TIME_CONNECT:0.282391
SIZE_DOWNLOAD:1307
TIMESTAMP:2025-08-05 06:56:55 UTC
TRIGGER:schedule
