---METADATA---
HTTP_STATUS:200
TIME_TOTAL:3.614344
TIME_CONNECT:0.272001
SIZE_DOWNLOAD:1296
TIMESTAMP:2025-08-05 09:14:16 UTC
TRIGGER:schedule
