---METADATA---
HTTP_STATUS:200
TIME_TOTAL:3.431632
TIME_CONNECT:0.268992
SIZE_DOWNLOAD:1296
TIMESTAMP:2025-08-05 09:48:27 UTC
TRIGGER:schedule
