---METADATA---
HTTP_STATUS:200
TIME_TOTAL:3.642172
TIME_CONNECT:0.279682
SIZE_DOWNLOAD:1296
TIMESTAMP:2025-08-05 10:35:28 UTC
TRIGGER:schedule
