---METADATA---
HTTP_STATUS:200
TIME_TOTAL:3.396160
TIME_CONNECT:0.287400
SIZE_DOWNLOAD:1315
TIMESTAMP:2025-08-05 20:54:59 UTC
TRIGGER:schedule
