---METADATA---
HTTP_STATUS:200
TIME_TOTAL:3.517473
TIME_CONNECT:0.265793
SIZE_DOWNLOAD:1296
TIMESTAMP:2025-08-05 09:21:38 UTC
TRIGGER:schedule
