---METADATA---
HTTP_STATUS:200
TIME_TOTAL:3.481625
TIME_CONNECT:0.279616
SIZE_DOWNLOAD:1307
TIMESTAMP:2025-08-05 17:47:28 UTC
TRIGGER:schedule
