---METADATA---
HTTP_STATUS:200
TIME_TOTAL:3.517395
TIME_CONNECT:0.223586
SIZE_DOWNLOAD:1294
TIMESTAMP:2025-08-05 23:34:16 UTC
TRIGGER:schedule
