---METADATA---
HTTP_STATUS:200
TIME_TOTAL:3.507016
TIME_CONNECT:0.273080
SIZE_DOWNLOAD:1296
TIMESTAMP:2025-08-05 10:56:10 UTC
TRIGGER:schedule
