---METADATA---
HTTP_STATUS:200
TIME_TOTAL:3.471539
TIME_CONNECT:0.283586
SIZE_DOWNLOAD:1307
TIMESTAMP:2025-08-05 04:57:26 UTC
TRIGGER:schedule
