---METADATA---
HTTP_STATUS:200
TIME_TOTAL:3.819424
TIME_CONNECT:0.371767
SIZE_DOWNLOAD:1307
TIMESTAMP:2025-08-05 16:57:18 UTC
TRIGGER:schedule
