---METADATA---
HTTP_STATUS:200
TIME_TOTAL:3.533023
TIME_CONNECT:0.269178
SIZE_DOWNLOAD:1293
TIMESTAMP:2025-08-05 13:28:04 UTC
TRIGGER:schedule
