---METADATA---
HTTP_STATUS:200
TIME_TOTAL:3.376974
TIME_CONNECT:0.268116
SIZE_DOWNLOAD:1307
TIMESTAMP:2025-08-05 19:12:16 UTC
TRIGGER:schedule
