---METADATA---
HTTP_STATUS:200
TIME_TOTAL:3.537561
TIME_CONNECT:0.282941
SIZE_DOWNLOAD:1307
TIMESTAMP:2025-08-05 18:23:52 UTC
TRIGGER:schedule
