---METADATA---
HTTP_STATUS:200
TIME_TOTAL:3.558365
TIME_CONNECT:0.361434
SIZE_DOWNLOAD:1296
TIMESTAMP:2025-08-05 11:13:47 UTC
TRIGGER:schedule
