---METADATA---
HTTP_STATUS:200
TIME_TOTAL:3.488819
TIME_CONNECT:0.281860
SIZE_DOWNLOAD:1296
TIMESTAMP:2025-08-05 11:43:23 UTC
TRIGGER:schedule
