---METADATA---
HTTP_STATUS:200
TIME_TOTAL:3.746595
TIME_CONNECT:0.269604
SIZE_DOWNLOAD:1307
TIMESTAMP:2025-08-05 16:16:09 UTC
TRIGGER:schedule
