---METADATA---
HTTP_STATUS:200
TIME_TOTAL:3.451546
TIME_CONNECT:0.238387
SIZE_DOWNLOAD:1294
TIMESTAMP:2025-08-05 23:25:00 UTC
TRIGGER:schedule
