---METADATA---
HTTP_STATUS:200
TIME_TOTAL:3.638444
TIME_CONNECT:0.238744
SIZE_DOWNLOAD:1291
TIMESTAMP:2025-08-05 15:18:03 UTC
TRIGGER:schedule
