---METADATA---
HTTP_STATUS:200
TIME_TOTAL:3.560907
TIME_CONNECT:0.277739
SIZE_DOWNLOAD:1307
TIMESTAMP:2025-08-05 02:30:20 UTC
TRIGGER:schedule
