---METADATA---
HTTP_STATUS:200
TIME_TOTAL:3.451769
TIME_CONNECT:0.268028
SIZE_DOWNLOAD:1294
TIMESTAMP:2025-08-05 22:45:11 UTC
TRIGGER:schedule
