---METADATA---
HTTP_STATUS:200
TIME_TOTAL:3.347869
TIME_CONNECT:0.274881
SIZE_DOWNLOAD:1307
TIMESTAMP:2025-08-05 19:36:43 UTC
TRIGGER:schedule
