---METADATA---
HTTP_STATUS:200
TIME_TOTAL:3.492386
TIME_CONNECT:0.312200
SIZE_DOWNLOAD:1294
TIMESTAMP:2025-08-05 21:51:17 UTC
TRIGGER:schedule
