---METADATA---
HTTP_STATUS:200
TIME_TOTAL:3.616855
TIME_CONNECT:0.298466
SIZE_DOWNLOAD:1309
TIMESTAMP:2025-08-05 13:51:19 UTC
TRIGGER:schedule
