---METADATA---
HTTP_STATUS:200
TIME_TOTAL:3.460326
TIME_CONNECT:0.285513
SIZE_DOWNLOAD:1294
TIMESTAMP:2025-08-05 01:17:18 UTC
TRIGGER:schedule
