---METADATA---
HTTP_STATUS:200
TIME_TOTAL:3.408142
TIME_CONNECT:0.282626
SIZE_DOWNLOAD:1294
TIMESTAMP:2025-08-05 23:57:01 UTC
TRIGGER:schedule
