---METADATA---
HTTP_STATUS:200
TIME_TOTAL:3.534736
TIME_CONNECT:0.320935
SIZE_DOWNLOAD:1307
TIMESTAMP:2025-08-05 06:24:47 UTC
TRIGGER:schedule
