---METADATA---
HTTP_STATUS:200
TIME_TOTAL:3.405483
TIME_CONNECT:0.298818
SIZE_DOWNLOAD:1296
TIMESTAMP:2025-08-05 11:32:03 UTC
TRIGGER:schedule
