---METADATA---
HTTP_STATUS:200
TIME_TOTAL:3.332847
TIME_CONNECT:0.276515
SIZE_DOWNLOAD:1294
TIMESTAMP:2025-08-05 23:44:45 UTC
TRIGGER:schedule
