---METADATA---
HTTP_STATUS:200
TIME_TOTAL:3.493451
TIME_CONNECT:0.321193
SIZE_DOWNLOAD:1294
TIMESTAMP:2025-08-05 22:53:31 UTC
TRIGGER:schedule
