---METADATA---
HTTP_STATUS:200
TIME_TOTAL:3.384626
TIME_CONNECT:0.272175
SIZE_DOWNLOAD:1307
TIMESTAMP:2025-08-05 18:56:07 UTC
TRIGGER:schedule
