---METADATA---
HTTP_STATUS:200
TIME_TOTAL:1.077793
TIME_CONNECT:0.269281
SIZE_DOWNLOAD:1307
TIMESTAMP:2025-08-05 17:23:38 UTC
TRIGGER:schedule
