---METADATA---
HTTP_STATUS:200
TIME_TOTAL:3.322232
TIME_CONNECT:0.266730
SIZE_DOWNLOAD:1309
TIMESTAMP:2025-08-05 14:27:16 UTC
TRIGGER:schedule
