---METADATA---
HTTP_STATUS:200
TIME_TOTAL:3.539722
TIME_CONNECT:0.283234
SIZE_DOWNLOAD:1307
TIMESTAMP:2025-08-05 16:00:54 UTC
TRIGGER:schedule
