---METADATA---
HTTP_STATUS:200
TIME_TOTAL:3.516625
TIME_CONNECT:0.336992
SIZE_DOWNLOAD:1294
TIMESTAMP:2025-08-05 22:31:52 UTC
TRIGGER:schedule
