---METADATA---
HTTP_STATUS:200
TIME_TOTAL:3.470406
TIME_CONNECT:0.263667
SIZE_DOWNLOAD:1307
TIMESTAMP:2025-08-05 04:30:58 UTC
TRIGGER:schedule
