---METADATA---
HTTP_STATUS:200
TIME_TOTAL:3.371611
TIME_CONNECT:0.288501
SIZE_DOWNLOAD:1294
TIMESTAMP:2025-08-05 22:15:19 UTC
TRIGGER:schedule
