---METADATA---
HTTP_STATUS:200
TIME_TOTAL:3.404176
TIME_CONNECT:0.334627
SIZE_DOWNLOAD:1307
TIMESTAMP:2025-08-05 17:59:12 UTC
TRIGGER:schedule
