---METADATA---
HTTP_STATUS:200
TIME_TOTAL:1.029743
TIME_CONNECT:0.226544
SIZE_DOWNLOAD:1307
TIMESTAMP:2025-08-05 19:40:23 UTC
TRIGGER:schedule
