---METADATA---
HTTP_STATUS:200
TIME_TOTAL:3.619615
TIME_CONNECT:0.325531
SIZE_DOWNLOAD:1307
TIMESTAMP:2025-08-05 04:00:13 UTC
TRIGGER:schedule
