---METADATA---
HTTP_STATUS:200
TIME_TOTAL:3.480516
TIME_CONNECT:0.273854
SIZE_DOWNLOAD:1296
TIMESTAMP:2025-08-05 10:16:57 UTC
TRIGGER:schedule
