---METADATA---
HTTP_STATUS:200
TIME_TOTAL:3.476578
TIME_CONNECT:0.290154
SIZE_DOWNLOAD:1307
TIMESTAMP:2025-08-05 15:54:15 UTC
TRIGGER:schedule
