---METADATA---
HTTP_STATUS:200
TIME_TOTAL:3.513859
TIME_CONNECT:0.238195
SIZE_DOWNLOAD:1307
TIMESTAMP:2025-08-05 06:47:19 UTC
TRIGGER:schedule
