---METADATA---
HTTP_STATUS:200
TIME_TOTAL:3.583232
TIME_CONNECT:0.276899
SIZE_DOWNLOAD:1296
TIMESTAMP:2025-08-05 09:45:15 UTC
TRIGGER:schedule
