---METADATA---
HTTP_STATUS:200
TIME_TOTAL:3.441069
TIME_CONNECT:0.261790
SIZE_DOWNLOAD:1307
TIMESTAMP:2025-08-05 19:19:03 UTC
TRIGGER:schedule
