---METADATA---
HTTP_STATUS:200
TIME_TOTAL:3.473781
TIME_CONNECT:0.275810
SIZE_DOWNLOAD:1309
TIMESTAMP:2025-08-05 14:54:25 UTC
TRIGGER:schedule
