---METADATA---
HTTP_STATUS:200
TIME_TOTAL:3.295444
TIME_CONNECT:0.298021
SIZE_DOWNLOAD:1307
TIMESTAMP:2025-08-05 05:51:31 UTC
TRIGGER:schedule
