---METADATA---
HTTP_STATUS:200
TIME_TOTAL:3.738322
TIME_CONNECT:0.295033
SIZE_DOWNLOAD:1310
TIMESTAMP:2025-08-05 07:42:35 UTC
TRIGGER:schedule
