---METADATA---
HTTP_STATUS:200
TIME_TOTAL:3.486873
TIME_CONNECT:0.290352
SIZE_DOWNLOAD:1307
TIMESTAMP:2025-08-05 19:50:47 UTC
TRIGGER:schedule
