---METADATA---
HTTP_STATUS:200
TIME_TOTAL:3.346353
TIME_CONNECT:0.229073
SIZE_DOWNLOAD:1307
TIMESTAMP:2025-08-05 16:44:35 UTC
TRIGGER:schedule
