---METADATA---
HTTP_STATUS:200
TIME_TOTAL:3.430710
TIME_CONNECT:0.277511
SIZE_DOWNLOAD:1296
TIMESTAMP:2025-08-05 08:52:15 UTC
TRIGGER:schedule
