---METADATA---
HTTP_STATUS:200
TIME_TOTAL:3.480927
TIME_CONNECT:0.286547
SIZE_DOWNLOAD:1293
TIMESTAMP:2025-08-05 20:42:46 UTC
TRIGGER:schedule
