---METADATA---
HTTP_STATUS:200
TIME_TOTAL:3.543685
TIME_CONNECT:0.220740
SIZE_DOWNLOAD:1296
TIMESTAMP:2025-08-05 07:24:32 UTC
TRIGGER:schedule
