---METADATA---
HTTP_STATUS:200
TIME_TOTAL:3.400528
TIME_CONNECT:0.278517
SIZE_DOWNLOAD:1294
TIMESTAMP:2025-08-05 21:14:31 UTC
TRIGGER:schedule
