---METADATA---
HTTP_STATUS:200
TIME_TOTAL:3.433870
TIME_CONNECT:0.276570
SIZE_DOWNLOAD:1296
TIMESTAMP:2025-08-05 11:25:00 UTC
TRIGGER:schedule
