---METADATA---
HTTP_STATUS:200
TIME_TOTAL:3.415881
TIME_CONNECT:0.307664
SIZE_DOWNLOAD:1293
TIMESTAMP:2025-08-05 20:47:13 UTC
TRIGGER:schedule
