---METADATA---
HTTP_STATUS:200
TIME_TOTAL:3.652284
TIME_CONNECT:0.251891
SIZE_DOWNLOAD:1296
TIMESTAMP:2025-08-05 08:40:13 UTC
TRIGGER:schedule
