---METADATA---
HTTP_STATUS:200
TIME_TOTAL:3.455105
TIME_CONNECT:0.275476
SIZE_DOWNLOAD:1296
TIMESTAMP:2025-08-05 11:57:04 UTC
TRIGGER:schedule
