---METADATA---
HTTP_STATUS:200
TIME_TOTAL:3.491891
TIME_CONNECT:0.272434
SIZE_DOWNLOAD:1307
TIMESTAMP:2025-08-05 13:03:10 UTC
TRIGGER:schedule
