---METADATA---
HTTP_STATUS:200
TIME_TOTAL:3.641448
TIME_CONNECT:0.341482
SIZE_DOWNLOAD:1296
TIMESTAMP:2025-08-05 09:59:15 UTC
TRIGGER:schedule
