---METADATA---
HTTP_STATUS:200
TIME_TOTAL:3.511872
TIME_CONNECT:0.278812
SIZE_DOWNLOAD:1309
TIMESTAMP:2025-08-05 14:28:55 UTC
TRIGGER:schedule
