---METADATA---
HTTP_STATUS:200
TIME_TOTAL:3.528073
TIME_CONNECT:0.275423
SIZE_DOWNLOAD:1307
TIMESTAMP:2025-08-05 15:44:36 UTC
TRIGGER:schedule
