---METADATA---
HTTP_STATUS:200
TIME_TOTAL:3.407786
TIME_CONNECT:0.275804
SIZE_DOWNLOAD:1307
TIMESTAMP:2025-08-05 16:54:53 UTC
TRIGGER:schedule
