---METADATA---
HTTP_STATUS:200
TIME_TOTAL:3.394864
TIME_CONNECT:0.270479
SIZE_DOWNLOAD:1296
TIMESTAMP:2025-08-05 10:48:13 UTC
TRIGGER:schedule
