---METADATA---
HTTP_STATUS:200
TIME_TOTAL:3.432571
TIME_CONNECT:0.273207
SIZE_DOWNLOAD:1294
TIMESTAMP:2025-08-05 12:32:38 UTC
TRIGGER:schedule
