---METADATA---
HTTP_STATUS:200
TIME_TOTAL:3.299934
TIME_CONNECT:0.286866
SIZE_DOWNLOAD:1294
TIMESTAMP:2025-08-05 21:58:59 UTC
TRIGGER:schedule
