---METADATA---
HTTP_STATUS:200
TIME_TOTAL:3.504857
TIME_CONNECT:0.298016
SIZE_DOWNLOAD:1307
TIMESTAMP:2025-08-05 17:19:00 UTC
TRIGGER:schedule
