---METADATA---
HTTP_STATUS:200
TIME_TOTAL:3.614496
TIME_CONNECT:0.270717
SIZE_DOWNLOAD:1309
TIMESTAMP:2025-08-05 13:58:30 UTC
TRIGGER:schedule
