---METADATA---
HTTP_STATUS:200
TIME_TOTAL:3.383314
TIME_CONNECT:0.289464
SIZE_DOWNLOAD:1307
TIMESTAMP:2025-08-05 21:29:43 UTC
TRIGGER:schedule
