---METADATA---
HTTP_STATUS:200
TIME_TOTAL:3.331249
TIME_CONNECT:0.284265
SIZE_DOWNLOAD:1307
TIMESTAMP:2025-08-05 18:47:51 UTC
TRIGGER:schedule
