---METADATA---
HTTP_STATUS:200
TIME_TOTAL:3.652287
TIME_CONNECT:0.276047
SIZE_DOWNLOAD:1296
TIMESTAMP:2025-08-05 11:50:37 UTC
TRIGGER:schedule
