---METADATA---
HTTP_STATUS:200
TIME_TOTAL:3.460621
TIME_CONNECT:0.222338
SIZE_DOWNLOAD:1310
TIMESTAMP:2025-08-05 07:45:54 UTC
TRIGGER:schedule
