---METADATA---
HTTP_STATUS:200
TIME_TOTAL:3.437225
TIME_CONNECT:0.281816
SIZE_DOWNLOAD:1307
TIMESTAMP:2025-08-05 05:57:33 UTC
TRIGGER:schedule
