---METADATA---
HTTP_STATUS:200
TIME_TOTAL:1.046312
TIME_CONNECT:0.275785
SIZE_DOWNLOAD:1307
TIMESTAMP:2025-08-05 15:48:31 UTC
TRIGGER:schedule
