---METADATA---
HTTP_STATUS:200
TIME_TOTAL:3.398520
TIME_CONNECT:0.277319
SIZE_DOWNLOAD:1307
TIMESTAMP:2025-08-05 15:29:33 UTC
TRIGGER:schedule
