---METADATA---
HTTP_STATUS:200
TIME_TOTAL:3.560841
TIME_CONNECT:0.287869
SIZE_DOWNLOAD:1311
TIMESTAMP:2025-08-05 07:15:03 UTC
TRIGGER:schedule
