---METADATA---
HTTP_STATUS:200
TIME_TOTAL:3.535964
TIME_CONNECT:0.229795
SIZE_DOWNLOAD:1296
TIMESTAMP:2025-08-05 08:21:09 UTC
TRIGGER:schedule
