---METADATA---
HTTP_STATUS:200
TIME_TOTAL:3.451430
TIME_CONNECT:0.273745
SIZE_DOWNLOAD:1294
TIMESTAMP:2025-08-05 21:47:08 UTC
TRIGGER:schedule
