---METADATA---
HTTP_STATUS:200
TIME_TOTAL:3.572333
TIME_CONNECT:0.269332
SIZE_DOWNLOAD:1294
TIMESTAMP:2025-08-05 23:51:27 UTC
TRIGGER:schedule
