---METADATA---
HTTP_STATUS:200
TIME_TOTAL:3.269962
TIME_CONNECT:0.237156
SIZE_DOWNLOAD:1304
TIMESTAMP:2025-06-20 22:25:46 UTC
TRIGGER:schedule
