---METADATA---
HTTP_STATUS:200
TIME_TOTAL:3.628270
TIME_CONNECT:0.281309
SIZE_DOWNLOAD:1305
TIMESTAMP:2025-06-20 06:15:58 UTC
TRIGGER:schedule
