---METADATA---
HTTP_STATUS:200
TIME_TOTAL:3.608624
TIME_CONNECT:0.287522
SIZE_DOWNLOAD:1304
TIMESTAMP:2025-06-20 21:29:08 UTC
TRIGGER:schedule
