---METADATA---
HTTP_STATUS:200
TIME_TOTAL:3.377346
TIME_CONNECT:0.241934
SIZE_DOWNLOAD:1294
TIMESTAMP:2025-06-20 07:00:19 UTC
TRIGGER:schedule
