---METADATA---
HTTP_STATUS:200
TIME_TOTAL:3.714591
TIME_CONNECT:0.275594
SIZE_DOWNLOAD:1307
TIMESTAMP:2025-06-20 10:52:26 UTC
TRIGGER:schedule
