---METADATA---
HTTP_STATUS:200
TIME_TOTAL:3.667143
TIME_CONNECT:0.282678
SIZE_DOWNLOAD:1292
TIMESTAMP:2025-06-20 08:35:13 UTC
TRIGGER:schedule
