---METADATA---
HTTP_STATUS:200
TIME_TOTAL:3.483477
TIME_CONNECT:0.238510
SIZE_DOWNLOAD:1304
TIMESTAMP:2025-06-20 20:40:12 UTC
TRIGGER:schedule
