---METADATA---
HTTP_STATUS:200
TIME_TOTAL:3.454945
TIME_CONNECT:0.241768
SIZE_DOWNLOAD:1304
TIMESTAMP:2025-06-20 18:47:23 UTC
TRIGGER:schedule
