---METADATA---
HTTP_STATUS:200
TIME_TOTAL:3.496901
TIME_CONNECT:0.237601
SIZE_DOWNLOAD:1307
TIMESTAMP:2025-06-20 10:49:19 UTC
TRIGGER:schedule
