---METADATA---
HTTP_STATUS:200
TIME_TOTAL:3.538013
TIME_CONNECT:0.237654
SIZE_DOWNLOAD:1296
TIMESTAMP:2025-06-20 07:13:45 UTC
TRIGGER:schedule
