---METADATA---
HTTP_STATUS:200
TIME_TOTAL:3.428066
TIME_CONNECT:0.283303
SIZE_DOWNLOAD:1294
TIMESTAMP:2025-06-20 03:29:54 UTC
TRIGGER:schedule
