---METADATA---
HTTP_STATUS:200
TIME_TOTAL:3.482559
TIME_CONNECT:0.273791
SIZE_DOWNLOAD:1304
TIMESTAMP:2025-06-20 16:54:49 UTC
TRIGGER:schedule
