---METADATA---
HTTP_STATUS:200
TIME_TOTAL:3.641498
TIME_CONNECT:0.282687
SIZE_DOWNLOAD:1304
TIMESTAMP:2025-06-20 15:45:02 UTC
TRIGGER:schedule
