---METADATA---
HTTP_STATUS:200
TIME_TOTAL:3.613737
TIME_CONNECT:0.249184
SIZE_DOWNLOAD:1294
TIMESTAMP:2025-06-20 05:49:43 UTC
TRIGGER:schedule
