---METADATA---
HTTP_STATUS:200
TIME_TOTAL:3.288302
TIME_CONNECT:0.245872
SIZE_DOWNLOAD:1296
TIMESTAMP:2025-06-20 04:56:26 UTC
TRIGGER:schedule
