---METADATA---
HTTP_STATUS:200
TIME_TOTAL:3.463199
TIME_CONNECT:0.227484
SIZE_DOWNLOAD:1304
TIMESTAMP:2025-06-20 17:50:55 UTC
TRIGGER:schedule
