---METADATA---
HTTP_STATUS:200
TIME_TOTAL:3.386592
TIME_CONNECT:0.240395
SIZE_DOWNLOAD:1304
TIMESTAMP:2025-06-20 22:34:04 UTC
TRIGGER:schedule
