---METADATA---
HTTP_STATUS:200
TIME_TOTAL:3.289769
TIME_CONNECT:0.270151
SIZE_DOWNLOAD:1304
TIMESTAMP:2025-06-20 17:31:42 UTC
TRIGGER:schedule
