---METADATA---
HTTP_STATUS:200
TIME_TOTAL:3.599758
TIME_CONNECT:0.268731
SIZE_DOWNLOAD:1304
TIMESTAMP:2025-06-20 14:34:46 UTC
TRIGGER:schedule
