---METADATA---
HTTP_STATUS:200
TIME_TOTAL:3.203355
TIME_CONNECT:0.209085
SIZE_DOWNLOAD:1292
TIMESTAMP:2025-06-20 11:39:26 UTC
TRIGGER:schedule
