---METADATA---
HTTP_STATUS:200
TIME_TOTAL:3.633123
TIME_CONNECT:0.259686
SIZE_DOWNLOAD:1292
TIMESTAMP:2025-06-20 11:57:15 UTC
TRIGGER:schedule
