---METADATA---
HTTP_STATUS:200
TIME_TOTAL:3.565549
TIME_CONNECT:0.238741
SIZE_DOWNLOAD:1304
TIMESTAMP:2025-06-20 18:32:16 UTC
TRIGGER:schedule
