---METADATA---
HTTP_STATUS:200
TIME_TOTAL:3.682085
TIME_CONNECT:0.296509
SIZE_DOWNLOAD:1304
TIMESTAMP:2025-06-20 23:30:48 UTC
TRIGGER:schedule
