---METADATA---
HTTP_STATUS:200
TIME_TOTAL:3.321438
TIME_CONNECT:0.231048
SIZE_DOWNLOAD:1292
TIMESTAMP:2025-06-20 11:27:53 UTC
TRIGGER:schedule
