---METADATA---
HTTP_STATUS:200
TIME_TOTAL:1.112863
TIME_CONNECT:0.297336
SIZE_DOWNLOAD:1296
TIMESTAMP:2025-06-20 06:49:20 UTC
TRIGGER:schedule
