---METADATA---
HTTP_STATUS:200
TIME_TOTAL:3.457619
TIME_CONNECT:0.240251
SIZE_DOWNLOAD:1304
TIMESTAMP:2025-06-20 19:30:15 UTC
TRIGGER:schedule
