---METADATA---
HTTP_STATUS:200
TIME_TOTAL:3.496650
TIME_CONNECT:0.238960
SIZE_DOWNLOAD:1304
TIMESTAMP:2025-06-20 22:44:33 UTC
TRIGGER:schedule
