---METADATA---
HTTP_STATUS:200
TIME_TOTAL:3.365071
TIME_CONNECT:0.319084
SIZE_DOWNLOAD:1292
TIMESTAMP:2025-06-20 07:28:58 UTC
TRIGGER:schedule
