---METADATA---
HTTP_STATUS:200
TIME_TOTAL:3.536958
TIME_CONNECT:0.274648
SIZE_DOWNLOAD:1292
TIMESTAMP:2025-06-20 10:15:03 UTC
TRIGGER:schedule
