---METADATA---
HTTP_STATUS:200
TIME_TOTAL:3.440319
TIME_CONNECT:0.321959
SIZE_DOWNLOAD:1304
TIMESTAMP:2025-06-20 14:51:06 UTC
TRIGGER:schedule
