---METADATA---
HTTP_STATUS:200
TIME_TOTAL:3.370172
TIME_CONNECT:0.229695
SIZE_DOWNLOAD:1294
TIMESTAMP:2025-06-20 08:54:49 UTC
TRIGGER:schedule
