---METADATA---
HTTP_STATUS:200
TIME_TOTAL:3.752528
TIME_CONNECT:0.243736
SIZE_DOWNLOAD:1304
TIMESTAMP:2025-06-20 15:27:53 UTC
TRIGGER:schedule
