---METADATA---
HTTP_STATUS:200
TIME_TOTAL:3.428386
TIME_CONNECT:0.238479
SIZE_DOWNLOAD:1304
TIMESTAMP:2025-06-20 17:20:05 UTC
TRIGGER:schedule
