---METADATA---
HTTP_STATUS:200
TIME_TOTAL:3.558006
TIME_CONNECT:0.263931
SIZE_DOWNLOAD:1304
TIMESTAMP:2025-06-20 19:18:09 UTC
TRIGGER:schedule
