---METADATA---
HTTP_STATUS:200
TIME_TOTAL:3.322182
TIME_CONNECT:0.240146
SIZE_DOWNLOAD:1304
TIMESTAMP:2025-06-20 17:39:05 UTC
TRIGGER:schedule
