---METADATA---
HTTP_STATUS:200
TIME_TOTAL:1.019897
TIME_CONNECT:0.221923
SIZE_DOWNLOAD:1292
TIMESTAMP:2025-06-20 07:31:12 UTC
TRIGGER:schedule
