---METADATA---
HTTP_STATUS:200
TIME_TOTAL:3.294895
TIME_CONNECT:0.260371
SIZE_DOWNLOAD:1307
TIMESTAMP:2025-06-20 13:33:20 UTC
TRIGGER:schedule
