---METADATA---
HTTP_STATUS:200
TIME_TOTAL:3.382626
TIME_CONNECT:0.274755
SIZE_DOWNLOAD:1304
TIMESTAMP:2025-06-20 23:13:37 UTC
TRIGGER:schedule
