---METADATA---
HTTP_STATUS:200
TIME_TOTAL:3.636477
TIME_CONNECT:0.304578
SIZE_DOWNLOAD:1292
TIMESTAMP:2025-06-20 11:08:33 UTC
TRIGGER:schedule
