---METADATA---
HTTP_STATUS:200
TIME_TOTAL:1.165797
TIME_CONNECT:0.279129
SIZE_DOWNLOAD:1294
TIMESTAMP:2025-06-20 11:12:15 UTC
TRIGGER:schedule
