---METADATA---
HTTP_STATUS:200
TIME_TOTAL:3.367932
TIME_CONNECT:0.244180
SIZE_DOWNLOAD:1304
TIMESTAMP:2025-06-20 19:25:07 UTC
TRIGGER:schedule
