---METADATA---
HTTP_STATUS:200
TIME_TOTAL:3.347651
TIME_CONNECT:0.244791
SIZE_DOWNLOAD:1304
TIMESTAMP:2025-06-20 20:46:05 UTC
TRIGGER:schedule
