---METADATA---
HTTP_STATUS:200
TIME_TOTAL:3.259045
TIME_CONNECT:0.236462
SIZE_DOWNLOAD:1304
TIMESTAMP:2025-06-20 18:53:47 UTC
TRIGGER:schedule
