---METADATA---
HTTP_STATUS:200
TIME_TOTAL:3.513125
TIME_CONNECT:0.234659
SIZE_DOWNLOAD:1304
TIMESTAMP:2025-06-20 13:53:00 UTC
TRIGGER:schedule
