---METADATA---
HTTP_STATUS:200
TIME_TOTAL:3.432455
TIME_CONNECT:0.286461
SIZE_DOWNLOAD:1305
TIMESTAMP:2025-06-20 12:28:29 UTC
TRIGGER:schedule
