---METADATA---
HTTP_STATUS:200
TIME_TOTAL:3.353711
TIME_CONNECT:0.282181
SIZE_DOWNLOAD:1304
TIMESTAMP:2025-06-20 23:43:05 UTC
TRIGGER:schedule
