---METADATA---
HTTP_STATUS:200
TIME_TOTAL:3.552986
TIME_CONNECT:0.274911
SIZE_DOWNLOAD:1306
TIMESTAMP:2025-06-20 09:57:01 UTC
TRIGGER:schedule
