---METADATA---
HTTP_STATUS:200
TIME_TOTAL:3.372215
TIME_CONNECT:0.315423
SIZE_DOWNLOAD:1294
TIMESTAMP:2025-06-20 02:09:07 UTC
TRIGGER:schedule
