---METADATA---
HTTP_STATUS:200
TIME_TOTAL:3.311920
TIME_CONNECT:0.245721
SIZE_DOWNLOAD:1304
TIMESTAMP:2025-06-20 15:57:10 UTC
TRIGGER:schedule
