---METADATA---
HTTP_STATUS:200
TIME_TOTAL:3.262778
TIME_CONNECT:0.237996
SIZE_DOWNLOAD:1290
TIMESTAMP:2025-06-20 09:34:29 UTC
TRIGGER:schedule
