---METADATA---
HTTP_STATUS:200
TIME_TOTAL:3.238759
TIME_CONNECT:0.231934
SIZE_DOWNLOAD:1304
TIMESTAMP:2025-06-20 20:15:19 UTC
TRIGGER:schedule
