---METADATA---
HTTP_STATUS:200
TIME_TOTAL:3.530631
TIME_CONNECT:0.284927
SIZE_DOWNLOAD:1306
TIMESTAMP:2025-06-20 04:01:17 UTC
TRIGGER:schedule
