---METADATA---
HTTP_STATUS:200
TIME_TOTAL:3.595373
TIME_CONNECT:0.242744
SIZE_DOWNLOAD:1304
TIMESTAMP:2025-06-20 19:10:49 UTC
TRIGGER:schedule
