---METADATA---
HTTP_STATUS:200
TIME_TOTAL:3.480964
TIME_CONNECT:0.271695
SIZE_DOWNLOAD:1292
TIMESTAMP:2025-06-20 06:20:41 UTC
TRIGGER:schedule
