---METADATA---
HTTP_STATUS:200
TIME_TOTAL:3.343001
TIME_CONNECT:0.242280
SIZE_DOWNLOAD:1296
TIMESTAMP:2025-06-20 04:40:15 UTC
TRIGGER:schedule
