---METADATA---
HTTP_STATUS:200
TIME_TOTAL:1.125288
TIME_CONNECT:0.300302
SIZE_DOWNLOAD:1294
TIMESTAMP:2025-06-20 05:51:09 UTC
TRIGGER:schedule
