---METADATA---
HTTP_STATUS:200
TIME_TOTAL:3.572015
TIME_CONNECT:0.305517
SIZE_DOWNLOAD:1296
TIMESTAMP:2025-06-20 06:47:00 UTC
TRIGGER:schedule
