---METADATA---
HTTP_STATUS:200
TIME_TOTAL:3.291474
TIME_CONNECT:0.282249
SIZE_DOWNLOAD:1304
TIMESTAMP:2025-06-20 19:47:21 UTC
TRIGGER:schedule
