---METADATA---
HTTP_STATUS:200
TIME_TOTAL:3.562219
TIME_CONNECT:0.246162
SIZE_DOWNLOAD:1293
TIMESTAMP:2025-06-20 07:44:12 UTC
TRIGGER:schedule
