---METADATA---
HTTP_STATUS:200
TIME_TOTAL:3.225530
TIME_CONNECT:0.234172
SIZE_DOWNLOAD:1304
TIMESTAMP:2025-06-20 16:16:55 UTC
TRIGGER:schedule
