---METADATA---
HTTP_STATUS:200
TIME_TOTAL:3.495583
TIME_CONNECT:0.238506
SIZE_DOWNLOAD:1304
TIMESTAMP:2025-06-20 22:57:10 UTC
TRIGGER:schedule
