---METADATA---
HTTP_STATUS:200
TIME_TOTAL:3.395581
TIME_CONNECT:0.224452
SIZE_DOWNLOAD:1292
TIMESTAMP:2025-06-20 11:43:36 UTC
TRIGGER:schedule
