---METADATA---
HTTP_STATUS:200
TIME_TOTAL:3.272276
TIME_CONNECT:0.239361
SIZE_DOWNLOAD:1307
TIMESTAMP:2025-06-20 05:17:21 UTC
TRIGGER:schedule
