---METADATA---
HTTP_STATUS:200
TIME_TOTAL:3.284848
TIME_CONNECT:0.230532
SIZE_DOWNLOAD:1304
TIMESTAMP:2025-06-20 17:12:29 UTC
TRIGGER:schedule
