---METADATA---
HTTP_STATUS:200
TIME_TOTAL:3.338212
TIME_CONNECT:0.289397
SIZE_DOWNLOAD:1296
TIMESTAMP:2025-06-20 04:41:27 UTC
TRIGGER:schedule
