---METADATA---
HTTP_STATUS:200
TIME_TOTAL:3.108856
TIME_CONNECT:0.236891
SIZE_DOWNLOAD:1304
TIMESTAMP:2025-06-20 21:24:34 UTC
TRIGGER:schedule
