---METADATA---
HTTP_STATUS:200
TIME_TOTAL:1.166604
TIME_CONNECT:0.289173
SIZE_DOWNLOAD:1304
TIMESTAMP:2025-06-20 15:49:31 UTC
TRIGGER:schedule
