---METADATA---
HTTP_STATUS:200
TIME_TOTAL:3.330228
TIME_CONNECT:0.237508
SIZE_DOWNLOAD:1130
TIMESTAMP:2025-06-20 03:43:33 UTC
TRIGGER:schedule
