---METADATA---
HTTP_STATUS:200
TIME_TOTAL:3.689871
TIME_CONNECT:0.276353
SIZE_DOWNLOAD:1305
TIMESTAMP:2025-06-20 08:18:53 UTC
TRIGGER:schedule
