---METADATA---
HTTP_STATUS:200
TIME_TOTAL:3.318782
TIME_CONNECT:0.276066
SIZE_DOWNLOAD:1304
TIMESTAMP:2025-06-20 19:48:11 UTC
TRIGGER:schedule
