---METADATA---
HTTP_STATUS:200
TIME_TOTAL:3.496509
TIME_CONNECT:0.240821
SIZE_DOWNLOAD:1305
TIMESTAMP:2025-06-20 09:50:05 UTC
TRIGGER:schedule
