---METADATA---
HTTP_STATUS:200
TIME_TOTAL:3.586931
TIME_CONNECT:0.288459
SIZE_DOWNLOAD:1304
TIMESTAMP:2025-06-20 21:56:49 UTC
TRIGGER:schedule
