---METADATA---
HTTP_STATUS:200
TIME_TOTAL:3.640808
TIME_CONNECT:0.302824
SIZE_DOWNLOAD:1304
TIMESTAMP:2025-06-20 23:25:41 UTC
TRIGGER:schedule
