---METADATA---
HTTP_STATUS:200
TIME_TOTAL:3.231982
TIME_CONNECT:0.250707
SIZE_DOWNLOAD:1304
TIMESTAMP:2025-06-20 23:49:32 UTC
TRIGGER:schedule
