---METADATA---
HTTP_STATUS:200
TIME_TOTAL:3.770386
TIME_CONNECT:0.299132
SIZE_DOWNLOAD:1296
TIMESTAMP:2025-06-20 09:25:16 UTC
TRIGGER:schedule
