---METADATA---
HTTP_STATUS:200
TIME_TOTAL:3.425312
TIME_CONNECT:0.285706
SIZE_DOWNLOAD:1304
TIMESTAMP:2025-06-20 20:29:43 UTC
TRIGGER:schedule
