---METADATA---
HTTP_STATUS:200
TIME_TOTAL:3.612129
TIME_CONNECT:0.271495
SIZE_DOWNLOAD:1304
TIMESTAMP:2025-06-20 14:22:18 UTC
TRIGGER:schedule
