---METADATA---
HTTP_STATUS:200
TIME_TOTAL:3.243282
TIME_CONNECT:0.244588
SIZE_DOWNLOAD:1304
TIMESTAMP:2025-06-20 15:33:46 UTC
TRIGGER:schedule
