---METADATA---
HTTP_STATUS:200
TIME_TOTAL:3.325630
TIME_CONNECT:0.297744
SIZE_DOWNLOAD:1304
TIMESTAMP:2025-06-20 21:48:39 UTC
TRIGGER:schedule
