---METADATA---
HTTP_STATUS:200
TIME_TOTAL:3.552841
TIME_CONNECT:0.280331
SIZE_DOWNLOAD:1307
TIMESTAMP:2025-06-20 07:57:05 UTC
TRIGGER:schedule
