---METADATA---
HTTP_STATUS:200
TIME_TOTAL:3.303827
TIME_CONNECT:0.282563
SIZE_DOWNLOAD:1304
TIMESTAMP:2025-06-20 19:59:15 UTC
TRIGGER:schedule
