---METADATA---
HTTP_STATUS:200
TIME_TOTAL:1.088938
TIME_CONNECT:0.244606
SIZE_DOWNLOAD:1305
TIMESTAMP:2025-06-20 13:07:31 UTC
TRIGGER:schedule
