---METADATA---
HTTP_STATUS:200
TIME_TOTAL:3.440033
TIME_CONNECT:0.275102
SIZE_DOWNLOAD:1304
TIMESTAMP:2025-06-20 14:13:22 UTC
TRIGGER:schedule
