---METADATA---
HTTP_STATUS:200
TIME_TOTAL:3.536944
TIME_CONNECT:0.284718
SIZE_DOWNLOAD:1296
TIMESTAMP:2025-06-20 04:59:40 UTC
TRIGGER:schedule
