---METADATA---
HTTP_STATUS:200
TIME_TOTAL:3.417455
TIME_CONNECT:0.238993
SIZE_DOWNLOAD:1304
TIMESTAMP:2025-06-20 20:58:02 UTC
TRIGGER:schedule
