---METADATA---
HTTP_STATUS:200
TIME_TOTAL:3.312425
TIME_CONNECT:0.274148
SIZE_DOWNLOAD:1304
TIMESTAMP:2025-06-20 18:19:03 UTC
TRIGGER:schedule
