---METADATA---
HTTP_STATUS:200
TIME_TOTAL:3.604609
TIME_CONNECT:0.272446
SIZE_DOWNLOAD:1309
TIMESTAMP:2025-06-20 09:44:14 UTC
TRIGGER:schedule
