---METADATA---
HTTP_STATUS:200
TIME_TOTAL:1.119771
TIME_CONNECT:0.272018
SIZE_DOWNLOAD:1294
TIMESTAMP:2025-06-20 07:48:08 UTC
TRIGGER:schedule
