---METADATA---
HTTP_STATUS:200
TIME_TOTAL:3.546435
TIME_CONNECT:0.281885
SIZE_DOWNLOAD:1304
TIMESTAMP:2025-06-20 23:56:55 UTC
TRIGGER:schedule
