---METADATA---
HTTP_STATUS:200
TIME_TOTAL:3.780269
TIME_CONNECT:0.279561
SIZE_DOWNLOAD:1307
TIMESTAMP:2025-06-20 08:46:33 UTC
TRIGGER:schedule
