---METADATA---
HTTP_STATUS:200
TIME_TOTAL:3.475744
TIME_CONNECT:0.285442
SIZE_DOWNLOAD:1309
TIMESTAMP:2025-06-20 05:30:19 UTC
TRIGGER:schedule
