---METADATA---
HTTP_STATUS:200
TIME_TOTAL:3.305827
TIME_CONNECT:0.253859
SIZE_DOWNLOAD:1305
TIMESTAMP:2025-06-20 01:09:09 UTC
TRIGGER:schedule
