---METADATA---
HTTP_STATUS:200
TIME_TOTAL:3.572724
TIME_CONNECT:0.274817
SIZE_DOWNLOAD:1304
TIMESTAMP:2025-06-20 21:12:35 UTC
TRIGGER:schedule
