---METADATA---
HTTP_STATUS:200
TIME_TOTAL:1.039516
TIME_CONNECT:0.275999
SIZE_DOWNLOAD:1292
TIMESTAMP:2025-06-20 04:04:07 UTC
TRIGGER:schedule
