---METADATA---
HTTP_STATUS:200
TIME_TOTAL:3.302581
TIME_CONNECT:0.272687
SIZE_DOWNLOAD:1294
TIMESTAMP:2025-06-20 09:14:49 UTC
TRIGGER:schedule
