---METADATA---
HTTP_STATUS:200
TIME_TOTAL:3.394081
TIME_CONNECT:0.255719
SIZE_DOWNLOAD:1304
TIMESTAMP:2025-06-20 13:51:32 UTC
TRIGGER:schedule
