---METADATA---
HTTP_STATUS:200
TIME_TOTAL:3.348218
TIME_CONNECT:0.245892
SIZE_DOWNLOAD:1304
TIMESTAMP:2025-06-20 21:40:39 UTC
TRIGGER:schedule
