---METADATA---
HTTP_STATUS:200
TIME_TOTAL:3.290804
TIME_CONNECT:0.274367
SIZE_DOWNLOAD:1304
TIMESTAMP:2025-06-20 16:32:58 UTC
TRIGGER:schedule
