---METADATA---
HTTP_STATUS:200
TIME_TOTAL:1.135474
TIME_CONNECT:0.282397
SIZE_DOWNLOAD:1304
TIMESTAMP:2025-06-20 20:50:26 UTC
TRIGGER:schedule
