---METADATA---
HTTP_STATUS:200
TIME_TOTAL:3.415513
TIME_CONNECT:0.326188
SIZE_DOWNLOAD:1304
TIMESTAMP:2025-06-20 16:46:12 UTC
TRIGGER:schedule
