---METADATA---
HTTP_STATUS:200
TIME_TOTAL:3.237403
TIME_CONNECT:0.284591
SIZE_DOWNLOAD:1304
TIMESTAMP:2025-06-20 17:48:35 UTC
TRIGGER:schedule
