---METADATA---
HTTP_STATUS:200
TIME_TOTAL:3.288611
TIME_CONNECT:0.276849
SIZE_DOWNLOAD:1304
TIMESTAMP:2025-06-20 14:45:10 UTC
TRIGGER:schedule
