---METADATA---
HTTP_STATUS:200
TIME_TOTAL:3.324564
TIME_CONNECT:0.239661
SIZE_DOWNLOAD:1290
TIMESTAMP:2025-06-20 13:41:35 UTC
TRIGGER:schedule
