---METADATA---
HTTP_STATUS:200
TIME_TOTAL:3.257375
TIME_CONNECT:0.244337
SIZE_DOWNLOAD:1304
TIMESTAMP:2025-06-20 22:50:26 UTC
TRIGGER:schedule
