---METADATA---
HTTP_STATUS:200
TIME_TOTAL:1.227500
TIME_CONNECT:0.312835
SIZE_DOWNLOAD:1292
TIMESTAMP:2025-06-20 11:49:06 UTC
TRIGGER:schedule
