---METADATA---
HTTP_STATUS:200
TIME_TOTAL:3.415464
TIME_CONNECT:0.280106
SIZE_DOWNLOAD:1292
TIMESTAMP:2025-06-20 10:29:36 UTC
TRIGGER:schedule
