---METADATA---
HTTP_STATUS:200
TIME_TOTAL:3.598490
TIME_CONNECT:0.297763
SIZE_DOWNLOAD:1294
TIMESTAMP:2025-06-20 02:54:13 UTC
TRIGGER:schedule
