---METADATA---
HTTP_STATUS:200
TIME_TOTAL:3.589585
TIME_CONNECT:0.273594
SIZE_DOWNLOAD:1296
TIMESTAMP:2025-06-20 05:42:20 UTC
TRIGGER:schedule
