---METADATA---
HTTP_STATUS:200
TIME_TOTAL:1.096248
TIME_CONNECT:0.243216
SIZE_DOWNLOAD:1304
TIMESTAMP:2025-06-20 19:35:29 UTC
TRIGGER:schedule
