---METADATA---
HTTP_STATUS:200
TIME_TOTAL:3.797223
TIME_CONNECT:0.285505
SIZE_DOWNLOAD:1294
TIMESTAMP:2025-06-20 10:40:37 UTC
TRIGGER:schedule
