---METADATA---
HTTP_STATUS:200
TIME_TOTAL:3.271452
TIME_CONNECT:0.225129
SIZE_DOWNLOAD:1304
TIMESTAMP:2025-06-20 14:57:01 UTC
TRIGGER:schedule
