---METADATA---
HTTP_STATUS:200
TIME_TOTAL:3.317504
TIME_CONNECT:0.288913
SIZE_DOWNLOAD:1304
TIMESTAMP:2025-06-20 22:13:07 UTC
TRIGGER:schedule
