---METADATA---
HTTP_STATUS:200
TIME_TOTAL:3.669791
TIME_CONNECT:0.329391
SIZE_DOWNLOAD:1304
TIMESTAMP:2025-06-20 15:14:12 UTC
TRIGGER:schedule
