---METADATA---
HTTP_STATUS:200
TIME_TOTAL:3.447773
TIME_CONNECT:0.241148
SIZE_DOWNLOAD:1292
TIMESTAMP:2025-08-19 17:20:02 UTC
TRIGGER:schedule
