---METADATA---
HTTP_STATUS:200
TIME_TOTAL:3.522902
TIME_CONNECT:0.237626
SIZE_DOWNLOAD:1292
TIMESTAMP:2025-08-19 22:48:22 UTC
TRIGGER:schedule
