---METADATA---
HTTP_STATUS:200
TIME_TOTAL:3.527521
TIME_CONNECT:0.283486
SIZE_DOWNLOAD:1292
TIMESTAMP:2025-08-19 11:27:02 UTC
TRIGGER:schedule
