---METADATA---
HTTP_STATUS:200
TIME_TOTAL:3.376820
TIME_CONNECT:0.287772
SIZE_DOWNLOAD:1292
TIMESTAMP:2025-08-19 21:28:57 UTC
TRIGGER:schedule
