---METADATA---
HTTP_STATUS:200
TIME_TOTAL:3.525452
TIME_CONNECT:0.228286
SIZE_DOWNLOAD:1292
TIMESTAMP:2025-08-19 16:45:12 UTC
TRIGGER:schedule
