---METADATA---
HTTP_STATUS:200
TIME_TOTAL:3.509362
TIME_CONNECT:0.289846
SIZE_DOWNLOAD:1292
TIMESTAMP:2025-08-19 23:24:08 UTC
TRIGGER:schedule
