---METADATA---
HTTP_STATUS:200
TIME_TOTAL:3.441583
TIME_CONNECT:0.282558
SIZE_DOWNLOAD:1292
TIMESTAMP:2025-08-19 20:15:29 UTC
TRIGGER:schedule
