---METADATA---
HTTP_STATUS:200
TIME_TOTAL:3.320303
TIME_CONNECT:0.259681
SIZE_DOWNLOAD:1292
TIMESTAMP:2025-08-19 09:33:27 UTC
TRIGGER:schedule
