---METADATA---
HTTP_STATUS:200
TIME_TOTAL:3.574575
TIME_CONNECT:0.274707
SIZE_DOWNLOAD:1292
TIMESTAMP:2025-08-19 09:14:50 UTC
TRIGGER:schedule
