---METADATA---
HTTP_STATUS:200
TIME_TOTAL:3.412479
TIME_CONNECT:0.280250
SIZE_DOWNLOAD:1292
TIMESTAMP:2025-08-19 16:33:39 UTC
TRIGGER:schedule
