---METADATA---
HTTP_STATUS:200
TIME_TOTAL:3.435629
TIME_CONNECT:0.293238
SIZE_DOWNLOAD:1292
TIMESTAMP:2025-08-19 07:24:54 UTC
TRIGGER:schedule
