---METADATA---
HTTP_STATUS:200
TIME_TOTAL:3.438376
TIME_CONNECT:0.291690
SIZE_DOWNLOAD:1292
TIMESTAMP:2025-08-19 06:39:26 UTC
TRIGGER:schedule
