---METADATA---
HTTP_STATUS:200
TIME_TOTAL:3.463540
TIME_CONNECT:0.276479
SIZE_DOWNLOAD:1292
TIMESTAMP:2025-08-19 04:42:28 UTC
TRIGGER:schedule
