---METADATA---
HTTP_STATUS:200
TIME_TOTAL:3.338397
TIME_CONNECT:0.288474
SIZE_DOWNLOAD:1292
TIMESTAMP:2025-08-19 21:48:04 UTC
TRIGGER:schedule
