---METADATA---
HTTP_STATUS:200
TIME_TOTAL:3.476270
TIME_CONNECT:0.288303
SIZE_DOWNLOAD:1292
TIMESTAMP:2025-08-19 14:59:54 UTC
TRIGGER:schedule
