---METADATA---
HTTP_STATUS:200
TIME_TOTAL:3.479182
TIME_CONNECT:0.278396
SIZE_DOWNLOAD:1292
TIMESTAMP:2025-08-19 23:48:18 UTC
TRIGGER:schedule
