---METADATA---
HTTP_STATUS:200
TIME_TOTAL:3.407195
TIME_CONNECT:0.285174
SIZE_DOWNLOAD:1292
TIMESTAMP:2025-08-19 13:47:00 UTC
TRIGGER:schedule
