---METADATA---
HTTP_STATUS:200
TIME_TOTAL:3.592478
TIME_CONNECT:0.255474
SIZE_DOWNLOAD:1292
TIMESTAMP:2025-08-19 11:11:44 UTC
TRIGGER:schedule
