---METADATA---
HTTP_STATUS:200
TIME_TOTAL:3.491211
TIME_CONNECT:0.274494
SIZE_DOWNLOAD:1292
TIMESTAMP:2025-08-19 19:18:04 UTC
TRIGGER:schedule
