---METADATA---
HTTP_STATUS:200
TIME_TOTAL:3.425320
TIME_CONNECT:0.284799
SIZE_DOWNLOAD:1292
TIMESTAMP:2025-08-19 04:58:07 UTC
TRIGGER:schedule
