---METADATA---
HTTP_STATUS:200
TIME_TOTAL:3.489435
TIME_CONNECT:0.271753
SIZE_DOWNLOAD:1305
TIMESTAMP:2025-08-19 05:27:17 UTC
TRIGGER:schedule
