---METADATA---
HTTP_STATUS:200
TIME_TOTAL:3.445860
TIME_CONNECT:0.274211
SIZE_DOWNLOAD:1292
TIMESTAMP:2025-08-19 03:58:16 UTC
TRIGGER:schedule
