---METADATA---
HTTP_STATUS:200
TIME_TOTAL:3.849147
TIME_CONNECT:0.277796
SIZE_DOWNLOAD:1292
TIMESTAMP:2025-08-19 11:23:24 UTC
TRIGGER:schedule
