---METADATA---
HTTP_STATUS:200
TIME_TOTAL:3.454971
TIME_CONNECT:0.279357
SIZE_DOWNLOAD:1292
TIMESTAMP:2025-08-19 21:51:57 UTC
TRIGGER:schedule
