---METADATA---
HTTP_STATUS:200
TIME_TOTAL:3.411367
TIME_CONNECT:0.247773
SIZE_DOWNLOAD:1292
TIMESTAMP:2025-08-19 03:50:32 UTC
TRIGGER:schedule
