---METADATA---
HTTP_STATUS:200
TIME_TOTAL:3.451689
TIME_CONNECT:0.238859
SIZE_DOWNLOAD:1292
TIMESTAMP:2025-08-19 05:44:15 UTC
TRIGGER:schedule
