---METADATA---
HTTP_STATUS:200
TIME_TOTAL:3.509179
TIME_CONNECT:0.237553
SIZE_DOWNLOAD:1307
TIMESTAMP:2025-08-19 13:40:17 UTC
TRIGGER:schedule
