---METADATA---
HTTP_STATUS:200
TIME_TOTAL:3.530616
TIME_CONNECT:0.253675
SIZE_DOWNLOAD:1292
TIMESTAMP:2025-08-19 08:18:55 UTC
TRIGGER:schedule
