---METADATA---
HTTP_STATUS:200
TIME_TOTAL:3.561674
TIME_CONNECT:0.286498
SIZE_DOWNLOAD:1292
TIMESTAMP:2025-08-19 17:48:31 UTC
TRIGGER:schedule
