---METADATA---
HTTP_STATUS:200
TIME_TOTAL:3.355247
TIME_CONNECT:0.245184
SIZE_DOWNLOAD:1292
TIMESTAMP:2025-08-19 09:25:10 UTC
TRIGGER:schedule
