---METADATA---
HTTP_STATUS:200
TIME_TOTAL:3.506377
TIME_CONNECT:0.291396
SIZE_DOWNLOAD:1292
TIMESTAMP:2025-08-19 20:27:43 UTC
TRIGGER:schedule
