---METADATA---
HTTP_STATUS:200
TIME_TOTAL:3.462111
TIME_CONNECT:0.288359
SIZE_DOWNLOAD:1292
TIMESTAMP:2025-08-19 07:48:28 UTC
TRIGGER:schedule
