---METADATA---
HTTP_STATUS:200
TIME_TOTAL:3.691962
TIME_CONNECT:0.281227
SIZE_DOWNLOAD:1292
TIMESTAMP:2025-08-19 09:57:07 UTC
TRIGGER:schedule
