---METADATA---
HTTP_STATUS:200
TIME_TOTAL:3.419870
TIME_CONNECT:0.271650
SIZE_DOWNLOAD:1292
TIMESTAMP:2025-08-19 02:05:27 UTC
TRIGGER:schedule
