---METADATA---
HTTP_STATUS:200
TIME_TOTAL:3.449192
TIME_CONNECT:0.275083
SIZE_DOWNLOAD:1292
TIMESTAMP:2025-08-19 17:50:10 UTC
TRIGGER:schedule
