---METADATA---
HTTP_STATUS:200
TIME_TOTAL:3.546279
TIME_CONNECT:0.282113
SIZE_DOWNLOAD:1292
TIMESTAMP:2025-08-19 10:29:04 UTC
TRIGGER:schedule
