---METADATA---
HTTP_STATUS:200
TIME_TOTAL:3.586047
TIME_CONNECT:0.231989
SIZE_DOWNLOAD:1292
TIMESTAMP:2025-08-19 22:57:04 UTC
TRIGGER:schedule
