---METADATA---
HTTP_STATUS:200
TIME_TOTAL:3.280318
TIME_CONNECT:0.216118
SIZE_DOWNLOAD:1292
TIMESTAMP:2025-08-19 23:39:54 UTC
TRIGGER:schedule
