---METADATA---
HTTP_STATUS:200
TIME_TOTAL:1.057769
TIME_CONNECT:0.291439
SIZE_DOWNLOAD:1292
TIMESTAMP:2025-08-19 04:27:08 UTC
TRIGGER:schedule
