---METADATA---
HTTP_STATUS:200
TIME_TOTAL:1.124278
TIME_CONNECT:0.285598
SIZE_DOWNLOAD:1292
TIMESTAMP:2025-08-19 19:35:08 UTC
TRIGGER:schedule
