---METADATA---
HTTP_STATUS:200
TIME_TOTAL:3.397606
TIME_CONNECT:0.292125
SIZE_DOWNLOAD:1292
TIMESTAMP:2025-08-19 14:13:43 UTC
TRIGGER:schedule
