---METADATA---
HTTP_STATUS:200
TIME_TOTAL:3.476188
TIME_CONNECT:0.279037
SIZE_DOWNLOAD:1292
TIMESTAMP:2025-08-19 13:51:43 UTC
TRIGGER:schedule
