---METADATA---
HTTP_STATUS:200
TIME_TOTAL:3.402823
TIME_CONNECT:0.280677
SIZE_DOWNLOAD:1292
TIMESTAMP:2025-08-19 21:39:49 UTC
TRIGGER:schedule
