---METADATA---
HTTP_STATUS:200
TIME_TOTAL:3.423568
TIME_CONNECT:0.221619
SIZE_DOWNLOAD:1292
TIMESTAMP:2025-08-19 12:46:57 UTC
TRIGGER:schedule
