---METADATA---
HTTP_STATUS:200
TIME_TOTAL:3.499223
TIME_CONNECT:0.294691
SIZE_DOWNLOAD:1292
TIMESTAMP:2025-08-19 14:51:30 UTC
TRIGGER:schedule
