---METADATA---
HTTP_STATUS:200
TIME_TOTAL:3.520711
TIME_CONNECT:0.276264
SIZE_DOWNLOAD:1292
TIMESTAMP:2025-08-19 10:38:33 UTC
TRIGGER:schedule
