---METADATA---
HTTP_STATUS:200
TIME_TOTAL:3.426244
TIME_CONNECT:0.268376
SIZE_DOWNLOAD:1292
TIMESTAMP:2025-08-19 14:29:17 UTC
TRIGGER:schedule
