---METADATA---
HTTP_STATUS:200
TIME_TOTAL:3.595544
TIME_CONNECT:0.280284
SIZE_DOWNLOAD:1292
TIMESTAMP:2025-08-19 20:57:06 UTC
TRIGGER:schedule
