---METADATA---
HTTP_STATUS:200
TIME_TOTAL:3.528569
TIME_CONNECT:0.275374
SIZE_DOWNLOAD:1292
TIMESTAMP:2025-08-19 11:48:04 UTC
TRIGGER:schedule
