---METADATA---
HTTP_STATUS:200
TIME_TOTAL:3.582553
TIME_CONNECT:0.341803
SIZE_DOWNLOAD:1292
TIMESTAMP:2025-08-19 10:51:20 UTC
TRIGGER:schedule
