---METADATA---
HTTP_STATUS:200
TIME_TOTAL:3.364003
TIME_CONNECT:0.241747
SIZE_DOWNLOAD:1292
TIMESTAMP:2025-08-19 19:30:04 UTC
TRIGGER:schedule
