---METADATA---
HTTP_STATUS:200
TIME_TOTAL:3.417889
TIME_CONNECT:0.237518
SIZE_DOWNLOAD:1292
TIMESTAMP:2025-08-19 18:53:32 UTC
TRIGGER:schedule
