---METADATA---
HTTP_STATUS:200
TIME_TOTAL:3.570377
TIME_CONNECT:0.276029
SIZE_DOWNLOAD:1292
TIMESTAMP:2025-08-19 05:33:27 UTC
TRIGGER:schedule
