---METADATA---
HTTP_STATUS:200
TIME_TOTAL:1.060377
TIME_CONNECT:0.226298
SIZE_DOWNLOAD:1292
TIMESTAMP:2025-08-19 15:49:59 UTC
TRIGGER:schedule
