---METADATA---
HTTP_STATUS:200
TIME_TOTAL:3.425212
TIME_CONNECT:0.255913
SIZE_DOWNLOAD:1292
TIMESTAMP:2025-08-19 09:43:12 UTC
TRIGGER:schedule
