---METADATA---
HTTP_STATUS:200
TIME_TOTAL:3.425376
TIME_CONNECT:0.242336
SIZE_DOWNLOAD:1307
TIMESTAMP:2025-08-19 04:52:40 UTC
TRIGGER:schedule
