---METADATA---
HTTP_STATUS:200
TIME_TOTAL:3.637753
TIME_CONNECT:0.286170
SIZE_DOWNLOAD:1292
TIMESTAMP:2025-08-19 06:49:15 UTC
TRIGGER:schedule
