---METADATA---
HTTP_STATUS:200
TIME_TOTAL:1.083369
TIME_CONNECT:0.245174
SIZE_DOWNLOAD:1292
TIMESTAMP:2025-08-19 23:28:32 UTC
TRIGGER:schedule
