---METADATA---
HTTP_STATUS:200
TIME_TOTAL:3.595986
TIME_CONNECT:0.272268
SIZE_DOWNLOAD:1292
TIMESTAMP:2025-08-19 22:21:25 UTC
TRIGGER:schedule
