---METADATA---
HTTP_STATUS:200
TIME_TOTAL:3.522465
TIME_CONNECT:0.255991
SIZE_DOWNLOAD:1292
TIMESTAMP:2025-08-19 20:37:46 UTC
TRIGGER:schedule
