---METADATA---
HTTP_STATUS:200
TIME_TOTAL:3.429542
TIME_CONNECT:0.299431
SIZE_DOWNLOAD:1292
TIMESTAMP:2025-08-19 20:43:21 UTC
TRIGGER:schedule
