---METADATA---
HTTP_STATUS:200
TIME_TOTAL:3.489913
TIME_CONNECT:0.241746
SIZE_DOWNLOAD:1292
TIMESTAMP:2025-08-19 15:33:59 UTC
TRIGGER:schedule
