---METADATA---
HTTP_STATUS:200
TIME_TOTAL:3.493708
TIME_CONNECT:0.246931
SIZE_DOWNLOAD:1292
TIMESTAMP:2025-08-19 21:12:45 UTC
TRIGGER:schedule
