---METADATA---
HTTP_STATUS:200
TIME_TOTAL:3.319242
TIME_CONNECT:0.273481
SIZE_DOWNLOAD:1292
TIMESTAMP:2025-08-19 09:49:18 UTC
TRIGGER:schedule
