---METADATA---
HTTP_STATUS:200
TIME_TOTAL:3.468248
TIME_CONNECT:0.300953
SIZE_DOWNLOAD:1294
TIMESTAMP:2025-08-19 05:13:59 UTC
TRIGGER:schedule
