---METADATA---
HTTP_STATUS:200
TIME_TOTAL:3.944742
TIME_CONNECT:0.226935
SIZE_DOWNLOAD:1292
TIMESTAMP:2025-08-19 08:34:56 UTC
TRIGGER:schedule
