---METADATA---
HTTP_STATUS:200
TIME_TOTAL:3.534864
TIME_CONNECT:0.291720
SIZE_DOWNLOAD:1292
TIMESTAMP:2025-08-19 18:19:09 UTC
TRIGGER:schedule
