---METADATA---
HTTP_STATUS:200
TIME_TOTAL:3.497185
TIME_CONNECT:0.294036
SIZE_DOWNLOAD:1292
TIMESTAMP:2025-08-19 07:57:01 UTC
TRIGGER:schedule
