---METADATA---
HTTP_STATUS:200
TIME_TOTAL:3.445940
TIME_CONNECT:0.281779
SIZE_DOWNLOAD:1292
TIMESTAMP:2025-08-19 22:13:08 UTC
TRIGGER:schedule
