---METADATA---
HTTP_STATUS:200
TIME_TOTAL:3.463486
TIME_CONNECT:0.276684
SIZE_DOWNLOAD:1292
TIMESTAMP:2025-08-19 16:17:14 UTC
TRIGGER:schedule
