---METADATA---
HTTP_STATUS:200
TIME_TOTAL:3.317525
TIME_CONNECT:0.244366
SIZE_DOWNLOAD:1292
TIMESTAMP:2025-08-19 01:07:44 UTC
TRIGGER:schedule
