---METADATA---
HTTP_STATUS:200
TIME_TOTAL:3.432445
TIME_CONNECT:0.225307
SIZE_DOWNLOAD:1292
TIMESTAMP:2025-08-19 15:46:10 UTC
TRIGGER:schedule
