---METADATA---
HTTP_STATUS:200
TIME_TOTAL:3.346787
TIME_CONNECT:0.276762
SIZE_DOWNLOAD:1292
TIMESTAMP:2025-08-19 19:48:23 UTC
TRIGGER:schedule
