---METADATA---
HTTP_STATUS:200
TIME_TOTAL:3.900633
TIME_CONNECT:0.253585
SIZE_DOWNLOAD:1292
TIMESTAMP:2025-08-19 04:46:05 UTC
TRIGGER:schedule
