---METADATA---
HTTP_STATUS:200
TIME_TOTAL:3.580322
TIME_CONNECT:0.260865
SIZE_DOWNLOAD:1292
TIMESTAMP:2025-08-19 23:12:38 UTC
TRIGGER:schedule
