---METADATA---
HTTP_STATUS:200
TIME_TOTAL:1.095058
TIME_CONNECT:0.247996
SIZE_DOWNLOAD:1292
TIMESTAMP:2025-08-19 07:30:13 UTC
TRIGGER:schedule
