---METADATA---
HTTP_STATUS:200
TIME_TOTAL:3.555949
TIME_CONNECT:0.236536
SIZE_DOWNLOAD:1292
TIMESTAMP:2025-08-19 22:42:03 UTC
TRIGGER:schedule
