---METADATA---
HTTP_STATUS:200
TIME_TOTAL:3.439152
TIME_CONNECT:0.283329
SIZE_DOWNLOAD:1292
TIMESTAMP:2025-08-19 18:30:47 UTC
TRIGGER:schedule
