---METADATA---
HTTP_STATUS:200
TIME_TOTAL:3.544231
TIME_CONNECT:0.289190
SIZE_DOWNLOAD:1292
TIMESTAMP:2025-08-19 10:15:03 UTC
TRIGGER:schedule
