---METADATA---
HTTP_STATUS:200
TIME_TOTAL:3.462755
TIME_CONNECT:0.272622
SIZE_DOWNLOAD:1292
TIMESTAMP:2025-08-19 19:25:01 UTC
TRIGGER:schedule
