---METADATA---
HTTP_STATUS:200
TIME_TOTAL:3.414882
TIME_CONNECT:0.271695
SIZE_DOWNLOAD:1292
TIMESTAMP:2025-08-19 12:28:27 UTC
TRIGGER:schedule
