---METADATA---
HTTP_STATUS:200
TIME_TOTAL:3.554433
TIME_CONNECT:0.376786
SIZE_DOWNLOAD:1292
TIMESTAMP:2025-08-19 18:46:51 UTC
TRIGGER:schedule
