---METADATA---
HTTP_STATUS:200
TIME_TOTAL:3.296191
TIME_CONNECT:0.292132
SIZE_DOWNLOAD:1292
TIMESTAMP:2025-08-19 19:10:55 UTC
TRIGGER:schedule
