---METADATA---
HTTP_STATUS:200
TIME_TOTAL:3.540532
TIME_CONNECT:0.278466
SIZE_DOWNLOAD:1292
TIMESTAMP:2025-08-19 03:16:08 UTC
TRIGGER:schedule
