---METADATA---
HTTP_STATUS:200
TIME_TOTAL:3.523703
TIME_CONNECT:0.282916
SIZE_DOWNLOAD:1292
TIMESTAMP:2025-08-19 05:48:38 UTC
TRIGGER:schedule
