---METADATA---
HTTP_STATUS:200
TIME_TOTAL:3.518538
TIME_CONNECT:0.282919
SIZE_DOWNLOAD:1292
TIMESTAMP:2025-08-19 23:51:55 UTC
TRIGGER:schedule
