---METADATA---
HTTP_STATUS:200
TIME_TOTAL:3.525194
TIME_CONNECT:0.278953
SIZE_DOWNLOAD:1292
TIMESTAMP:2025-08-19 17:31:10 UTC
TRIGGER:schedule
