---METADATA---
HTTP_STATUS:200
TIME_TOTAL:3.429260
TIME_CONNECT:0.291665
SIZE_DOWNLOAD:1292
TIMESTAMP:2025-08-19 14:35:32 UTC
TRIGGER:schedule
