---METADATA---
HTTP_STATUS:200
TIME_TOTAL:3.323210
TIME_CONNECT:0.277160
SIZE_DOWNLOAD:1292
TIMESTAMP:2025-08-19 21:24:01 UTC
TRIGGER:schedule
