---METADATA---
HTTP_STATUS:200
TIME_TOTAL:3.500510
TIME_CONNECT:0.274532
SIZE_DOWNLOAD:1292
TIMESTAMP:2025-08-19 11:39:54 UTC
TRIGGER:schedule
