---METADATA---
HTTP_STATUS:200
TIME_TOTAL:3.364102
TIME_CONNECT:0.222577
SIZE_DOWNLOAD:1292
TIMESTAMP:2025-08-19 22:32:49 UTC
TRIGGER:schedule
