---METADATA---
HTTP_STATUS:200
TIME_TOTAL:3.504629
TIME_CONNECT:0.287932
SIZE_DOWNLOAD:1292
TIMESTAMP:2025-08-19 10:47:25 UTC
TRIGGER:schedule
