---METADATA---
HTTP_STATUS:200
TIME_TOTAL:3.421880
TIME_CONNECT:0.238527
SIZE_DOWNLOAD:1292
TIMESTAMP:2025-08-19 17:12:20 UTC
TRIGGER:schedule
