---METADATA---
HTTP_STATUS:200
TIME_TOTAL:3.631230
TIME_CONNECT:0.276748
SIZE_DOWNLOAD:1292
TIMESTAMP:2025-08-19 16:53:25 UTC
TRIGGER:schedule
