---METADATA---
HTTP_STATUS:200
TIME_TOTAL:3.452896
TIME_CONNECT:0.284859
SIZE_DOWNLOAD:1292
TIMESTAMP:2025-08-19 06:56:32 UTC
TRIGGER:schedule
