---METADATA---
HTTP_STATUS:200
TIME_TOTAL:3.485589
TIME_CONNECT:0.278751
SIZE_DOWNLOAD:1292
TIMESTAMP:2025-08-19 04:24:59 UTC
TRIGGER:schedule
