---METADATA---
HTTP_STATUS:200
TIME_TOTAL:3.760228
TIME_CONNECT:0.300314
SIZE_DOWNLOAD:1292
TIMESTAMP:2025-08-19 07:40:54 UTC
TRIGGER:schedule
