---METADATA---
HTTP_STATUS:200
TIME_TOTAL:3.572539
TIME_CONNECT:0.259230
SIZE_DOWNLOAD:1292
TIMESTAMP:2025-08-19 10:59:16 UTC
TRIGGER:schedule
