---METADATA---
HTTP_STATUS:200
TIME_TOTAL:3.569656
TIME_CONNECT:0.288713
SIZE_DOWNLOAD:1292
TIMESTAMP:2025-08-19 19:57:08 UTC
TRIGGER:schedule
