---METADATA---
HTTP_STATUS:200
TIME_TOTAL:3.384776
TIME_CONNECT:0.289407
SIZE_DOWNLOAD:1292
TIMESTAMP:2025-08-19 15:29:35 UTC
TRIGGER:schedule
