---METADATA---
HTTP_STATUS:200
TIME_TOTAL:3.635846
TIME_CONNECT:0.239056
SIZE_DOWNLOAD:1292
TIMESTAMP:2025-08-19 17:38:17 UTC
TRIGGER:schedule
