---METADATA---
HTTP_STATUS:200
TIME_TOTAL:3.500041
TIME_CONNECT:0.267588
SIZE_DOWNLOAD:1292
TIMESTAMP:2025-08-19 03:38:32 UTC
TRIGGER:schedule
