---METADATA---
HTTP_STATUS:200
TIME_TOTAL:3.547740
TIME_CONNECT:0.255642
SIZE_DOWNLOAD:1292
TIMESTAMP:2025-08-19 07:13:29 UTC
TRIGGER:schedule
