---METADATA---
HTTP_STATUS:200
TIME_TOTAL:3.460612
TIME_CONNECT:0.271297
SIZE_DOWNLOAD:1290
TIMESTAMP:2025-08-19 13:05:35 UTC
TRIGGER:schedule
