---METADATA---
HTTP_STATUS:200
TIME_TOTAL:3.643286
TIME_CONNECT:0.339661
SIZE_DOWNLOAD:1292
TIMESTAMP:2025-08-19 08:46:06 UTC
TRIGGER:schedule
