---METADATA---
HTTP_STATUS:200
TIME_TOTAL:3.509559
TIME_CONNECT:0.239943
SIZE_DOWNLOAD:1292
TIMESTAMP:2025-08-19 11:37:22 UTC
TRIGGER:schedule
