---METADATA---
HTTP_STATUS:200
TIME_TOTAL:3.510637
TIME_CONNECT:0.280318
SIZE_DOWNLOAD:1292
TIMESTAMP:2025-08-19 08:54:13 UTC
TRIGGER:schedule
