---METADATA---
HTTP_STATUS:200
TIME_TOTAL:3.426336
TIME_CONNECT:0.230453
SIZE_DOWNLOAD:1292
TIMESTAMP:2025-08-19 15:58:07 UTC
TRIGGER:schedule
