---METADATA---
HTTP_STATUS:200
TIME_TOTAL:3.455718
TIME_CONNECT:0.217387
SIZE_DOWNLOAD:1292
TIMESTAMP:2025-08-19 11:52:08 UTC
TRIGGER:schedule
