---METADATA---
HTTP_STATUS:200
TIME_TOTAL:3.330008
TIME_CONNECT:0.289791
SIZE_DOWNLOAD:1292
TIMESTAMP:2025-08-19 19:42:00 UTC
TRIGGER:schedule
