---METADATA---
HTTP_STATUS:200
TIME_TOTAL:3.625662
TIME_CONNECT:0.251851
SIZE_DOWNLOAD:1292
TIMESTAMP:2025-08-19 14:48:05 UTC
TRIGGER:schedule
