---METADATA---
HTTP_STATUS:200
TIME_TOTAL:3.552016
TIME_CONNECT:0.300020
SIZE_DOWNLOAD:1292
TIMESTAMP:2025-08-19 02:47:46 UTC
TRIGGER:schedule
