---METADATA---
HTTP_STATUS:200
TIME_TOTAL:3.514289
TIME_CONNECT:0.250266
SIZE_DOWNLOAD:1292
TIMESTAMP:2025-08-19 05:57:07 UTC
TRIGGER:schedule
