---METADATA---
HTTP_STATUS:200
TIME_TOTAL:3.559962
TIME_CONNECT:0.310053
SIZE_DOWNLOAD:1292
TIMESTAMP:2025-08-19 06:21:16 UTC
TRIGGER:schedule
