---METADATA---
HTTP_STATUS:200
TIME_TOTAL:1.020736
TIME_CONNECT:0.281096
SIZE_DOWNLOAD:1292
TIMESTAMP:2025-08-19 20:48:52 UTC
TRIGGER:schedule
