---METADATA---
HTTP_STATUS:200
TIME_TOTAL:3.568761
TIME_CONNECT:0.286699
SIZE_DOWNLOAD:1291
TIMESTAMP:2025-08-19 13:21:17 UTC
TRIGGER:schedule
