---METADATA---
HTTP_STATUS:200
TIME_TOTAL:3.468999
TIME_CONNECT:0.231704
SIZE_DOWNLOAD:1292
TIMESTAMP:2025-08-19 15:14:58 UTC
TRIGGER:schedule
