---METADATA---
HTTP_STATUS:200
TIME_TOTAL:3.515157
TIME_CONNECT:0.230264
SIZE_DOWNLOAD:1292
TIMESTAMP:2025-08-19 13:59:04 UTC
TRIGGER:schedule
