---METADATA---
HTTP_STATUS:200
TIME_TOTAL:3.616184
TIME_CONNECT:0.286314
SIZE_DOWNLOAD:1294
TIMESTAMP:2025-07-19 02:58:52 UTC
TRIGGER:schedule
