---METADATA---
HTTP_STATUS:200
TIME_TOTAL:3.275160
TIME_CONNECT:0.268362
SIZE_DOWNLOAD:1294
TIMESTAMP:2025-07-19 16:16:21 UTC
TRIGGER:schedule
