---METADATA---
HTTP_STATUS:200
TIME_TOTAL:3.359603
TIME_CONNECT:0.255751
SIZE_DOWNLOAD:1294
TIMESTAMP:2025-07-19 19:32:16 UTC
TRIGGER:schedule
