---METADATA---
HTTP_STATUS:200
TIME_TOTAL:3.606339
TIME_CONNECT:0.288304
SIZE_DOWNLOAD:1294
TIMESTAMP:2025-07-19 15:33:09 UTC
TRIGGER:schedule
