---METADATA---
HTTP_STATUS:200
TIME_TOTAL:3.513169
TIME_CONNECT:0.281334
SIZE_DOWNLOAD:1294
TIMESTAMP:2025-07-19 11:38:51 UTC
TRIGGER:schedule
