---METADATA---
HTTP_STATUS:200
TIME_TOTAL:1.030240
TIME_CONNECT:0.314391
SIZE_DOWNLOAD:1294
TIMESTAMP:2025-07-19 05:44:00 UTC
TRIGGER:schedule
