---METADATA---
HTTP_STATUS:200
TIME_TOTAL:3.319375
TIME_CONNECT:0.274287
SIZE_DOWNLOAD:1294
TIMESTAMP:2025-07-19 19:25:34 UTC
TRIGGER:schedule
