---METADATA---
HTTP_STATUS:200
TIME_TOTAL:1.041927
TIME_CONNECT:0.251181
SIZE_DOWNLOAD:1294
TIMESTAMP:2025-07-19 07:30:44 UTC
TRIGGER:schedule
