---METADATA---
HTTP_STATUS:200
TIME_TOTAL:3.439499
TIME_CONNECT:0.235099
SIZE_DOWNLOAD:1294
TIMESTAMP:2025-07-19 14:43:50 UTC
TRIGGER:schedule
