---METADATA---
HTTP_STATUS:200
TIME_TOTAL:3.463200
TIME_CONNECT:0.282224
SIZE_DOWNLOAD:1294
TIMESTAMP:2025-07-19 10:52:42 UTC
TRIGGER:schedule
