---METADATA---
HTTP_STATUS:200
TIME_TOTAL:3.292361
TIME_CONNECT:0.238798
SIZE_DOWNLOAD:1294
TIMESTAMP:2025-07-19 19:58:29 UTC
TRIGGER:schedule
