---METADATA---
HTTP_STATUS:200
TIME_TOTAL:3.317742
TIME_CONNECT:0.230826
SIZE_DOWNLOAD:1309
TIMESTAMP:2025-07-19 01:11:23 UTC
TRIGGER:schedule
