---METADATA---
HTTP_STATUS:200
TIME_TOTAL:3.371599
TIME_CONNECT:0.297575
SIZE_DOWNLOAD:1294
TIMESTAMP:2025-07-19 22:46:24 UTC
TRIGGER:schedule
