---METADATA---
HTTP_STATUS:200
TIME_TOTAL:3.228184
TIME_CONNECT:0.208576
SIZE_DOWNLOAD:1294
TIMESTAMP:2025-07-19 18:36:51 UTC
TRIGGER:schedule
