---METADATA---
HTTP_STATUS:200
TIME_TOTAL:3.723974
TIME_CONNECT:0.220925
SIZE_DOWNLOAD:1305
TIMESTAMP:2025-07-19 07:13:23 UTC
TRIGGER:schedule
