---METADATA---
HTTP_STATUS:200
TIME_TOTAL:3.407738
TIME_CONNECT:0.352590
SIZE_DOWNLOAD:1294
TIMESTAMP:2025-07-19 23:15:47 UTC
TRIGGER:schedule
