---METADATA---
HTTP_STATUS:200
TIME_TOTAL:3.433031
TIME_CONNECT:0.269316
SIZE_DOWNLOAD:1294
TIMESTAMP:2025-07-19 07:56:50 UTC
TRIGGER:schedule
