---METADATA---
HTTP_STATUS:200
TIME_TOTAL:3.299947
TIME_CONNECT:0.278595
SIZE_DOWNLOAD:1294
TIMESTAMP:2025-07-19 21:48:45 UTC
TRIGGER:schedule
