---METADATA---
HTTP_STATUS:200
TIME_TOTAL:3.532538
TIME_CONNECT:0.210722
SIZE_DOWNLOAD:1296
TIMESTAMP:2025-07-19 09:57:06 UTC
TRIGGER:schedule
