---METADATA---
HTTP_STATUS:200
TIME_TOTAL:3.469863
TIME_CONNECT:0.253698
SIZE_DOWNLOAD:1294
TIMESTAMP:2025-07-19 17:34:33 UTC
TRIGGER:schedule
