---METADATA---
HTTP_STATUS:200
TIME_TOTAL:1.074178
TIME_CONNECT:0.284846
SIZE_DOWNLOAD:1294
TIMESTAMP:2025-07-19 20:35:01 UTC
TRIGGER:schedule
