---METADATA---
HTTP_STATUS:200
TIME_TOTAL:3.521159
TIME_CONNECT:0.260277
SIZE_DOWNLOAD:1294
TIMESTAMP:2025-07-19 16:47:04 UTC
TRIGGER:schedule
