---METADATA---
HTTP_STATUS:200
TIME_TOTAL:3.553047
TIME_CONNECT:0.250133
SIZE_DOWNLOAD:1294
TIMESTAMP:2025-07-19 18:18:51 UTC
TRIGGER:schedule
