---METADATA---
HTTP_STATUS:200
TIME_TOTAL:3.467332
TIME_CONNECT:0.249330
SIZE_DOWNLOAD:1294
TIMESTAMP:2025-07-19 13:53:38 UTC
TRIGGER:schedule
