---METADATA---
HTTP_STATUS:200
TIME_TOTAL:3.644280
TIME_CONNECT:0.274249
SIZE_DOWNLOAD:1294
TIMESTAMP:2025-07-19 05:17:04 UTC
TRIGGER:schedule
