---METADATA---
HTTP_STATUS:200
TIME_TOTAL:3.323591
TIME_CONNECT:0.210799
SIZE_DOWNLOAD:1294
TIMESTAMP:2025-07-19 14:20:57 UTC
TRIGGER:schedule
