---METADATA---
HTTP_STATUS:200
TIME_TOTAL:3.578592
TIME_CONNECT:0.285620
SIZE_DOWNLOAD:1294
TIMESTAMP:2025-07-19 08:45:53 UTC
TRIGGER:schedule
