---METADATA---
HTTP_STATUS:200
TIME_TOTAL:3.408399
TIME_CONNECT:0.222678
SIZE_DOWNLOAD:1294
TIMESTAMP:2025-07-19 05:53:45 UTC
TRIGGER:schedule
