---METADATA---
HTTP_STATUS:200
TIME_TOTAL:3.403101
TIME_CONNECT:0.281956
SIZE_DOWNLOAD:1294
TIMESTAMP:2025-07-19 20:59:08 UTC
TRIGGER:schedule
