---METADATA---
HTTP_STATUS:200
TIME_TOTAL:3.645315
TIME_CONNECT:0.296786
SIZE_DOWNLOAD:1294
TIMESTAMP:2025-07-19 13:39:37 UTC
TRIGGER:schedule
