---METADATA---
HTTP_STATUS:200
TIME_TOTAL:3.402537
TIME_CONNECT:0.238089
SIZE_DOWNLOAD:1294
TIMESTAMP:2025-07-19 20:15:06 UTC
TRIGGER:schedule
