---METADATA---
HTTP_STATUS:200
TIME_TOTAL:3.644457
TIME_CONNECT:0.286769
SIZE_DOWNLOAD:1296
TIMESTAMP:2025-07-19 09:42:45 UTC
TRIGGER:schedule
