---METADATA---
HTTP_STATUS:200
TIME_TOTAL:3.459101
TIME_CONNECT:0.271835
SIZE_DOWNLOAD:1293
TIMESTAMP:2025-07-19 13:51:25 UTC
TRIGGER:schedule
