---METADATA---
HTTP_STATUS:200
TIME_TOTAL:3.503702
TIME_CONNECT:0.280706
SIZE_DOWNLOAD:1294
TIMESTAMP:2025-07-19 11:27:23 UTC
TRIGGER:schedule
