---METADATA---
HTTP_STATUS:200
TIME_TOTAL:3.385686
TIME_CONNECT:0.230102
SIZE_DOWNLOAD:1294
TIMESTAMP:2025-07-19 23:52:52 UTC
TRIGGER:schedule
