---METADATA---
HTTP_STATUS:200
TIME_TOTAL:3.512930
TIME_CONNECT:0.288745
SIZE_DOWNLOAD:1294
TIMESTAMP:2025-07-19 02:19:00 UTC
TRIGGER:schedule
