---METADATA---
HTTP_STATUS:200
TIME_TOTAL:3.536434
TIME_CONNECT:0.277736
SIZE_DOWNLOAD:1294
TIMESTAMP:2025-07-19 23:29:43 UTC
TRIGGER:schedule
