---METADATA---
HTTP_STATUS:200
TIME_TOTAL:3.465761
TIME_CONNECT:0.280828
SIZE_DOWNLOAD:1294
TIMESTAMP:2025-07-19 21:12:49 UTC
TRIGGER:schedule
