---METADATA---
HTTP_STATUS:200
TIME_TOTAL:3.406205
TIME_CONNECT:0.249119
SIZE_DOWNLOAD:1294
TIMESTAMP:2025-07-19 17:56:49 UTC
TRIGGER:schedule
