---METADATA---
HTTP_STATUS:200
TIME_TOTAL:3.309931
TIME_CONNECT:0.230968
SIZE_DOWNLOAD:1294
TIMESTAMP:2025-07-19 17:13:37 UTC
TRIGGER:schedule
