---METADATA---
HTTP_STATUS:200
TIME_TOTAL:3.402953
TIME_CONNECT:0.272164
SIZE_DOWNLOAD:1294
TIMESTAMP:2025-07-19 21:30:34 UTC
TRIGGER:schedule
