---METADATA---
HTTP_STATUS:200
TIME_TOTAL:3.429755
TIME_CONNECT:0.242122
SIZE_DOWNLOAD:1294
TIMESTAMP:2025-07-19 16:54:38 UTC
TRIGGER:schedule
