---METADATA---
HTTP_STATUS:200
TIME_TOTAL:3.593894
TIME_CONNECT:0.283436
SIZE_DOWNLOAD:1294
TIMESTAMP:2025-07-19 11:07:36 UTC
TRIGGER:schedule
