---METADATA---
HTTP_STATUS:200
TIME_TOTAL:3.528135
TIME_CONNECT:0.275946
SIZE_DOWNLOAD:1294
TIMESTAMP:2025-07-19 04:16:51 UTC
TRIGGER:schedule
