---METADATA---
HTTP_STATUS:200
TIME_TOTAL:3.350195
TIME_CONNECT:0.277464
SIZE_DOWNLOAD:1294
TIMESTAMP:2025-07-19 19:46:52 UTC
TRIGGER:schedule
