---METADATA---
HTTP_STATUS:200
TIME_TOTAL:3.537624
TIME_CONNECT:0.299861
SIZE_DOWNLOAD:1309
TIMESTAMP:2025-07-19 10:14:31 UTC
TRIGGER:schedule
