---METADATA---
HTTP_STATUS:200
TIME_TOTAL:3.464654
TIME_CONNECT:0.284213
SIZE_DOWNLOAD:1292
TIMESTAMP:2025-07-19 13:05:32 UTC
TRIGGER:schedule
