---METADATA---
HTTP_STATUS:200
TIME_TOTAL:3.640530
TIME_CONNECT:0.310714
SIZE_DOWNLOAD:1294
TIMESTAMP:2025-07-19 04:26:23 UTC
TRIGGER:schedule
