---METADATA---
HTTP_STATUS:200
TIME_TOTAL:3.564723
TIME_CONNECT:0.273328
SIZE_DOWNLOAD:1294
TIMESTAMP:2025-07-19 06:49:38 UTC
TRIGGER:schedule
