---METADATA---
HTTP_STATUS:200
TIME_TOTAL:3.556373
TIME_CONNECT:0.290956
SIZE_DOWNLOAD:1294
TIMESTAMP:2025-07-19 17:44:29 UTC
TRIGGER:schedule
