---METADATA---
HTTP_STATUS:200
TIME_TOTAL:3.528729
TIME_CONNECT:0.279116
SIZE_DOWNLOAD:1294
TIMESTAMP:2025-07-19 10:49:03 UTC
TRIGGER:schedule
