---METADATA---
HTTP_STATUS:200
TIME_TOTAL:3.644663
TIME_CONNECT:0.280867
SIZE_DOWNLOAD:1294
TIMESTAMP:2025-07-19 11:42:14 UTC
TRIGGER:schedule
