---METADATA---
HTTP_STATUS:200
TIME_TOTAL:1.152539
TIME_CONNECT:0.282392
SIZE_DOWNLOAD:1294
TIMESTAMP:2025-07-19 11:11:57 UTC
TRIGGER:schedule
