---METADATA---
HTTP_STATUS:200
TIME_TOTAL:3.058204
TIME_CONNECT:0.268989
SIZE_DOWNLOAD:1294
TIMESTAMP:2025-07-19 17:21:09 UTC
TRIGGER:schedule
