---METADATA---
HTTP_STATUS:200
TIME_TOTAL:3.521535
TIME_CONNECT:0.284549
SIZE_DOWNLOAD:1294
TIMESTAMP:2025-07-19 03:53:48 UTC
TRIGGER:schedule
