---METADATA---
HTTP_STATUS:200
TIME_TOTAL:3.468192
TIME_CONNECT:0.274472
SIZE_DOWNLOAD:1294
TIMESTAMP:2025-07-19 07:41:09 UTC
TRIGGER:schedule
