---METADATA---
HTTP_STATUS:200
TIME_TOTAL:3.423468
TIME_CONNECT:0.279863
SIZE_DOWNLOAD:1294
TIMESTAMP:2025-07-19 15:27:33 UTC
TRIGGER:schedule
