---METADATA---
HTTP_STATUS:200
TIME_TOTAL:3.220082
TIME_CONNECT:0.229572
SIZE_DOWNLOAD:1294
TIMESTAMP:2025-07-19 21:56:48 UTC
TRIGGER:schedule
