---METADATA---
HTTP_STATUS:200
TIME_TOTAL:3.966409
TIME_CONNECT:0.288728
SIZE_DOWNLOAD:1294
TIMESTAMP:2025-07-19 04:51:18 UTC
TRIGGER:schedule
