---METADATA---
HTTP_STATUS:200
TIME_TOTAL:1.078625
TIME_CONNECT:0.248059
SIZE_DOWNLOAD:1294
TIMESTAMP:2025-07-19 19:36:04 UTC
TRIGGER:schedule
