---METADATA---
HTTP_STATUS:200
TIME_TOTAL:3.626532
TIME_CONNECT:0.274385
SIZE_DOWNLOAD:1294
TIMESTAMP:2025-07-19 15:13:40 UTC
TRIGGER:schedule
