---METADATA---
HTTP_STATUS:200
TIME_TOTAL:3.336272
TIME_CONNECT:0.280061
SIZE_DOWNLOAD:1294
TIMESTAMP:2025-07-19 22:26:34 UTC
TRIGGER:schedule
