---METADATA---
HTTP_STATUS:200
TIME_TOTAL:3.720733
TIME_CONNECT:0.279682
SIZE_DOWNLOAD:1294
TIMESTAMP:2025-07-19 17:50:13 UTC
TRIGGER:schedule
