---METADATA---
HTTP_STATUS:200
TIME_TOTAL:3.577070
TIME_CONNECT:0.270636
SIZE_DOWNLOAD:1294
TIMESTAMP:2025-07-19 22:51:42 UTC
TRIGGER:schedule
