---METADATA---
HTTP_STATUS:200
TIME_TOTAL:3.429562
TIME_CONNECT:0.281192
SIZE_DOWNLOAD:1294
TIMESTAMP:2025-07-19 06:20:36 UTC
TRIGGER:schedule
