---METADATA---
HTTP_STATUS:200
TIME_TOTAL:3.543597
TIME_CONNECT:0.275229
SIZE_DOWNLOAD:1294
TIMESTAMP:2025-07-19 03:37:59 UTC
TRIGGER:schedule
