---METADATA---
HTTP_STATUS:200
TIME_TOTAL:3.525161
TIME_CONNECT:0.283645
SIZE_DOWNLOAD:1308
TIMESTAMP:2025-07-19 12:53:36 UTC
TRIGGER:schedule
