---METADATA---
HTTP_STATUS:200
TIME_TOTAL:3.587634
TIME_CONNECT:0.297673
SIZE_DOWNLOAD:1294
TIMESTAMP:2025-07-19 09:13:55 UTC
TRIGGER:schedule
