---METADATA---
HTTP_STATUS:200
TIME_TOTAL:3.522687
TIME_CONNECT:0.281416
SIZE_DOWNLOAD:1294
TIMESTAMP:2025-07-19 15:44:26 UTC
TRIGGER:schedule
