---METADATA---
HTTP_STATUS:200
TIME_TOTAL:3.622944
TIME_CONNECT:0.286369
SIZE_DOWNLOAD:1294
TIMESTAMP:2025-07-19 20:47:27 UTC
TRIGGER:schedule
