---METADATA---
HTTP_STATUS:200
TIME_TOTAL:3.550594
TIME_CONNECT:0.269291
SIZE_DOWNLOAD:1294
TIMESTAMP:2025-07-19 09:23:53 UTC
TRIGGER:schedule
