---METADATA---
HTTP_STATUS:200
TIME_TOTAL:3.493766
TIME_CONNECT:0.282138
SIZE_DOWNLOAD:1294
TIMESTAMP:2025-07-19 07:48:05 UTC
TRIGGER:schedule
