---METADATA---
HTTP_STATUS:200
TIME_TOTAL:3.405807
TIME_CONNECT:0.261873
SIZE_DOWNLOAD:1296
TIMESTAMP:2025-07-19 07:25:19 UTC
TRIGGER:schedule
