---METADATA---
HTTP_STATUS:200
TIME_TOTAL:3.483280
TIME_CONNECT:0.240712
SIZE_DOWNLOAD:1294
TIMESTAMP:2025-07-19 19:10:33 UTC
TRIGGER:schedule
