---METADATA---
HTTP_STATUS:200
TIME_TOTAL:3.649576
TIME_CONNECT:0.254012
SIZE_DOWNLOAD:1294
TIMESTAMP:2025-07-19 08:34:01 UTC
TRIGGER:schedule
