---METADATA---
HTTP_STATUS:200
TIME_TOTAL:3.376650
TIME_CONNECT:0.280113
SIZE_DOWNLOAD:1294
TIMESTAMP:2025-07-19 22:35:31 UTC
TRIGGER:schedule
