---METADATA---
HTTP_STATUS:200
TIME_TOTAL:3.367254
TIME_CONNECT:0.246072
SIZE_DOWNLOAD:1294
TIMESTAMP:2025-07-19 23:41:48 UTC
TRIGGER:schedule
