---METADATA---
HTTP_STATUS:200
TIME_TOTAL:3.635938
TIME_CONNECT:0.279444
SIZE_DOWNLOAD:1309
TIMESTAMP:2025-07-19 10:29:39 UTC
TRIGGER:schedule
