---METADATA---
HTTP_STATUS:200
TIME_TOTAL:3.585715
TIME_CONNECT:0.287407
SIZE_DOWNLOAD:1294
TIMESTAMP:2025-07-19 08:54:21 UTC
TRIGGER:schedule
