---METADATA---
HTTP_STATUS:200
TIME_TOTAL:3.408250
TIME_CONNECT:0.228452
SIZE_DOWNLOAD:1309
TIMESTAMP:2025-07-19 13:32:16 UTC
TRIGGER:schedule
