---METADATA---
HTTP_STATUS:200
TIME_TOTAL:3.161025
TIME_CONNECT:0.273936
SIZE_DOWNLOAD:1294
TIMESTAMP:2025-07-19 20:52:48 UTC
TRIGGER:schedule
