---METADATA---
HTTP_STATUS:200
TIME_TOTAL:0.880130
TIME_CONNECT:0.226653
SIZE_DOWNLOAD:1294
TIMESTAMP:2025-07-19 11:27:34 UTC
TRIGGER:schedule
