---METADATA---
HTTP_STATUS:200
TIME_TOTAL:3.563232
TIME_CONNECT:0.264617
SIZE_DOWNLOAD:1294
TIMESTAMP:2025-07-19 06:38:27 UTC
TRIGGER:schedule
