---METADATA---
HTTP_STATUS:200
TIME_TOTAL:3.253016
TIME_CONNECT:0.227446
SIZE_DOWNLOAD:1294
TIMESTAMP:2025-07-19 21:26:17 UTC
TRIGGER:schedule
