---METADATA---
HTTP_STATUS:200
TIME_TOTAL:3.564042
TIME_CONNECT:0.279314
SIZE_DOWNLOAD:1294
TIMESTAMP:2025-07-19 06:56:47 UTC
TRIGGER:schedule
