---METADATA---
HTTP_STATUS:200
TIME_TOTAL:3.364697
TIME_CONNECT:0.290992
SIZE_DOWNLOAD:1294
TIMESTAMP:2025-07-19 18:55:35 UTC
TRIGGER:schedule
