---METADATA---
HTTP_STATUS:200
TIME_TOTAL:3.399830
TIME_CONNECT:0.273184
SIZE_DOWNLOAD:1294
TIMESTAMP:2025-07-19 19:48:14 UTC
TRIGGER:schedule
