---METADATA---
HTTP_STATUS:200
TIME_TOTAL:3.496381
TIME_CONNECT:0.276396
SIZE_DOWNLOAD:1294
TIMESTAMP:2025-07-19 08:18:05 UTC
TRIGGER:schedule
