---METADATA---
HTTP_STATUS:200
TIME_TOTAL:3.556210
TIME_CONNECT:0.283320
SIZE_DOWNLOAD:1294
TIMESTAMP:2025-07-19 23:59:42 UTC
TRIGGER:schedule
