---METADATA---
HTTP_STATUS:200
TIME_TOTAL:3.523243
TIME_CONNECT:0.285217
SIZE_DOWNLOAD:1294
TIMESTAMP:2025-07-19 09:33:05 UTC
TRIGGER:schedule
