---METADATA---
HTTP_STATUS:200
TIME_TOTAL:3.433484
TIME_CONNECT:0.290509
SIZE_DOWNLOAD:1294
TIMESTAMP:2025-07-19 23:47:50 UTC
TRIGGER:schedule
