---METADATA---
HTTP_STATUS:200
TIME_TOTAL:3.475531
TIME_CONNECT:0.245224
SIZE_DOWNLOAD:1294
TIMESTAMP:2025-07-19 14:12:39 UTC
TRIGGER:schedule
