---METADATA---
HTTP_STATUS:200
TIME_TOTAL:3.408131
TIME_CONNECT:0.254552
SIZE_DOWNLOAD:1307
TIMESTAMP:2025-07-19 11:56:52 UTC
TRIGGER:schedule
