---METADATA---
HTTP_STATUS:200
TIME_TOTAL:3.429885
TIME_CONNECT:0.244060
SIZE_DOWNLOAD:1294
TIMESTAMP:2025-07-19 20:29:50 UTC
TRIGGER:schedule
