---METADATA---
HTTP_STATUS:200
TIME_TOTAL:3.491752
TIME_CONNECT:0.290176
SIZE_DOWNLOAD:1294
TIMESTAMP:2025-07-19 14:57:10 UTC
TRIGGER:schedule
