---METADATA---
HTTP_STATUS:200
TIME_TOTAL:3.582269
TIME_CONNECT:0.279255
SIZE_DOWNLOAD:1294
TIMESTAMP:2025-07-19 15:51:58 UTC
TRIGGER:schedule
