---METADATA---
HTTP_STATUS:200
TIME_TOTAL:3.640037
TIME_CONNECT:0.298712
SIZE_DOWNLOAD:1294
TIMESTAMP:2025-07-19 12:27:06 UTC
TRIGGER:schedule
