---METADATA---
HTTP_STATUS:200
TIME_TOTAL:3.376367
TIME_CONNECT:0.309331
SIZE_DOWNLOAD:1294
TIMESTAMP:2025-07-19 05:56:44 UTC
TRIGGER:schedule
