---METADATA---
HTTP_STATUS:200
TIME_TOTAL:3.343468
TIME_CONNECT:0.271557
SIZE_DOWNLOAD:1294
TIMESTAMP:2025-07-19 16:33:29 UTC
TRIGGER:schedule
