---METADATA---
HTTP_STATUS:200
TIME_TOTAL:3.483715
TIME_CONNECT:0.280220
SIZE_DOWNLOAD:1294
TIMESTAMP:2025-07-19 14:33:38 UTC
TRIGGER:schedule
