---METADATA---
HTTP_STATUS:200
TIME_TOTAL:3.413581
TIME_CONNECT:0.224977
SIZE_DOWNLOAD:1294
TIMESTAMP:2025-07-19 19:18:59 UTC
TRIGGER:schedule
