---METADATA---
HTTP_STATUS:200
TIME_TOTAL:3.539375
TIME_CONNECT:0.302014
SIZE_DOWNLOAD:1294
TIMESTAMP:2025-07-19 09:49:23 UTC
TRIGGER:schedule
