---METADATA---
HTTP_STATUS:200
TIME_TOTAL:3.409493
TIME_CONNECT:0.241679
SIZE_DOWNLOAD:1294
TIMESTAMP:2025-07-19 21:42:58 UTC
TRIGGER:schedule
