---METADATA---
HTTP_STATUS:200
TIME_TOTAL:3.455849
TIME_CONNECT:0.237273
SIZE_DOWNLOAD:1294
TIMESTAMP:2025-07-19 04:47:34 UTC
TRIGGER:schedule
