---METADATA---
HTTP_STATUS:200
TIME_TOTAL:3.496328
TIME_CONNECT:0.284240
SIZE_DOWNLOAD:1294
TIMESTAMP:2025-07-19 11:48:16 UTC
TRIGGER:schedule
