---METADATA---
HTTP_STATUS:200
TIME_TOTAL:3.599891
TIME_CONNECT:0.246583
SIZE_DOWNLOAD:1294
TIMESTAMP:2025-07-19 05:41:14 UTC
TRIGGER:schedule
