---METADATA---
HTTP_STATUS:200
TIME_TOTAL:3.692467
TIME_CONNECT:0.313194
SIZE_DOWNLOAD:1294
TIMESTAMP:2025-07-19 10:39:43 UTC
TRIGGER:schedule
