---METADATA---
HTTP_STATUS:200
TIME_TOTAL:3.557730
TIME_CONNECT:0.311213
SIZE_DOWNLOAD:1294
TIMESTAMP:2025-07-19 15:57:51 UTC
TRIGGER:schedule
