---METADATA---
HTTP_STATUS:200
TIME_TOTAL:3.377890
TIME_CONNECT:0.287661
SIZE_DOWNLOAD:1294
TIMESTAMP:2025-07-19 22:13:19 UTC
TRIGGER:schedule
