---METADATA---
HTTP_STATUS:200
TIME_TOTAL:3.472812
TIME_CONNECT:0.278601
SIZE_DOWNLOAD:1294
TIMESTAMP:2025-07-19 14:50:12 UTC
TRIGGER:schedule
