---METADATA---
HTTP_STATUS:200
TIME_TOTAL:3.285945
TIME_CONNECT:0.257975
SIZE_DOWNLOAD:1294
TIMESTAMP:2025-07-19 22:58:09 UTC
TRIGGER:schedule
