---METADATA---
HTTP_STATUS:200
TIME_TOTAL:3.363403
TIME_CONNECT:0.236805
SIZE_DOWNLOAD:1294
TIMESTAMP:2025-07-19 18:47:46 UTC
TRIGGER:schedule
