---METADATA---
HTTP_STATUS:200
TIME_TOTAL:3.700478
TIME_CONNECT:0.251350
SIZE_DOWNLOAD:1294
TIMESTAMP:2025-08-22 05:56:55 UTC
TRIGGER:schedule
