---METADATA---
HTTP_STATUS:200
TIME_TOTAL:3.437498
TIME_CONNECT:0.242916
SIZE_DOWNLOAD:1295
TIMESTAMP:2025-08-22 09:39:25 UTC
TRIGGER:schedule
