---METADATA---
HTTP_STATUS:200
TIME_TOTAL:3.403195
TIME_CONNECT:0.225751
SIZE_DOWNLOAD:1294
TIMESTAMP:2025-08-22 11:11:29 UTC
TRIGGER:schedule
