---METADATA---
HTTP_STATUS:200
TIME_TOTAL:3.473035
TIME_CONNECT:0.279984
SIZE_DOWNLOAD:1294
TIMESTAMP:2025-08-22 16:52:19 UTC
TRIGGER:schedule
