---METADATA---
HTTP_STATUS:200
TIME_TOTAL:3.436216
TIME_CONNECT:0.239660
SIZE_DOWNLOAD:1294
TIMESTAMP:2025-08-22 15:13:59 UTC
TRIGGER:schedule
