---METADATA---
HTTP_STATUS:200
TIME_TOTAL:3.643265
TIME_CONNECT:0.278389
SIZE_DOWNLOAD:1294
TIMESTAMP:2025-08-22 12:27:09 UTC
TRIGGER:schedule
