---METADATA---
HTTP_STATUS:200
TIME_TOTAL:3.423682
TIME_CONNECT:0.245326
SIZE_DOWNLOAD:1294
TIMESTAMP:2025-08-22 22:41:43 UTC
TRIGGER:schedule
