---METADATA---
HTTP_STATUS:200
TIME_TOTAL:3.530136
TIME_CONNECT:0.274848
SIZE_DOWNLOAD:1294
TIMESTAMP:2025-08-22 18:53:05 UTC
TRIGGER:schedule
