---METADATA---
HTTP_STATUS:200
TIME_TOTAL:3.492516
TIME_CONNECT:0.227527
SIZE_DOWNLOAD:1292
TIMESTAMP:2025-08-22 04:52:05 UTC
TRIGGER:schedule
