---METADATA---
HTTP_STATUS:200
TIME_TOTAL:3.606680
TIME_CONNECT:0.289953
SIZE_DOWNLOAD:1296
TIMESTAMP:2025-08-22 08:50:16 UTC
TRIGGER:schedule
