---METADATA---
HTTP_STATUS:200
TIME_TOTAL:3.560268
TIME_CONNECT:0.246673
SIZE_DOWNLOAD:1309
TIMESTAMP:2025-08-22 02:02:52 UTC
TRIGGER:schedule
