---METADATA---
HTTP_STATUS:200
TIME_TOTAL:3.392057
TIME_CONNECT:0.244566
SIZE_DOWNLOAD:1292
TIMESTAMP:2025-08-22 04:39:45 UTC
TRIGGER:schedule
