---METADATA---
HTTP_STATUS:200
TIME_TOTAL:3.506518
TIME_CONNECT:0.294548
SIZE_DOWNLOAD:1292
TIMESTAMP:2025-08-22 03:37:09 UTC
TRIGGER:schedule
