---METADATA---
HTTP_STATUS:200
TIME_TOTAL:3.470281
TIME_CONNECT:0.240996
SIZE_DOWNLOAD:1292
TIMESTAMP:2025-08-22 03:56:59 UTC
TRIGGER:schedule
