---METADATA---
HTTP_STATUS:200
TIME_TOTAL:3.488359
TIME_CONNECT:0.283368
SIZE_DOWNLOAD:1294
TIMESTAMP:2025-08-22 22:56:48 UTC
TRIGGER:schedule
