---METADATA---
HTTP_STATUS:200
TIME_TOTAL:0.993433
TIME_CONNECT:0.243445
SIZE_DOWNLOAD:1294
TIMESTAMP:2025-08-22 23:27:59 UTC
TRIGGER:schedule
