---METADATA---
HTTP_STATUS:200
TIME_TOTAL:3.930716
TIME_CONNECT:0.283932
SIZE_DOWNLOAD:1292
TIMESTAMP:2025-08-22 04:52:55 UTC
TRIGGER:schedule
