---METADATA---
HTTP_STATUS:200
TIME_TOTAL:3.353566
TIME_CONNECT:0.293751
SIZE_DOWNLOAD:1294
TIMESTAMP:2025-08-22 15:26:11 UTC
TRIGGER:schedule
