---METADATA---
HTTP_STATUS:200
TIME_TOTAL:3.452581
TIME_CONNECT:0.252789
SIZE_DOWNLOAD:1307
TIMESTAMP:2025-08-22 08:29:59 UTC
TRIGGER:schedule
