---METADATA---
HTTP_STATUS:200
TIME_TOTAL:3.555489
TIME_CONNECT:0.233513
SIZE_DOWNLOAD:1294
TIMESTAMP:2025-08-22 05:42:15 UTC
TRIGGER:schedule
