---METADATA---
HTTP_STATUS:200
TIME_TOTAL:3.284777
TIME_CONNECT:0.235238
SIZE_DOWNLOAD:1292
TIMESTAMP:2025-08-22 05:22:23 UTC
TRIGGER:schedule
