---METADATA---
HTTP_STATUS:200
TIME_TOTAL:3.663420
TIME_CONNECT:0.266267
SIZE_DOWNLOAD:1295
TIMESTAMP:2025-08-22 09:57:07 UTC
TRIGGER:schedule
