---METADATA---
HTTP_STATUS:200
TIME_TOTAL:3.610267
TIME_CONNECT:0.229586
SIZE_DOWNLOAD:1294
TIMESTAMP:2025-08-22 07:12:59 UTC
TRIGGER:schedule
