---METADATA---
HTTP_STATUS:200
TIME_TOTAL:3.538948
TIME_CONNECT:0.277833
SIZE_DOWNLOAD:1296
TIMESTAMP:2025-08-22 07:23:46 UTC
TRIGGER:schedule
