---METADATA---
HTTP_STATUS:200
TIME_TOTAL:3.463247
TIME_CONNECT:0.235536
SIZE_DOWNLOAD:1294
TIMESTAMP:2025-08-22 22:48:08 UTC
TRIGGER:schedule
