---METADATA---
HTTP_STATUS:200
TIME_TOTAL:3.646679
TIME_CONNECT:0.216714
SIZE_DOWNLOAD:1305
TIMESTAMP:2025-08-22 13:04:22 UTC
TRIGGER:schedule
