---METADATA---
HTTP_STATUS:200
TIME_TOTAL:3.440510
TIME_CONNECT:0.281870
SIZE_DOWNLOAD:1294
TIMESTAMP:2025-08-22 12:46:15 UTC
TRIGGER:schedule
