---METADATA---
HTTP_STATUS:200
TIME_TOTAL:3.828801
TIME_CONNECT:0.250685
SIZE_DOWNLOAD:1296
TIMESTAMP:2025-08-22 08:55:46 UTC
TRIGGER:schedule
