---METADATA---
HTTP_STATUS:200
TIME_TOTAL:3.531542
TIME_CONNECT:0.285748
SIZE_DOWNLOAD:1294
TIMESTAMP:2025-08-22 15:48:15 UTC
TRIGGER:schedule
