---METADATA---
HTTP_STATUS:200
TIME_TOTAL:3.408551
TIME_CONNECT:0.292325
SIZE_DOWNLOAD:1294
TIMESTAMP:2025-08-22 20:56:54 UTC
TRIGGER:schedule
