---METADATA---
HTTP_STATUS:200
TIME_TOTAL:3.489318
TIME_CONNECT:0.214219
SIZE_DOWNLOAD:1295
TIMESTAMP:2025-08-22 09:42:07 UTC
TRIGGER:schedule
