---METADATA---
HTTP_STATUS:200
TIME_TOTAL:3.436390
TIME_CONNECT:0.238830
SIZE_DOWNLOAD:1294
TIMESTAMP:2025-08-22 20:33:33 UTC
TRIGGER:schedule
