---METADATA---
HTTP_STATUS:200
TIME_TOTAL:3.429546
TIME_CONNECT:0.266686
SIZE_DOWNLOAD:1294
TIMESTAMP:2025-08-22 14:43:57 UTC
TRIGGER:schedule
