---METADATA---
HTTP_STATUS:200
TIME_TOTAL:3.594904
TIME_CONNECT:0.270732
SIZE_DOWNLOAD:1294
TIMESTAMP:2025-08-22 11:39:03 UTC
TRIGGER:schedule
