---METADATA---
HTTP_STATUS:200
TIME_TOTAL:3.423123
TIME_CONNECT:0.293118
SIZE_DOWNLOAD:1294
TIMESTAMP:2025-08-22 21:51:23 UTC
TRIGGER:schedule
