---METADATA---
HTTP_STATUS:200
TIME_TOTAL:3.634657
TIME_CONNECT:0.211087
SIZE_DOWNLOAD:1296
TIMESTAMP:2025-08-22 06:21:01 UTC
TRIGGER:schedule
