---METADATA---
HTTP_STATUS:200
TIME_TOTAL:3.344146
TIME_CONNECT:0.244801
SIZE_DOWNLOAD:1294
TIMESTAMP:2025-08-22 22:31:47 UTC
TRIGGER:schedule
