---METADATA---
HTTP_STATUS:200
TIME_TOTAL:3.450394
TIME_CONNECT:0.224187
SIZE_DOWNLOAD:1306
TIMESTAMP:2025-08-22 07:48:15 UTC
TRIGGER:schedule
