---METADATA---
HTTP_STATUS:200
TIME_TOTAL:1.137964
TIME_CONNECT:0.277661
SIZE_DOWNLOAD:1294
TIMESTAMP:2025-08-22 19:34:36 UTC
TRIGGER:schedule
