---METADATA---
HTTP_STATUS:200
TIME_TOTAL:3.543470
TIME_CONNECT:0.287403
SIZE_DOWNLOAD:1294
TIMESTAMP:2025-08-22 17:31:03 UTC
TRIGGER:schedule
