---METADATA---
HTTP_STATUS:200
TIME_TOTAL:3.263817
TIME_CONNECT:0.224077
SIZE_DOWNLOAD:1294
TIMESTAMP:2025-08-22 21:39:21 UTC
TRIGGER:schedule
