---METADATA---
HTTP_STATUS:200
TIME_TOTAL:3.565297
TIME_CONNECT:0.281085
SIZE_DOWNLOAD:1309
TIMESTAMP:2025-08-22 09:24:53 UTC
TRIGGER:schedule
