---METADATA---
HTTP_STATUS:200
TIME_TOTAL:3.600013
TIME_CONNECT:0.282785
SIZE_DOWNLOAD:1294
TIMESTAMP:2025-08-22 11:21:33 UTC
TRIGGER:schedule
