---METADATA---
HTTP_STATUS:200
TIME_TOTAL:3.316127
TIME_CONNECT:0.212821
SIZE_DOWNLOAD:1294
TIMESTAMP:2025-08-22 16:16:15 UTC
TRIGGER:schedule
