---METADATA---
HTTP_STATUS:200
TIME_TOTAL:3.404078
TIME_CONNECT:0.238325
SIZE_DOWNLOAD:1294
TIMESTAMP:2025-08-22 19:59:00 UTC
TRIGGER:schedule
