---METADATA---
HTTP_STATUS:200
TIME_TOTAL:1.183710
TIME_CONNECT:0.289006
SIZE_DOWNLOAD:1304
TIMESTAMP:2025-08-22 13:42:25 UTC
TRIGGER:schedule
