---METADATA---
HTTP_STATUS:200
TIME_TOTAL:3.587133
TIME_CONNECT:0.293584
SIZE_DOWNLOAD:1294
TIMESTAMP:2025-08-22 14:33:41 UTC
TRIGGER:schedule
