---METADATA---
HTTP_STATUS:200
TIME_TOTAL:3.397124
TIME_CONNECT:0.229404
SIZE_DOWNLOAD:1294
TIMESTAMP:2025-08-22 23:48:18 UTC
TRIGGER:schedule
