---METADATA---
HTTP_STATUS:200
TIME_TOTAL:1.038830
TIME_CONNECT:0.281241
SIZE_DOWNLOAD:1308
TIMESTAMP:2025-08-22 07:39:45 UTC
TRIGGER:schedule
