---METADATA---
HTTP_STATUS:200
TIME_TOTAL:3.491366
TIME_CONNECT:0.246328
SIZE_DOWNLOAD:1306
TIMESTAMP:2025-08-22 07:51:46 UTC
TRIGGER:schedule
