---METADATA---
HTTP_STATUS:200
TIME_TOTAL:3.540553
TIME_CONNECT:0.279608
SIZE_DOWNLOAD:1294
TIMESTAMP:2025-08-22 11:47:56 UTC
TRIGGER:schedule
