---METADATA---
HTTP_STATUS:200
TIME_TOTAL:3.378618
TIME_CONNECT:0.238425
SIZE_DOWNLOAD:1294
TIMESTAMP:2025-08-22 17:12:19 UTC
TRIGGER:schedule
