---METADATA---
HTTP_STATUS:200
TIME_TOTAL:3.488150
TIME_CONNECT:0.280547
SIZE_DOWNLOAD:1292
TIMESTAMP:2025-08-22 02:46:00 UTC
TRIGGER:schedule
