---METADATA---
HTTP_STATUS:200
TIME_TOTAL:3.583522
TIME_CONNECT:0.250436
SIZE_DOWNLOAD:1294
TIMESTAMP:2025-08-22 15:41:39 UTC
TRIGGER:schedule
