---METADATA---
HTTP_STATUS:200
TIME_TOTAL:3.496730
TIME_CONNECT:0.233168
SIZE_DOWNLOAD:1294
TIMESTAMP:2025-08-22 17:41:58 UTC
TRIGGER:schedule
