---METADATA---
HTTP_STATUS:200
TIME_TOTAL:3.716812
TIME_CONNECT:0.278305
SIZE_DOWNLOAD:1298
TIMESTAMP:2025-08-22 10:50:16 UTC
TRIGGER:schedule
