---METADATA---
HTTP_STATUS:200
TIME_TOTAL:3.635790
TIME_CONNECT:0.272023
SIZE_DOWNLOAD:1294
TIMESTAMP:2025-08-22 15:31:13 UTC
TRIGGER:schedule
