---METADATA---
HTTP_STATUS:200
TIME_TOTAL:3.529423
TIME_CONNECT:0.247621
SIZE_DOWNLOAD:1292
TIMESTAMP:2025-08-22 04:11:05 UTC
TRIGGER:schedule
