---METADATA---
HTTP_STATUS:200
TIME_TOTAL:3.570981
TIME_CONNECT:0.231673
SIZE_DOWNLOAD:1292
TIMESTAMP:2025-08-22 05:14:10 UTC
TRIGGER:schedule
