---METADATA---
HTTP_STATUS:200
TIME_TOTAL:3.469058
TIME_CONNECT:0.286221
SIZE_DOWNLOAD:1308
TIMESTAMP:2025-08-22 07:39:15 UTC
TRIGGER:schedule
