---METADATA---
HTTP_STATUS:200
TIME_TOTAL:3.426827
TIME_CONNECT:0.288816
SIZE_DOWNLOAD:1294
TIMESTAMP:2025-08-22 22:20:26 UTC
TRIGGER:schedule
