---METADATA---
HTTP_STATUS:200
TIME_TOTAL:3.410115
TIME_CONNECT:0.213942
SIZE_DOWNLOAD:1294
TIMESTAMP:2025-08-22 14:49:37 UTC
TRIGGER:schedule
