---METADATA---
HTTP_STATUS:200
TIME_TOTAL:3.337212
TIME_CONNECT:0.283832
SIZE_DOWNLOAD:1294
TIMESTAMP:2025-08-22 16:44:04 UTC
TRIGGER:schedule
