---METADATA---
HTTP_STATUS:200
TIME_TOTAL:1.107333
TIME_CONNECT:0.282617
SIZE_DOWNLOAD:1309
TIMESTAMP:2025-08-22 07:28:42 UTC
TRIGGER:schedule
