---METADATA---
HTTP_STATUS:200
TIME_TOTAL:1.137030
TIME_CONNECT:0.244854
SIZE_DOWNLOAD:1294
TIMESTAMP:2025-08-22 21:27:59 UTC
TRIGGER:schedule
