---METADATA---
HTTP_STATUS:200
TIME_TOTAL:3.460310
TIME_CONNECT:0.279414
SIZE_DOWNLOAD:1294
TIMESTAMP:2025-08-22 16:54:51 UTC
TRIGGER:schedule
