---METADATA---
HTTP_STATUS:200
TIME_TOTAL:3.567449
TIME_CONNECT:0.297702
SIZE_DOWNLOAD:1309
TIMESTAMP:2025-08-22 08:44:39 UTC
TRIGGER:schedule
