---METADATA---
HTTP_STATUS:200
TIME_TOTAL:3.292434
TIME_CONNECT:0.211641
SIZE_DOWNLOAD:1294
TIMESTAMP:2025-08-22 23:39:37 UTC
TRIGGER:schedule
