---METADATA---
HTTP_STATUS:200
TIME_TOTAL:3.534729
TIME_CONNECT:0.230487
SIZE_DOWNLOAD:1311
TIMESTAMP:2025-08-22 10:36:55 UTC
TRIGGER:schedule
