---METADATA---
HTTP_STATUS:200
TIME_TOTAL:3.550088
TIME_CONNECT:0.273138
SIZE_DOWNLOAD:1294
TIMESTAMP:2025-08-22 21:22:58 UTC
TRIGGER:schedule
