---METADATA---
HTTP_STATUS:200
TIME_TOTAL:3.367028
TIME_CONNECT:0.248667
SIZE_DOWNLOAD:1294
TIMESTAMP:2025-08-22 23:51:35 UTC
TRIGGER:schedule
