---METADATA---
HTTP_STATUS:200
TIME_TOTAL:3.481680
TIME_CONNECT:0.222119
SIZE_DOWNLOAD:1296
TIMESTAMP:2025-08-22 08:18:40 UTC
TRIGGER:schedule
