---METADATA---
HTTP_STATUS:200
TIME_TOTAL:3.575925
TIME_CONNECT:0.314713
SIZE_DOWNLOAD:1294
TIMESTAMP:2025-08-22 20:29:05 UTC
TRIGGER:schedule
