---METADATA---
HTTP_STATUS:200
TIME_TOTAL:1.147588
TIME_CONNECT:0.328113
SIZE_DOWNLOAD:1294
TIMESTAMP:2025-08-22 19:30:07 UTC
TRIGGER:schedule
