---METADATA---
HTTP_STATUS:200
TIME_TOTAL:3.297159
TIME_CONNECT:0.246532
SIZE_DOWNLOAD:1294
TIMESTAMP:2025-08-22 23:23:32 UTC
TRIGGER:schedule
