---METADATA---
HTTP_STATUS:200
TIME_TOTAL:3.494144
TIME_CONNECT:0.212030
SIZE_DOWNLOAD:1294
TIMESTAMP:2025-08-22 19:47:12 UTC
TRIGGER:schedule
