---METADATA---
HTTP_STATUS:200
TIME_TOTAL:3.533694
TIME_CONNECT:0.263846
SIZE_DOWNLOAD:1294
TIMESTAMP:2025-08-22 05:48:14 UTC
TRIGGER:schedule
