---METADATA---
HTTP_STATUS:200
TIME_TOTAL:3.383381
TIME_CONNECT:0.271624
SIZE_DOWNLOAD:1294
TIMESTAMP:2025-08-22 18:46:43 UTC
TRIGGER:schedule
