---METADATA---
HTTP_STATUS:200
TIME_TOTAL:3.548722
TIME_CONNECT:0.265959
SIZE_DOWNLOAD:1309
TIMESTAMP:2025-08-22 09:16:28 UTC
TRIGGER:schedule
