---METADATA---
HTTP_STATUS:200
TIME_TOTAL:3.301867
TIME_CONNECT:0.265630
SIZE_DOWNLOAD:1292
TIMESTAMP:2025-08-22 05:33:18 UTC
TRIGGER:schedule
