---METADATA---
HTTP_STATUS:200
TIME_TOTAL:3.469888
TIME_CONNECT:0.230868
SIZE_DOWNLOAD:1294
TIMESTAMP:2025-08-22 16:32:12 UTC
TRIGGER:schedule
