---METADATA---
HTTP_STATUS:200
TIME_TOTAL:3.565693
TIME_CONNECT:0.280250
SIZE_DOWNLOAD:1294
TIMESTAMP:2025-08-22 14:25:53 UTC
TRIGGER:schedule
