---METADATA---
HTTP_STATUS:200
TIME_TOTAL:3.608346
TIME_CONNECT:0.281084
SIZE_DOWNLOAD:1295
TIMESTAMP:2025-08-22 10:28:07 UTC
TRIGGER:schedule
