---METADATA---
HTTP_STATUS:200
TIME_TOTAL:3.731019
TIME_CONNECT:0.269300
SIZE_DOWNLOAD:1294
TIMESTAMP:2025-08-22 13:50:14 UTC
TRIGGER:schedule
