---METADATA---
HTTP_STATUS:200
TIME_TOTAL:3.626289
TIME_CONNECT:0.271640
SIZE_DOWNLOAD:1294
TIMESTAMP:2025-08-22 14:13:30 UTC
TRIGGER:schedule
