---METADATA---
HTTP_STATUS:200
TIME_TOTAL:3.677896
TIME_CONNECT:0.233635
SIZE_DOWNLOAD:1296
TIMESTAMP:2025-08-22 06:38:51 UTC
TRIGGER:schedule
