---METADATA---
HTTP_STATUS:200
TIME_TOTAL:3.608221
TIME_CONNECT:0.280719
SIZE_DOWNLOAD:1294
TIMESTAMP:2025-08-22 13:37:47 UTC
TRIGGER:schedule
