---METADATA---
HTTP_STATUS:200
TIME_TOTAL:3.405552
TIME_CONNECT:0.270080
SIZE_DOWNLOAD:1292
TIMESTAMP:2025-08-22 04:20:23 UTC
TRIGGER:schedule
