---METADATA---
HTTP_STATUS:200
TIME_TOTAL:3.508886
TIME_CONNECT:0.278146
SIZE_DOWNLOAD:1294
TIMESTAMP:2025-08-22 19:48:09 UTC
TRIGGER:schedule
