---METADATA---
HTTP_STATUS:200
TIME_TOTAL:3.592408
TIME_CONNECT:0.296750
SIZE_DOWNLOAD:1294
TIMESTAMP:2025-08-22 17:48:16 UTC
TRIGGER:schedule
