---METADATA---
HTTP_STATUS:200
TIME_TOTAL:3.459472
TIME_CONNECT:0.287016
SIZE_DOWNLOAD:1292
TIMESTAMP:2025-08-22 03:49:02 UTC
TRIGGER:schedule
