---METADATA---
HTTP_STATUS:200
TIME_TOTAL:3.560448
TIME_CONNECT:0.298500
SIZE_DOWNLOAD:1294
TIMESTAMP:2025-08-22 17:20:12 UTC
TRIGGER:schedule
