---METADATA---
HTTP_STATUS:200
TIME_TOTAL:3.596218
TIME_CONNECT:0.238340
SIZE_DOWNLOAD:1292
TIMESTAMP:2025-08-22 03:14:35 UTC
TRIGGER:schedule
