---METADATA---
HTTP_STATUS:200
TIME_TOTAL:3.488664
TIME_CONNECT:0.275508
SIZE_DOWNLOAD:1294
TIMESTAMP:2025-08-22 20:44:51 UTC
TRIGGER:schedule
