---METADATA---
HTTP_STATUS:200
TIME_TOTAL:3.377514
TIME_CONNECT:0.302311
SIZE_DOWNLOAD:1294
TIMESTAMP:2025-08-22 21:38:25 UTC
TRIGGER:schedule
