---METADATA---
HTTP_STATUS:200
TIME_TOTAL:3.878205
TIME_CONNECT:0.776012
SIZE_DOWNLOAD:1294
TIMESTAMP:2025-08-22 19:10:57 UTC
TRIGGER:schedule
