---METADATA---
HTTP_STATUS:200
TIME_TOTAL:3.426169
TIME_CONNECT:0.283636
SIZE_DOWNLOAD:1294
TIMESTAMP:2025-08-22 18:35:55 UTC
TRIGGER:schedule
