---METADATA---
HTTP_STATUS:200
TIME_TOTAL:3.636454
TIME_CONNECT:0.271392
SIZE_DOWNLOAD:1292
TIMESTAMP:2025-08-22 04:42:01 UTC
TRIGGER:schedule
