---METADATA---
HTTP_STATUS:200
TIME_TOTAL:3.481072
TIME_CONNECT:0.284454
SIZE_DOWNLOAD:1294
TIMESTAMP:2025-08-22 11:25:56 UTC
TRIGGER:schedule
