---METADATA---
HTTP_STATUS:200
TIME_TOTAL:3.527694
TIME_CONNECT:0.271782
SIZE_DOWNLOAD:1294
TIMESTAMP:2025-08-22 15:57:15 UTC
TRIGGER:schedule
