---METADATA---
HTTP_STATUS:200
TIME_TOTAL:3.687419
TIME_CONNECT:0.287940
SIZE_DOWNLOAD:1294
TIMESTAMP:2025-08-22 10:45:57 UTC
TRIGGER:schedule
