---METADATA---
HTTP_STATUS:200
TIME_TOTAL:3.577246
TIME_CONNECT:0.268985
SIZE_DOWNLOAD:1295
TIMESTAMP:2025-08-22 06:56:21 UTC
TRIGGER:schedule
