---METADATA---
HTTP_STATUS:200
TIME_TOTAL:3.388769
TIME_CONNECT:0.252642
SIZE_DOWNLOAD:1294
TIMESTAMP:2025-08-22 23:12:41 UTC
TRIGGER:schedule
