---METADATA---
HTTP_STATUS:200
TIME_TOTAL:3.574213
TIME_CONNECT:0.218132
SIZE_DOWNLOAD:1295
TIMESTAMP:2025-08-22 09:48:17 UTC
TRIGGER:schedule
