---METADATA---
HTTP_STATUS:200
TIME_TOTAL:3.431390
TIME_CONNECT:0.291283
SIZE_DOWNLOAD:1294
TIMESTAMP:2025-08-22 18:19:10 UTC
TRIGGER:schedule
