---METADATA---
HTTP_STATUS:200
TIME_TOTAL:3.312245
TIME_CONNECT:0.269531
SIZE_DOWNLOAD:1307
TIMESTAMP:2025-08-22 13:19:32 UTC
TRIGGER:schedule
