---METADATA---
HTTP_STATUS:200
TIME_TOTAL:3.511102
TIME_CONNECT:0.265693
SIZE_DOWNLOAD:1295
TIMESTAMP:2025-08-22 10:14:29 UTC
TRIGGER:schedule
