---METADATA---
HTTP_STATUS:200
TIME_TOTAL:3.346259
TIME_CONNECT:0.239862
SIZE_DOWNLOAD:1294
TIMESTAMP:2025-08-22 11:35:42 UTC
TRIGGER:schedule
