---METADATA---
HTTP_STATUS:200
TIME_TOTAL:3.559297
TIME_CONNECT:0.275582
SIZE_DOWNLOAD:1296
TIMESTAMP:2025-08-22 06:48:57 UTC
TRIGGER:schedule
