---METADATA---
HTTP_STATUS:200
TIME_TOTAL:3.347968
TIME_CONNECT:0.238511
SIZE_DOWNLOAD:1294
TIMESTAMP:2025-08-22 20:15:02 UTC
TRIGGER:schedule
