---METADATA---
HTTP_STATUS:200
TIME_TOTAL:3.455260
TIME_CONNECT:0.278202
SIZE_DOWNLOAD:1305
TIMESTAMP:2025-08-22 01:05:28 UTC
TRIGGER:schedule
