---METADATA---
HTTP_STATUS:200
TIME_TOTAL:3.512608
TIME_CONNECT:0.255061
SIZE_DOWNLOAD:1294
TIMESTAMP:2025-08-22 19:18:11 UTC
TRIGGER:schedule
