---METADATA---
HTTP_STATUS:200
TIME_TOTAL:3.493967
TIME_CONNECT:0.278220
SIZE_DOWNLOAD:1294
TIMESTAMP:2025-08-22 22:12:32 UTC
TRIGGER:schedule
