---METADATA---
HTTP_STATUS:200
TIME_TOTAL:1.008370
TIME_CONNECT:0.217690
SIZE_DOWNLOAD:1294
TIMESTAMP:2025-08-22 20:49:12 UTC
TRIGGER:schedule
