---METADATA---
HTTP_STATUS:200
TIME_TOTAL:3.495270
TIME_CONNECT:0.271838
SIZE_DOWNLOAD:1294
TIMESTAMP:2025-08-22 21:48:33 UTC
TRIGGER:schedule
