---METADATA---
HTTP_STATUS:200
TIME_TOTAL:3.526512
TIME_CONNECT:0.280723
SIZE_DOWNLOAD:1294
TIMESTAMP:2025-08-22 23:38:12 UTC
TRIGGER:schedule
