---METADATA---
HTTP_STATUS:200
TIME_TOTAL:3.626878
TIME_CONNECT:0.261876
SIZE_DOWNLOAD:1294
TIMESTAMP:2025-08-22 11:51:02 UTC
TRIGGER:schedule
