---METADATA---
HTTP_STATUS:200
TIME_TOTAL:3.693773
TIME_CONNECT:0.279839
SIZE_DOWNLOAD:1294
TIMESTAMP:2025-08-22 10:57:45 UTC
TRIGGER:schedule
