---METADATA---
HTTP_STATUS:200
TIME_TOTAL:3.390419
TIME_CONNECT:0.279853
SIZE_DOWNLOAD:1294
TIMESTAMP:2025-07-26 17:56:56 UTC
TRIGGER:schedule
