---METADATA---
HTTP_STATUS:200
TIME_TOTAL:3.461379
TIME_CONNECT:0.360865
SIZE_DOWNLOAD:1294
TIMESTAMP:2025-07-26 16:16:27 UTC
TRIGGER:schedule
