---METADATA---
HTTP_STATUS:200
TIME_TOTAL:3.415107
TIME_CONNECT:0.270723
SIZE_DOWNLOAD:1294
TIMESTAMP:2025-07-26 06:58:55 UTC
TRIGGER:schedule
