---METADATA---
HTTP_STATUS:200
TIME_TOTAL:3.453229
TIME_CONNECT:0.278573
SIZE_DOWNLOAD:1294
TIMESTAMP:2025-07-26 17:22:44 UTC
TRIGGER:schedule
