---METADATA---
HTTP_STATUS:200
TIME_TOTAL:3.468756
TIME_CONNECT:0.294621
SIZE_DOWNLOAD:1307
TIMESTAMP:2025-07-26 11:12:20 UTC
TRIGGER:schedule
