---METADATA---
HTTP_STATUS:200
TIME_TOTAL:3.856101
TIME_CONNECT:0.303337
SIZE_DOWNLOAD:1305
TIMESTAMP:2025-07-26 06:39:37 UTC
TRIGGER:schedule
