---METADATA---
HTTP_STATUS:200
TIME_TOTAL:3.422757
TIME_CONNECT:0.277796
SIZE_DOWNLOAD:1294
TIMESTAMP:2025-07-26 17:13:14 UTC
TRIGGER:schedule
