---METADATA---
HTTP_STATUS:200
TIME_TOTAL:3.565196
TIME_CONNECT:0.271858
SIZE_DOWNLOAD:1306
TIMESTAMP:2025-07-26 05:11:26 UTC
TRIGGER:schedule
