---METADATA---
HTTP_STATUS:200
TIME_TOTAL:3.557083
TIME_CONNECT:0.289185
SIZE_DOWNLOAD:1306
TIMESTAMP:2025-07-26 05:44:54 UTC
TRIGGER:schedule
