---METADATA---
HTTP_STATUS:200
TIME_TOTAL:3.592935
TIME_CONNECT:0.301485
SIZE_DOWNLOAD:1307
TIMESTAMP:2025-07-26 09:33:28 UTC
TRIGGER:schedule
