---METADATA---
HTTP_STATUS:200
TIME_TOTAL:3.695401
TIME_CONNECT:0.296753
SIZE_DOWNLOAD:1306
TIMESTAMP:2025-07-26 04:04:39 UTC
TRIGGER:schedule
