---METADATA---
HTTP_STATUS:200
TIME_TOTAL:3.418595
TIME_CONNECT:0.276360
SIZE_DOWNLOAD:1294
TIMESTAMP:2025-07-26 22:58:45 UTC
TRIGGER:schedule
