---METADATA---
HTTP_STATUS:200
TIME_TOTAL:3.553772
TIME_CONNECT:0.268282
SIZE_DOWNLOAD:1307
TIMESTAMP:2025-07-26 10:59:59 UTC
TRIGGER:schedule
