---METADATA---
HTTP_STATUS:200
TIME_TOTAL:3.425146
TIME_CONNECT:0.297978
SIZE_DOWNLOAD:1294
TIMESTAMP:2025-07-26 21:12:51 UTC
TRIGGER:schedule
