---METADATA---
HTTP_STATUS:200
TIME_TOTAL:3.437828
TIME_CONNECT:0.298908
SIZE_DOWNLOAD:1294
TIMESTAMP:2025-07-26 00:56:28 UTC
TRIGGER:schedule
