---METADATA---
HTTP_STATUS:200
TIME_TOTAL:3.543557
TIME_CONNECT:0.283265
SIZE_DOWNLOAD:1294
TIMESTAMP:2025-07-26 15:13:38 UTC
TRIGGER:schedule
