---METADATA---
HTTP_STATUS:200
TIME_TOTAL:1.141996
TIME_CONNECT:0.308059
SIZE_DOWNLOAD:1294
TIMESTAMP:2025-07-26 07:31:55 UTC
TRIGGER:schedule
