---METADATA---
HTTP_STATUS:200
TIME_TOTAL:3.350471
TIME_CONNECT:0.237901
SIZE_DOWNLOAD:1307
TIMESTAMP:2025-07-26 23:57:08 UTC
TRIGGER:schedule
