---METADATA---
HTTP_STATUS:200
TIME_TOTAL:3.556122
TIME_CONNECT:0.341596
SIZE_DOWNLOAD:1307
TIMESTAMP:2025-07-26 11:28:11 UTC
TRIGGER:schedule
