---METADATA---
HTTP_STATUS:200
TIME_TOTAL:3.582164
TIME_CONNECT:0.276358
SIZE_DOWNLOAD:1307
TIMESTAMP:2025-07-26 23:44:47 UTC
TRIGGER:schedule
