---METADATA---
HTTP_STATUS:200
TIME_TOTAL:3.427854
TIME_CONNECT:0.290364
SIZE_DOWNLOAD:1294
TIMESTAMP:2025-07-26 14:56:56 UTC
TRIGGER:schedule
