---METADATA---
HTTP_STATUS:200
TIME_TOTAL:3.472316
TIME_CONNECT:0.276157
SIZE_DOWNLOAD:1306
TIMESTAMP:2025-07-26 03:59:13 UTC
TRIGGER:schedule
