---METADATA---
HTTP_STATUS:200
TIME_TOTAL:3.405265
TIME_CONNECT:0.276068
SIZE_DOWNLOAD:1294
TIMESTAMP:2025-07-26 15:59:03 UTC
TRIGGER:schedule
