---METADATA---
HTTP_STATUS:200
TIME_TOTAL:3.542475
TIME_CONNECT:0.252148
SIZE_DOWNLOAD:1294
TIMESTAMP:2025-07-26 21:43:38 UTC
TRIGGER:schedule
