---METADATA---
HTTP_STATUS:200
TIME_TOTAL:3.674817
TIME_CONNECT:0.355266
SIZE_DOWNLOAD:1305
TIMESTAMP:2025-07-26 08:33:52 UTC
TRIGGER:schedule
