---METADATA---
HTTP_STATUS:200
TIME_TOTAL:3.686445
TIME_CONNECT:0.279424
SIZE_DOWNLOAD:1296
TIMESTAMP:2025-07-26 07:48:24 UTC
TRIGGER:schedule
