---METADATA---
HTTP_STATUS:200
TIME_TOTAL:3.623045
TIME_CONNECT:0.458507
SIZE_DOWNLOAD:1294
TIMESTAMP:2025-07-26 19:10:45 UTC
TRIGGER:schedule
