---METADATA---
HTTP_STATUS:200
TIME_TOTAL:3.365534
TIME_CONNECT:0.241534
SIZE_DOWNLOAD:1294
TIMESTAMP:2025-07-26 15:28:01 UTC
TRIGGER:schedule
