---METADATA---
HTTP_STATUS:200
TIME_TOTAL:3.484147
TIME_CONNECT:0.327366
SIZE_DOWNLOAD:1307
TIMESTAMP:2025-07-26 23:50:28 UTC
TRIGGER:schedule
