---METADATA---
HTTP_STATUS:200
TIME_TOTAL:3.440382
TIME_CONNECT:0.226084
SIZE_DOWNLOAD:1303
TIMESTAMP:2025-07-26 23:13:50 UTC
TRIGGER:schedule
