---METADATA---
HTTP_STATUS:200
TIME_TOTAL:3.530644
TIME_CONNECT:0.277324
SIZE_DOWNLOAD:1296
TIMESTAMP:2025-07-26 07:43:20 UTC
TRIGGER:schedule
