---METADATA---
HTTP_STATUS:200
TIME_TOTAL:3.596597
TIME_CONNECT:0.294466
SIZE_DOWNLOAD:1294
TIMESTAMP:2025-07-26 19:39:33 UTC
TRIGGER:schedule
