---METADATA---
HTTP_STATUS:200
TIME_TOTAL:3.633712
TIME_CONNECT:0.274683
SIZE_DOWNLOAD:1296
TIMESTAMP:2025-07-26 13:06:28 UTC
TRIGGER:schedule
