---METADATA---
HTTP_STATUS:200
TIME_TOTAL:3.482565
TIME_CONNECT:0.233843
SIZE_DOWNLOAD:1307
TIMESTAMP:2025-07-26 01:12:20 UTC
TRIGGER:schedule
