---METADATA---
HTTP_STATUS:200
TIME_TOTAL:3.433387
TIME_CONNECT:0.288039
SIZE_DOWNLOAD:1294
TIMESTAMP:2025-07-26 07:14:16 UTC
TRIGGER:schedule
