---METADATA---
HTTP_STATUS:200
TIME_TOTAL:3.521724
TIME_CONNECT:0.304611
SIZE_DOWNLOAD:1295
TIMESTAMP:2025-07-26 13:42:41 UTC
TRIGGER:schedule
