---METADATA---
HTTP_STATUS:200
TIME_TOTAL:3.531773
TIME_CONNECT:0.286153
SIZE_DOWNLOAD:1294
TIMESTAMP:2025-07-26 18:37:50 UTC
TRIGGER:schedule
