---METADATA---
HTTP_STATUS:200
TIME_TOTAL:3.658589
TIME_CONNECT:0.295210
SIZE_DOWNLOAD:1306
TIMESTAMP:2025-07-26 05:42:27 UTC
TRIGGER:schedule
