---METADATA---
HTTP_STATUS:200
TIME_TOTAL:3.272093
TIME_CONNECT:0.273030
SIZE_DOWNLOAD:1294
TIMESTAMP:2025-07-26 21:25:36 UTC
TRIGGER:schedule
