---METADATA---
HTTP_STATUS:200
TIME_TOTAL:3.342561
TIME_CONNECT:0.222585
SIZE_DOWNLOAD:1306
TIMESTAMP:2025-07-26 04:43:17 UTC
TRIGGER:schedule
