---METADATA---
HTTP_STATUS:200
TIME_TOTAL:3.388439
TIME_CONNECT:0.271679
SIZE_DOWNLOAD:1307
TIMESTAMP:2025-07-26 11:24:30 UTC
TRIGGER:schedule
