---METADATA---
HTTP_STATUS:200
TIME_TOTAL:3.510067
TIME_CONNECT:0.279974
SIZE_DOWNLOAD:1306
TIMESTAMP:2025-07-26 05:18:00 UTC
TRIGGER:schedule
