---METADATA---
HTTP_STATUS:200
TIME_TOTAL:3.624986
TIME_CONNECT:0.267883
SIZE_DOWNLOAD:1307
TIMESTAMP:2025-07-26 10:52:22 UTC
TRIGGER:schedule
