---METADATA---
HTTP_STATUS:200
TIME_TOTAL:3.652791
TIME_CONNECT:0.328435
SIZE_DOWNLOAD:1307
TIMESTAMP:2025-07-26 06:20:22 UTC
TRIGGER:schedule
