---METADATA---
HTTP_STATUS:200
TIME_TOTAL:3.428884
TIME_CONNECT:0.280625
SIZE_DOWNLOAD:1294
TIMESTAMP:2025-07-26 16:47:00 UTC
TRIGGER:schedule
