---METADATA---
HTTP_STATUS:200
TIME_TOTAL:3.526985
TIME_CONNECT:0.292205
SIZE_DOWNLOAD:1307
TIMESTAMP:2025-07-26 10:39:16 UTC
TRIGGER:schedule
