---METADATA---
HTTP_STATUS:200
TIME_TOTAL:3.550463
TIME_CONNECT:0.328894
SIZE_DOWNLOAD:1294
TIMESTAMP:2025-07-26 18:19:28 UTC
TRIGGER:schedule
