---METADATA---
HTTP_STATUS:200
TIME_TOTAL:3.512040
TIME_CONNECT:0.335152
SIZE_DOWNLOAD:1294
TIMESTAMP:2025-07-26 15:34:35 UTC
TRIGGER:schedule
