---METADATA---
HTTP_STATUS:200
TIME_TOTAL:3.693670
TIME_CONNECT:0.357342
SIZE_DOWNLOAD:1309
TIMESTAMP:2025-07-26 08:18:00 UTC
TRIGGER:schedule
