---METADATA---
HTTP_STATUS:200
TIME_TOTAL:3.365931
TIME_CONNECT:0.227185
SIZE_DOWNLOAD:1294
TIMESTAMP:2025-07-26 15:51:29 UTC
TRIGGER:schedule
