---METADATA---
HTTP_STATUS:200
TIME_TOTAL:3.570994
TIME_CONNECT:0.279528
SIZE_DOWNLOAD:1307
TIMESTAMP:2025-07-26 11:48:19 UTC
TRIGGER:schedule
