---METADATA---
HTTP_STATUS:200
TIME_TOTAL:3.500489
TIME_CONNECT:0.308837
SIZE_DOWNLOAD:1294
TIMESTAMP:2025-07-26 19:48:17 UTC
TRIGGER:schedule
