---METADATA---
HTTP_STATUS:200
TIME_TOTAL:3.618807
TIME_CONNECT:0.282945
SIZE_DOWNLOAD:1307
TIMESTAMP:2025-07-26 09:56:58 UTC
TRIGGER:schedule
