---METADATA---
HTTP_STATUS:200
TIME_TOTAL:3.487660
TIME_CONNECT:0.295223
SIZE_DOWNLOAD:1307
TIMESTAMP:2025-07-26 10:14:21 UTC
TRIGGER:schedule
