---METADATA---
HTTP_STATUS:200
TIME_TOTAL:3.495088
TIME_CONNECT:0.336850
SIZE_DOWNLOAD:1306
TIMESTAMP:2025-07-26 05:54:55 UTC
TRIGGER:schedule
