---METADATA---
HTTP_STATUS:200
TIME_TOTAL:3.448852
TIME_CONNECT:0.282297
SIZE_DOWNLOAD:1294
TIMESTAMP:2025-07-26 20:15:04 UTC
TRIGGER:schedule
