---METADATA---
HTTP_STATUS:200
TIME_TOTAL:3.578355
TIME_CONNECT:0.268279
SIZE_DOWNLOAD:1294
TIMESTAMP:2025-07-26 22:36:05 UTC
TRIGGER:schedule
