---METADATA---
HTTP_STATUS:200
TIME_TOTAL:3.590230
TIME_CONNECT:0.272641
SIZE_DOWNLOAD:1309
TIMESTAMP:2025-07-26 08:45:56 UTC
TRIGGER:schedule
