---METADATA---
HTTP_STATUS:200
TIME_TOTAL:3.446112
TIME_CONNECT:0.243487
SIZE_DOWNLOAD:1307
TIMESTAMP:2025-07-26 11:57:01 UTC
TRIGGER:schedule
