---METADATA---
HTTP_STATUS:200
TIME_TOTAL:3.666441
TIME_CONNECT:0.349671
SIZE_DOWNLOAD:1307
TIMESTAMP:2025-07-26 09:49:35 UTC
TRIGGER:schedule
