---METADATA---
HTTP_STATUS:200
TIME_TOTAL:3.509335
TIME_CONNECT:0.389048
SIZE_DOWNLOAD:1294
TIMESTAMP:2025-07-26 22:13:44 UTC
TRIGGER:schedule
