---METADATA---
HTTP_STATUS:200
TIME_TOTAL:3.478802
TIME_CONNECT:0.281588
SIZE_DOWNLOAD:1294
TIMESTAMP:2025-07-26 20:51:12 UTC
TRIGGER:schedule
