---METADATA---
HTTP_STATUS:200
TIME_TOTAL:3.598909
TIME_CONNECT:0.278327
SIZE_DOWNLOAD:1293
TIMESTAMP:2025-07-26 13:51:53 UTC
TRIGGER:schedule
