---METADATA---
HTTP_STATUS:200
TIME_TOTAL:3.640864
TIME_CONNECT:0.277367
SIZE_DOWNLOAD:1307
TIMESTAMP:2025-07-26 09:42:44 UTC
TRIGGER:schedule
