---METADATA---
HTTP_STATUS:200
TIME_TOTAL:3.427864
TIME_CONNECT:0.277550
SIZE_DOWNLOAD:1294
TIMESTAMP:2025-07-26 23:31:56 UTC
TRIGGER:schedule
