---METADATA---
HTTP_STATUS:200
TIME_TOTAL:3.534022
TIME_CONNECT:0.279364
SIZE_DOWNLOAD:1293
TIMESTAMP:2025-07-26 13:53:41 UTC
TRIGGER:schedule
