---METADATA---
HTTP_STATUS:200
TIME_TOTAL:1.003193
TIME_CONNECT:0.271851
SIZE_DOWNLOAD:1307
TIMESTAMP:2025-07-26 11:40:49 UTC
TRIGGER:schedule
