---METADATA---
HTTP_STATUS:200
TIME_TOTAL:3.372711
TIME_CONNECT:0.272661
SIZE_DOWNLOAD:1294
TIMESTAMP:2025-07-26 19:51:33 UTC
TRIGGER:schedule
