---METADATA---
HTTP_STATUS:200
TIME_TOTAL:3.413207
TIME_CONNECT:0.279946
SIZE_DOWNLOAD:1294
TIMESTAMP:2025-07-26 20:44:25 UTC
TRIGGER:schedule
