---METADATA---
HTTP_STATUS:200
TIME_TOTAL:3.443364
TIME_CONNECT:0.277630
SIZE_DOWNLOAD:1309
TIMESTAMP:2025-07-26 07:56:51 UTC
TRIGGER:schedule
