---METADATA---
HTTP_STATUS:200
TIME_TOTAL:3.384514
TIME_CONNECT:0.298431
SIZE_DOWNLOAD:1294
TIMESTAMP:2025-07-26 23:27:10 UTC
TRIGGER:schedule
