---METADATA---
HTTP_STATUS:200
TIME_TOTAL:3.832070
TIME_CONNECT:0.247402
SIZE_DOWNLOAD:1294
TIMESTAMP:2025-07-26 14:13:11 UTC
TRIGGER:schedule
