---METADATA---
HTTP_STATUS:200
TIME_TOTAL:3.394659
TIME_CONNECT:0.283115
SIZE_DOWNLOAD:1294
TIMESTAMP:2025-07-26 16:34:19 UTC
TRIGGER:schedule
