---METADATA---
HTTP_STATUS:200
TIME_TOTAL:3.416180
TIME_CONNECT:0.220871
SIZE_DOWNLOAD:1294
TIMESTAMP:2025-07-26 20:34:58 UTC
TRIGGER:schedule
