---METADATA---
HTTP_STATUS:200
TIME_TOTAL:3.397748
TIME_CONNECT:0.277686
SIZE_DOWNLOAD:1294
TIMESTAMP:2025-07-26 18:57:05 UTC
TRIGGER:schedule
