---METADATA---
HTTP_STATUS:200
TIME_TOTAL:3.451540
TIME_CONNECT:0.278345
SIZE_DOWNLOAD:1294
TIMESTAMP:2025-07-26 19:36:07 UTC
TRIGGER:schedule
