---METADATA---
HTTP_STATUS:200
TIME_TOTAL:3.611738
TIME_CONNECT:0.274239
SIZE_DOWNLOAD:1294
TIMESTAMP:2025-07-26 06:50:56 UTC
TRIGGER:schedule
