---METADATA---
HTTP_STATUS:200
TIME_TOTAL:3.421044
TIME_CONNECT:0.289536
SIZE_DOWNLOAD:1294
TIMESTAMP:2025-07-26 21:50:01 UTC
TRIGGER:schedule
