---METADATA---
HTTP_STATUS:200
TIME_TOTAL:3.608147
TIME_CONNECT:0.247997
SIZE_DOWNLOAD:1306
TIMESTAMP:2025-07-26 04:49:14 UTC
TRIGGER:schedule
