---METADATA---
HTTP_STATUS:200
TIME_TOTAL:3.591901
TIME_CONNECT:0.280284
SIZE_DOWNLOAD:1294
TIMESTAMP:2025-07-26 14:45:03 UTC
TRIGGER:schedule
