---METADATA---
HTTP_STATUS:200
TIME_TOTAL:3.347591
TIME_CONNECT:0.278610
SIZE_DOWNLOAD:1307
TIMESTAMP:2025-07-26 02:55:17 UTC
TRIGGER:schedule
