---METADATA---
HTTP_STATUS:200
TIME_TOTAL:3.605726
TIME_CONNECT:0.289632
SIZE_DOWNLOAD:1294
TIMESTAMP:2025-07-26 21:56:52 UTC
TRIGGER:schedule
