---METADATA---
HTTP_STATUS:200
TIME_TOTAL:3.534068
TIME_CONNECT:0.232730
SIZE_DOWNLOAD:1307
TIMESTAMP:2025-07-26 10:48:20 UTC
TRIGGER:schedule
