---METADATA---
HTTP_STATUS:200
TIME_TOTAL:3.412326
TIME_CONNECT:0.286948
SIZE_DOWNLOAD:1302
TIMESTAMP:2025-07-26 08:54:41 UTC
TRIGGER:schedule
