---METADATA---
HTTP_STATUS:200
TIME_TOTAL:3.476284
TIME_CONNECT:0.294593
SIZE_DOWNLOAD:1294
TIMESTAMP:2025-07-26 22:26:57 UTC
TRIGGER:schedule
