---METADATA---
HTTP_STATUS:200
TIME_TOTAL:3.454049
TIME_CONNECT:0.294962
SIZE_DOWNLOAD:1294
TIMESTAMP:2025-07-26 17:44:46 UTC
TRIGGER:schedule
