---METADATA---
HTTP_STATUS:200
TIME_TOTAL:3.432141
TIME_CONNECT:0.276767
SIZE_DOWNLOAD:1305
TIMESTAMP:2025-07-26 09:14:15 UTC
TRIGGER:schedule
