---METADATA---
HTTP_STATUS:200
TIME_TOTAL:3.352231
TIME_CONNECT:0.216563
SIZE_DOWNLOAD:1292
TIMESTAMP:2025-07-26 12:54:29 UTC
TRIGGER:schedule
