---METADATA---
HTTP_STATUS:200
TIME_TOTAL:3.429070
TIME_CONNECT:0.279382
SIZE_DOWNLOAD:1294
TIMESTAMP:2025-07-26 22:51:32 UTC
TRIGGER:schedule
