---METADATA---
HTTP_STATUS:200
TIME_TOTAL:3.552926
TIME_CONNECT:0.279552
SIZE_DOWNLOAD:1294
TIMESTAMP:2025-07-26 14:34:22 UTC
TRIGGER:schedule
