---METADATA---
HTTP_STATUS:200
TIME_TOTAL:3.551462
TIME_CONNECT:0.290875
SIZE_DOWNLOAD:1294
TIMESTAMP:2025-07-26 15:46:28 UTC
TRIGGER:schedule
