---METADATA---
HTTP_STATUS:200
TIME_TOTAL:3.608315
TIME_CONNECT:0.294215
SIZE_DOWNLOAD:1294
TIMESTAMP:2025-07-26 16:54:32 UTC
TRIGGER:schedule
