---METADATA---
HTTP_STATUS:200
TIME_TOTAL:3.544089
TIME_CONNECT:0.306834
SIZE_DOWNLOAD:1307
TIMESTAMP:2025-07-26 11:40:00 UTC
TRIGGER:schedule
