---METADATA---
HTTP_STATUS:200
TIME_TOTAL:3.514211
TIME_CONNECT:0.311393
SIZE_DOWNLOAD:1307
TIMESTAMP:2025-07-26 10:29:01 UTC
TRIGGER:schedule
