---METADATA---
HTTP_STATUS:200
TIME_TOTAL:3.446674
TIME_CONNECT:0.235828
SIZE_DOWNLOAD:1294
TIMESTAMP:2025-07-26 17:35:06 UTC
TRIGGER:schedule
