---METADATA---
HTTP_STATUS:200
TIME_TOTAL:3.435439
TIME_CONNECT:0.275215
SIZE_DOWNLOAD:1294
TIMESTAMP:2025-07-26 20:25:32 UTC
TRIGGER:schedule
