---METADATA---
HTTP_STATUS:200
TIME_TOTAL:3.506147
TIME_CONNECT:0.302597
SIZE_DOWNLOAD:1294
TIMESTAMP:2025-07-26 22:46:53 UTC
TRIGGER:schedule
