---METADATA---
HTTP_STATUS:200
TIME_TOTAL:3.626924
TIME_CONNECT:0.300026
SIZE_DOWNLOAD:1294
TIMESTAMP:2025-07-26 14:51:12 UTC
TRIGGER:schedule
