---METADATA---
HTTP_STATUS:200
TIME_TOTAL:3.581586
TIME_CONNECT:0.278864
SIZE_DOWNLOAD:1294
TIMESTAMP:2025-07-26 07:27:55 UTC
TRIGGER:schedule
