---METADATA---
HTTP_STATUS:200
TIME_TOTAL:3.502818
TIME_CONNECT:0.294919
SIZE_DOWNLOAD:1294
TIMESTAMP:2025-07-26 19:21:19 UTC
TRIGGER:schedule
