---METADATA---
HTTP_STATUS:200
TIME_TOTAL:3.720006
TIME_CONNECT:0.297573
SIZE_DOWNLOAD:1306
TIMESTAMP:2025-07-26 05:57:03 UTC
TRIGGER:schedule
