---METADATA---
HTTP_STATUS:200
TIME_TOTAL:3.471884
TIME_CONNECT:0.270325
SIZE_DOWNLOAD:1294
TIMESTAMP:2025-07-26 09:24:23 UTC
TRIGGER:schedule
