---METADATA---
HTTP_STATUS:200
TIME_TOTAL:3.365108
TIME_CONNECT:0.278320
SIZE_DOWNLOAD:1294
TIMESTAMP:2025-07-26 20:57:11 UTC
TRIGGER:schedule
