---METADATA---
HTTP_STATUS:200
TIME_TOTAL:3.565242
TIME_CONNECT:0.291408
SIZE_DOWNLOAD:1294
TIMESTAMP:2025-07-26 18:49:04 UTC
TRIGGER:schedule
