---METADATA---
HTTP_STATUS:200
TIME_TOTAL:1.095607
TIME_CONNECT:0.272942
SIZE_DOWNLOAD:1307
TIMESTAMP:2025-07-26 03:00:34 UTC
TRIGGER:schedule
