---METADATA---
HTTP_STATUS:200
TIME_TOTAL:3.557137
TIME_CONNECT:0.275621
SIZE_DOWNLOAD:1305
TIMESTAMP:2025-07-26 13:34:19 UTC
TRIGGER:schedule
