---METADATA---
HTTP_STATUS:200
TIME_TOTAL:3.414385
TIME_CONNECT:0.220236
SIZE_DOWNLOAD:1294
TIMESTAMP:2025-07-26 21:30:43 UTC
TRIGGER:schedule
