---METADATA---
HTTP_STATUS:200
TIME_TOTAL:1.084253
TIME_CONNECT:0.235730
SIZE_DOWNLOAD:1294
TIMESTAMP:2025-07-26 19:25:42 UTC
TRIGGER:schedule
