---METADATA---
HTTP_STATUS:200
TIME_TOTAL:3.403827
TIME_CONNECT:0.278451
SIZE_DOWNLOAD:1294
TIMESTAMP:2025-07-26 17:50:39 UTC
TRIGGER:schedule
