---METADATA---
HTTP_STATUS:200
TIME_TOTAL:3.276270
TIME_CONNECT:0.239298
SIZE_DOWNLOAD:1132
TIMESTAMP:2025-06-13 15:34:38 UTC
TRIGGER:schedule
