---METADATA---
HTTP_STATUS:200
TIME_TOTAL:3.234290
TIME_CONNECT:0.243744
SIZE_DOWNLOAD:1307
TIMESTAMP:2025-06-13 09:56:52 UTC
TRIGGER:schedule
