---METADATA---
HTTP_STATUS:200
TIME_TOTAL:3.500863
TIME_CONNECT:0.279195
SIZE_DOWNLOAD:1307
TIMESTAMP:2025-06-13 05:45:51 UTC
TRIGGER:schedule
