---METADATA---
HTTP_STATUS:200
TIME_TOTAL:1.073885
TIME_CONNECT:0.259825
SIZE_DOWNLOAD:1132
TIMESTAMP:2025-06-13 19:31:03 UTC
TRIGGER:schedule
