---METADATA---
HTTP_STATUS:200
TIME_TOTAL:3.371536
TIME_CONNECT:0.288701
SIZE_DOWNLOAD:1292
TIMESTAMP:2025-06-13 04:03:37 UTC
TRIGGER:schedule
