---METADATA---
HTTP_STATUS:200
TIME_TOTAL:3.611242
TIME_CONNECT:0.282569
SIZE_DOWNLOAD:1292
TIMESTAMP:2025-06-13 09:15:16 UTC
TRIGGER:schedule
