---METADATA---
HTTP_STATUS:200
TIME_TOTAL:3.299861
TIME_CONNECT:0.278720
SIZE_DOWNLOAD:1132
TIMESTAMP:2025-06-13 18:19:34 UTC
TRIGGER:schedule
