---METADATA---
HTTP_STATUS:200
TIME_TOTAL:3.315213
TIME_CONNECT:0.280648
SIZE_DOWNLOAD:1132
TIMESTAMP:2025-06-13 23:25:46 UTC
TRIGGER:schedule
