---METADATA---
HTTP_STATUS:200
TIME_TOTAL:3.433435
TIME_CONNECT:0.318074
SIZE_DOWNLOAD:1294
TIMESTAMP:2025-06-13 01:09:52 UTC
TRIGGER:schedule
