---METADATA---
HTTP_STATUS:200
TIME_TOTAL:3.349501
TIME_CONNECT:0.300819
SIZE_DOWNLOAD:1132
TIMESTAMP:2025-06-13 23:57:00 UTC
TRIGGER:schedule
