---METADATA---
HTTP_STATUS:200
TIME_TOTAL:3.394630
TIME_CONNECT:0.246265
SIZE_DOWNLOAD:1292
TIMESTAMP:2025-06-13 11:39:08 UTC
TRIGGER:schedule
