---METADATA---
HTTP_STATUS:200
TIME_TOTAL:3.286913
TIME_CONNECT:0.236841
SIZE_DOWNLOAD:1132
TIMESTAMP:2025-06-13 14:57:32 UTC
TRIGGER:schedule
