---METADATA---
HTTP_STATUS:200
TIME_TOTAL:3.392441
TIME_CONNECT:0.346847
SIZE_DOWNLOAD:1292
TIMESTAMP:2025-06-13 10:29:32 UTC
TRIGGER:schedule
