---METADATA---
HTTP_STATUS:200
TIME_TOTAL:3.187960
TIME_CONNECT:0.279869
SIZE_DOWNLOAD:1132
TIMESTAMP:2025-06-13 19:58:43 UTC
TRIGGER:schedule
