---METADATA---
HTTP_STATUS:200
TIME_TOTAL:3.336799
TIME_CONNECT:0.222155
SIZE_DOWNLOAD:1305
TIMESTAMP:2025-06-13 09:43:40 UTC
TRIGGER:schedule
