---METADATA---
HTTP_STATUS:200
TIME_TOTAL:3.521725
TIME_CONNECT:0.263708
SIZE_DOWNLOAD:1292
TIMESTAMP:2025-06-13 04:40:31 UTC
TRIGGER:schedule
