---METADATA---
HTTP_STATUS:200
TIME_TOTAL:3.557506
TIME_CONNECT:0.283025
SIZE_DOWNLOAD:1132
TIMESTAMP:2025-06-13 21:48:20 UTC
TRIGGER:schedule
