---METADATA---
HTTP_STATUS:200
TIME_TOTAL:3.233113
TIME_CONNECT:0.267165
SIZE_DOWNLOAD:1132
TIMESTAMP:2025-06-13 18:54:35 UTC
TRIGGER:schedule
