---METADATA---
HTTP_STATUS:200
TIME_TOTAL:3.349700
TIME_CONNECT:0.271898
SIZE_DOWNLOAD:1291
TIMESTAMP:2025-06-13 13:42:09 UTC
TRIGGER:schedule
