---METADATA---
HTTP_STATUS:200
TIME_TOTAL:1.073336
TIME_CONNECT:0.290392
SIZE_DOWNLOAD:1307
TIMESTAMP:2025-06-13 05:50:21 UTC
TRIGGER:schedule
