---METADATA---
HTTP_STATUS:200
TIME_TOTAL:3.525086
TIME_CONNECT:0.277920
SIZE_DOWNLOAD:1292
TIMESTAMP:2025-06-13 03:44:26 UTC
TRIGGER:schedule
