---METADATA---
HTTP_STATUS:200
TIME_TOTAL:1.160711
TIME_CONNECT:0.248571
SIZE_DOWNLOAD:1292
TIMESTAMP:2025-06-13 11:47:52 UTC
TRIGGER:schedule
