---METADATA---
HTTP_STATUS:200
TIME_TOTAL:3.434142
TIME_CONNECT:0.243203
SIZE_DOWNLOAD:1132
TIMESTAMP:2025-06-13 23:31:39 UTC
TRIGGER:schedule
