---METADATA---
HTTP_STATUS:200
TIME_TOTAL:3.327742
TIME_CONNECT:0.252823
SIZE_DOWNLOAD:1132
TIMESTAMP:2025-06-13 23:48:36 UTC
TRIGGER:schedule
