---METADATA---
HTTP_STATUS:200
TIME_TOTAL:3.318348
TIME_CONNECT:0.283257
SIZE_DOWNLOAD:1132
TIMESTAMP:2025-06-13 17:56:45 UTC
TRIGGER:schedule
