---METADATA---
HTTP_STATUS:200
TIME_TOTAL:3.289910
TIME_CONNECT:0.236080
SIZE_DOWNLOAD:1132
TIMESTAMP:2025-06-13 16:54:01 UTC
TRIGGER:schedule
