---METADATA---
HTTP_STATUS:200
TIME_TOTAL:3.289766
TIME_CONNECT:0.243498
SIZE_DOWNLOAD:1294
TIMESTAMP:2025-06-13 04:56:20 UTC
TRIGGER:schedule
