---METADATA---
HTTP_STATUS:200
TIME_TOTAL:3.317162
TIME_CONNECT:0.311353
SIZE_DOWNLOAD:1132
TIMESTAMP:2025-06-13 21:13:33 UTC
TRIGGER:schedule
