---METADATA---
HTTP_STATUS:200
TIME_TOTAL:1.012335
TIME_CONNECT:0.229795
SIZE_DOWNLOAD:1292
TIMESTAMP:2025-06-13 10:53:15 UTC
TRIGGER:schedule
