---METADATA---
HTTP_STATUS:200
TIME_TOTAL:3.273237
TIME_CONNECT:0.237372
SIZE_DOWNLOAD:1132
TIMESTAMP:2025-06-13 23:42:20 UTC
TRIGGER:schedule
