---METADATA---
HTTP_STATUS:200
TIME_TOTAL:3.607132
TIME_CONNECT:0.262454
SIZE_DOWNLOAD:1291
TIMESTAMP:2025-06-13 09:40:36 UTC
TRIGGER:schedule
