---METADATA---
HTTP_STATUS:200
TIME_TOTAL:3.440581
TIME_CONNECT:0.288389
SIZE_DOWNLOAD:1292
TIMESTAMP:2025-06-13 11:27:46 UTC
TRIGGER:schedule
