---METADATA---
HTTP_STATUS:200
TIME_TOTAL:3.511035
TIME_CONNECT:0.249375
SIZE_DOWNLOAD:1132
TIMESTAMP:2025-06-13 15:50:20 UTC
TRIGGER:schedule
