---METADATA---
HTTP_STATUS:200
TIME_TOTAL:3.269939
TIME_CONNECT:0.235897
SIZE_DOWNLOAD:1294
TIMESTAMP:2025-06-13 13:51:34 UTC
TRIGGER:schedule
