---METADATA---
HTTP_STATUS:200
TIME_TOTAL:3.764602
TIME_CONNECT:0.254028
SIZE_DOWNLOAD:1304
TIMESTAMP:2025-06-13 05:41:30 UTC
TRIGGER:schedule
