---METADATA---
HTTP_STATUS:200
TIME_TOTAL:3.332998
TIME_CONNECT:0.235443
SIZE_DOWNLOAD:1292
TIMESTAMP:2025-06-13 04:43:34 UTC
TRIGGER:schedule
