---METADATA---
HTTP_STATUS:200
TIME_TOTAL:3.661614
TIME_CONNECT:0.290218
SIZE_DOWNLOAD:1292
TIMESTAMP:2025-06-13 06:20:48 UTC
TRIGGER:schedule
