---METADATA---
HTTP_STATUS:200
TIME_TOTAL:3.543930
TIME_CONNECT:0.242393
SIZE_DOWNLOAD:1292
TIMESTAMP:2025-06-13 11:42:15 UTC
TRIGGER:schedule
