---METADATA---
HTTP_STATUS:200
TIME_TOTAL:3.302809
TIME_CONNECT:0.275812
SIZE_DOWNLOAD:1132
TIMESTAMP:2025-06-13 17:48:22 UTC
TRIGGER:schedule
