---METADATA---
HTTP_STATUS:200
TIME_TOTAL:3.313725
TIME_CONNECT:0.232748
SIZE_DOWNLOAD:1292
TIMESTAMP:2025-06-13 12:28:13 UTC
TRIGGER:schedule
