---METADATA---
HTTP_STATUS:200
TIME_TOTAL:3.346906
TIME_CONNECT:0.330180
SIZE_DOWNLOAD:1292
TIMESTAMP:2025-06-13 08:35:08 UTC
TRIGGER:schedule
