---METADATA---
HTTP_STATUS:200
TIME_TOTAL:3.495928
TIME_CONNECT:0.247550
SIZE_DOWNLOAD:1132
TIMESTAMP:2025-06-13 15:14:35 UTC
TRIGGER:schedule
