---METADATA---
HTTP_STATUS:200
TIME_TOTAL:3.555320
TIME_CONNECT:0.246772
SIZE_DOWNLOAD:1132
TIMESTAMP:2025-06-13 16:34:05 UTC
TRIGGER:schedule
