---METADATA---
HTTP_STATUS:200
TIME_TOTAL:3.063144
TIME_CONNECT:0.213270
SIZE_DOWNLOAD:1132
TIMESTAMP:2025-06-13 22:34:20 UTC
TRIGGER:schedule
