---METADATA---
HTTP_STATUS:200
TIME_TOTAL:3.637668
TIME_CONNECT:0.238466
SIZE_DOWNLOAD:1294
TIMESTAMP:2025-06-13 07:25:28 UTC
TRIGGER:schedule
