---METADATA---
HTTP_STATUS:200
TIME_TOTAL:3.386696
TIME_CONNECT:0.274702
SIZE_DOWNLOAD:1305
TIMESTAMP:2025-06-13 09:49:51 UTC
TRIGGER:schedule
