---METADATA---
HTTP_STATUS:200
TIME_TOTAL:3.479487
TIME_CONNECT:0.255251
SIZE_DOWNLOAD:1132
TIMESTAMP:2025-06-13 18:47:45 UTC
TRIGGER:schedule
