---METADATA---
HTTP_STATUS:200
TIME_TOTAL:3.378586
TIME_CONNECT:0.291479
SIZE_DOWNLOAD:1132
TIMESTAMP:2025-06-13 17:42:47 UTC
TRIGGER:schedule
