---METADATA---
HTTP_STATUS:200
TIME_TOTAL:3.453681
TIME_CONNECT:0.237953
SIZE_DOWNLOAD:1293
TIMESTAMP:2025-06-13 13:33:55 UTC
TRIGGER:schedule
