---METADATA---
HTTP_STATUS:200
TIME_TOTAL:3.155511
TIME_CONNECT:0.280412
SIZE_DOWNLOAD:1132
TIMESTAMP:2025-06-13 21:42:26 UTC
TRIGGER:schedule
