---METADATA---
HTTP_STATUS:200
TIME_TOTAL:3.697420
TIME_CONNECT:0.308615
SIZE_DOWNLOAD:1307
TIMESTAMP:2025-06-13 13:06:59 UTC
TRIGGER:schedule
