---METADATA---
HTTP_STATUS:200
TIME_TOTAL:3.207284
TIME_CONNECT:0.234490
SIZE_DOWNLOAD:1292
TIMESTAMP:2025-06-13 11:07:21 UTC
TRIGGER:schedule
