---METADATA---
HTTP_STATUS:200
TIME_TOTAL:3.339503
TIME_CONNECT:0.330833
SIZE_DOWNLOAD:1132
TIMESTAMP:2025-06-13 23:14:36 UTC
TRIGGER:schedule
