---METADATA---
HTTP_STATUS:200
TIME_TOTAL:3.190003
TIME_CONNECT:0.245593
SIZE_DOWNLOAD:1132
TIMESTAMP:2025-06-13 15:57:53 UTC
TRIGGER:schedule
