---METADATA---
HTTP_STATUS:200
TIME_TOTAL:3.340047
TIME_CONNECT:0.265458
SIZE_DOWNLOAD:1292
TIMESTAMP:2025-06-13 02:55:00 UTC
TRIGGER:schedule
