---METADATA---
HTTP_STATUS:200
TIME_TOTAL:3.391754
TIME_CONNECT:0.244673
SIZE_DOWNLOAD:1303
TIMESTAMP:2025-06-13 05:28:15 UTC
TRIGGER:schedule
