---METADATA---
HTTP_STATUS:200
TIME_TOTAL:3.283692
TIME_CONNECT:0.243848
SIZE_DOWNLOAD:1132
TIMESTAMP:2025-06-13 20:15:19 UTC
TRIGGER:schedule
