---METADATA---
HTTP_STATUS:200
TIME_TOTAL:3.430178
TIME_CONNECT:0.215012
SIZE_DOWNLOAD:1292
TIMESTAMP:2025-06-13 03:31:15 UTC
TRIGGER:schedule
