---METADATA---
HTTP_STATUS:200
TIME_TOTAL:3.362561
TIME_CONNECT:0.258797
SIZE_DOWNLOAD:1307
TIMESTAMP:2025-06-13 12:54:37 UTC
TRIGGER:schedule
