---METADATA---
HTTP_STATUS:200
TIME_TOTAL:3.785353
TIME_CONNECT:0.282382
SIZE_DOWNLOAD:1132
TIMESTAMP:2025-06-13 14:45:31 UTC
TRIGGER:schedule
