---METADATA---
HTTP_STATUS:200
TIME_TOTAL:3.680694
TIME_CONNECT:0.307610
SIZE_DOWNLOAD:1307
TIMESTAMP:2025-06-13 06:57:03 UTC
TRIGGER:schedule
