---METADATA---
HTTP_STATUS:200
TIME_TOTAL:3.310617
TIME_CONNECT:0.247511
SIZE_DOWNLOAD:1305
TIMESTAMP:2025-06-13 07:30:39 UTC
TRIGGER:schedule
