---METADATA---
HTTP_STATUS:200
TIME_TOTAL:3.515365
TIME_CONNECT:0.298249
SIZE_DOWNLOAD:1132
TIMESTAMP:2025-06-13 21:57:01 UTC
TRIGGER:schedule
