---METADATA---
HTTP_STATUS:200
TIME_TOTAL:3.111758
TIME_CONNECT:0.238428
SIZE_DOWNLOAD:1132
TIMESTAMP:2025-06-13 14:22:31 UTC
TRIGGER:schedule
