---METADATA---
HTTP_STATUS:200
TIME_TOTAL:3.418679
TIME_CONNECT:0.276558
SIZE_DOWNLOAD:1132
TIMESTAMP:2025-06-13 14:35:47 UTC
TRIGGER:schedule
