---METADATA---
HTTP_STATUS:200
TIME_TOTAL:3.239769
TIME_CONNECT:0.300311
SIZE_DOWNLOAD:1132
TIMESTAMP:2025-06-13 17:20:26 UTC
TRIGGER:schedule
