---METADATA---
HTTP_STATUS:200
TIME_TOTAL:3.369594
TIME_CONNECT:0.276329
SIZE_DOWNLOAD:1307
TIMESTAMP:2025-06-13 08:54:35 UTC
TRIGGER:schedule
