---METADATA---
HTTP_STATUS:200
TIME_TOTAL:3.403601
TIME_CONNECT:0.278355
SIZE_DOWNLOAD:1294
TIMESTAMP:2025-06-13 05:16:32 UTC
TRIGGER:schedule
