---METADATA---
HTTP_STATUS:200
TIME_TOTAL:3.251577
TIME_CONNECT:0.284304
SIZE_DOWNLOAD:1132
TIMESTAMP:2025-06-13 19:18:17 UTC
TRIGGER:schedule
