---METADATA---
HTTP_STATUS:200
TIME_TOTAL:3.368798
TIME_CONNECT:0.239427
SIZE_DOWNLOAD:1292
TIMESTAMP:2025-06-13 10:48:41 UTC
TRIGGER:schedule
