---METADATA---
HTTP_STATUS:200
TIME_TOTAL:3.172310
TIME_CONNECT:0.287200
SIZE_DOWNLOAD:1292
TIMESTAMP:2025-06-13 08:46:10 UTC
TRIGGER:schedule
