---METADATA---
HTTP_STATUS:200
TIME_TOTAL:0.961300
TIME_CONNECT:0.249549
SIZE_DOWNLOAD:1292
TIMESTAMP:2025-06-13 11:28:03 UTC
TRIGGER:schedule
