---METADATA---
HTTP_STATUS:200
TIME_TOTAL:3.519374
TIME_CONNECT:0.277273
SIZE_DOWNLOAD:1294
TIMESTAMP:2025-06-13 06:50:03 UTC
TRIGGER:schedule
