---METADATA---
HTTP_STATUS:200
TIME_TOTAL:3.304281
TIME_CONNECT:0.244653
SIZE_DOWNLOAD:1132
TIMESTAMP:2025-06-13 17:12:10 UTC
TRIGGER:schedule
