---METADATA---
HTTP_STATUS:200
TIME_TOTAL:3.363454
TIME_CONNECT:0.313299
SIZE_DOWNLOAD:1132
TIMESTAMP:2025-06-13 22:45:05 UTC
TRIGGER:schedule
