---METADATA---
HTTP_STATUS:200
TIME_TOTAL:3.462326
TIME_CONNECT:0.284966
SIZE_DOWNLOAD:1292
TIMESTAMP:2025-06-13 11:57:16 UTC
TRIGGER:schedule
