---METADATA---
HTTP_STATUS:200
TIME_TOTAL:3.106721
TIME_CONNECT:0.237193
SIZE_DOWNLOAD:1132
TIMESTAMP:2025-06-13 20:58:15 UTC
TRIGGER:schedule
