---METADATA---
HTTP_STATUS:200
TIME_TOTAL:3.493841
TIME_CONNECT:0.298693
SIZE_DOWNLOAD:1294
TIMESTAMP:2025-06-13 06:38:50 UTC
TRIGGER:schedule
