---METADATA---
HTTP_STATUS:200
TIME_TOTAL:3.207061
TIME_CONNECT:0.235919
SIZE_DOWNLOAD:1132
TIMESTAMP:2025-06-13 19:11:06 UTC
TRIGGER:schedule
