---METADATA---
HTTP_STATUS:200
TIME_TOTAL:3.276128
TIME_CONNECT:0.308281
SIZE_DOWNLOAD:1132
TIMESTAMP:2025-06-13 18:36:42 UTC
TRIGGER:schedule
