---METADATA---
HTTP_STATUS:200
TIME_TOTAL:3.259491
TIME_CONNECT:0.302448
SIZE_DOWNLOAD:1132
TIMESTAMP:2025-06-13 22:26:15 UTC
TRIGGER:schedule
