---METADATA---
HTTP_STATUS:200
TIME_TOTAL:3.405446
TIME_CONNECT:0.270598
SIZE_DOWNLOAD:1292
TIMESTAMP:2025-06-13 10:43:55 UTC
TRIGGER:schedule
