---METADATA---
HTTP_STATUS:200
TIME_TOTAL:3.469565
TIME_CONNECT:0.251016
SIZE_DOWNLOAD:1132
TIMESTAMP:2025-06-13 19:47:01 UTC
TRIGGER:schedule
