---METADATA---
HTTP_STATUS:200
TIME_TOTAL:3.416565
TIME_CONNECT:0.237365
SIZE_DOWNLOAD:1307
TIMESTAMP:2025-06-13 05:57:52 UTC
TRIGGER:schedule
