---METADATA---
HTTP_STATUS:200
TIME_TOTAL:1.117773
TIME_CONNECT:0.243624
SIZE_DOWNLOAD:1292
TIMESTAMP:2025-06-13 11:12:14 UTC
TRIGGER:schedule
