---METADATA---
HTTP_STATUS:200
TIME_TOTAL:3.149885
TIME_CONNECT:0.240758
SIZE_DOWNLOAD:1132
TIMESTAMP:2025-06-13 15:28:58 UTC
TRIGGER:schedule
