---METADATA---
HTTP_STATUS:200
TIME_TOTAL:3.270896
TIME_CONNECT:0.303150
SIZE_DOWNLOAD:1307
TIMESTAMP:2025-06-13 07:41:27 UTC
TRIGGER:schedule
