---METADATA---
HTTP_STATUS:200
TIME_TOTAL:3.435764
TIME_CONNECT:0.270121
SIZE_DOWNLOAD:1293
TIMESTAMP:2025-06-13 10:15:22 UTC
TRIGGER:schedule
