---METADATA---
HTTP_STATUS:200
TIME_TOTAL:3.532008
TIME_CONNECT:0.314578
SIZE_DOWNLOAD:1132
TIMESTAMP:2025-06-13 20:40:29 UTC
TRIGGER:schedule
