---METADATA---
HTTP_STATUS:200
TIME_TOTAL:3.520065
TIME_CONNECT:0.293520
SIZE_DOWNLOAD:1132
TIMESTAMP:2025-06-13 14:51:26 UTC
TRIGGER:schedule
