---METADATA---
HTTP_STATUS:200
TIME_TOTAL:3.357397
TIME_CONNECT:0.259220
SIZE_DOWNLOAD:1132
TIMESTAMP:2025-06-13 15:45:51 UTC
TRIGGER:schedule
