---METADATA---
HTTP_STATUS:200
TIME_TOTAL:3.279442
TIME_CONNECT:0.229301
SIZE_DOWNLOAD:1132
TIMESTAMP:2025-06-13 19:25:55 UTC
TRIGGER:schedule
