---METADATA---
HTTP_STATUS:200
TIME_TOTAL:1.021299
TIME_CONNECT:0.277113
SIZE_DOWNLOAD:1307
TIMESTAMP:2025-06-13 04:58:27 UTC
TRIGGER:schedule
