---METADATA---
HTTP_STATUS:200
TIME_TOTAL:3.218822
TIME_CONNECT:0.277744
SIZE_DOWNLOAD:1132
TIMESTAMP:2025-06-13 22:49:36 UTC
TRIGGER:schedule
