---METADATA---
HTTP_STATUS:200
TIME_TOTAL:3.112612
TIME_CONNECT:0.278570
SIZE_DOWNLOAD:1307
TIMESTAMP:2025-06-13 08:19:04 UTC
TRIGGER:schedule
