---METADATA---
HTTP_STATUS:200
TIME_TOTAL:3.689232
TIME_CONNECT:0.336967
SIZE_DOWNLOAD:1305
TIMESTAMP:2025-06-13 07:48:17 UTC
TRIGGER:schedule
