---METADATA---
HTTP_STATUS:200
TIME_TOTAL:1.033421
TIME_CONNECT:0.243623
SIZE_DOWNLOAD:1132
TIMESTAMP:2025-06-13 19:35:44 UTC
TRIGGER:schedule
