---METADATA---
HTTP_STATUS:200
TIME_TOTAL:3.435114
TIME_CONNECT:0.228658
SIZE_DOWNLOAD:1132
TIMESTAMP:2025-06-13 16:17:41 UTC
TRIGGER:schedule
