---METADATA---
HTTP_STATUS:200
TIME_TOTAL:3.649020
TIME_CONNECT:0.315648
SIZE_DOWNLOAD:1292
TIMESTAMP:2025-06-13 04:14:49 UTC
TRIGGER:schedule
