---METADATA---
HTTP_STATUS:200
TIME_TOTAL:3.389403
TIME_CONNECT:0.323459
SIZE_DOWNLOAD:1132
TIMESTAMP:2025-06-13 17:31:55 UTC
TRIGGER:schedule
