---METADATA---
HTTP_STATUS:200
TIME_TOTAL:3.403776
TIME_CONNECT:0.279540
SIZE_DOWNLOAD:1307
TIMESTAMP:2025-06-13 09:25:31 UTC
TRIGGER:schedule
