---METADATA---
HTTP_STATUS:200
TIME_TOTAL:3.303253
TIME_CONNECT:0.283943
SIZE_DOWNLOAD:1132
TIMESTAMP:2025-06-13 22:13:08 UTC
TRIGGER:schedule
