---METADATA---
HTTP_STATUS:200
TIME_TOTAL:3.485918
TIME_CONNECT:0.243077
SIZE_DOWNLOAD:1132
TIMESTAMP:2025-06-13 20:46:22 UTC
TRIGGER:schedule
