---METADATA---
HTTP_STATUS:200
TIME_TOTAL:3.230825
TIME_CONNECT:0.253747
SIZE_DOWNLOAD:1132
TIMESTAMP:2025-06-13 20:29:56 UTC
TRIGGER:schedule
