---METADATA---
HTTP_STATUS:200
TIME_TOTAL:3.200402
TIME_CONNECT:0.244362
SIZE_DOWNLOAD:1132
TIMESTAMP:2025-06-13 21:25:35 UTC
TRIGGER:schedule
