---METADATA---
HTTP_STATUS:200
TIME_TOTAL:3.260754
TIME_CONNECT:0.290155
SIZE_DOWNLOAD:1132
TIMESTAMP:2025-06-13 22:56:50 UTC
TRIGGER:schedule
