---METADATA---
HTTP_STATUS:200
TIME_TOTAL:3.325961
TIME_CONNECT:0.282572
SIZE_DOWNLOAD:1294
TIMESTAMP:2025-06-13 13:53:20 UTC
TRIGGER:schedule
