---METADATA---
HTTP_STATUS:200
TIME_TOTAL:3.429862
TIME_CONNECT:0.255327
SIZE_DOWNLOAD:1293
TIMESTAMP:2025-06-13 07:57:06 UTC
TRIGGER:schedule
