---METADATA---
HTTP_STATUS:200
TIME_TOTAL:3.237636
TIME_CONNECT:0.214319
SIZE_DOWNLOAD:1132
TIMESTAMP:2025-06-13 16:46:26 UTC
TRIGGER:schedule
