---METADATA---
HTTP_STATUS:200
TIME_TOTAL:3.543656
TIME_CONNECT:0.299925
SIZE_DOWNLOAD:1292
TIMESTAMP:2025-06-13 07:13:37 UTC
TRIGGER:schedule
