---METADATA---
HTTP_STATUS:200
TIME_TOTAL:3.448856
TIME_CONNECT:0.236443
SIZE_DOWNLOAD:1132
TIMESTAMP:2025-06-13 21:30:41 UTC
TRIGGER:schedule
