---METADATA---
HTTP_STATUS:200
TIME_TOTAL:3.231483
TIME_CONNECT:0.233565
SIZE_DOWNLOAD:1132
TIMESTAMP:2025-06-13 19:48:22 UTC
TRIGGER:schedule
