---METADATA---
HTTP_STATUS:200
TIME_TOTAL:3.366513
TIME_CONNECT:0.237747
SIZE_DOWNLOAD:1132
TIMESTAMP:2025-06-13 14:13:42 UTC
TRIGGER:schedule
