---METADATA---
HTTP_STATUS:200
TIME_TOTAL:3.340914
TIME_CONNECT:0.247406
SIZE_DOWNLOAD:1294
TIMESTAMP:2025-06-15 09:48:11 UTC
TRIGGER:schedule
