---METADATA---
HTTP_STATUS:200
TIME_TOTAL:3.467046
TIME_CONNECT:0.273604
SIZE_DOWNLOAD:1294
TIMESTAMP:2025-06-15 12:43:10 UTC
TRIGGER:schedule
