---METADATA---
HTTP_STATUS:200
TIME_TOTAL:1.126813
TIME_CONNECT:0.301668
SIZE_DOWNLOAD:1305
TIMESTAMP:2025-06-15 19:38:30 UTC
TRIGGER:schedule
