---METADATA---
HTTP_STATUS:200
TIME_TOTAL:3.237635
TIME_CONNECT:0.235895
SIZE_DOWNLOAD:1305
TIMESTAMP:2025-06-15 06:53:31 UTC
TRIGGER:schedule
