---METADATA---
HTTP_STATUS:200
TIME_TOTAL:3.388668
TIME_CONNECT:0.238627
SIZE_DOWNLOAD:1305
TIMESTAMP:2025-06-15 17:12:36 UTC
TRIGGER:schedule
