---METADATA---
HTTP_STATUS:200
TIME_TOTAL:3.406499
TIME_CONNECT:0.275804
SIZE_DOWNLOAD:1305
TIMESTAMP:2025-06-15 20:23:52 UTC
TRIGGER:schedule
