---METADATA---
HTTP_STATUS:200
TIME_TOTAL:3.461267
TIME_CONNECT:0.215851
SIZE_DOWNLOAD:1296
TIMESTAMP:2025-06-15 09:13:55 UTC
TRIGGER:schedule
