---METADATA---
HTTP_STATUS:200
TIME_TOTAL:3.585502
TIME_CONNECT:0.283077
SIZE_DOWNLOAD:1307
TIMESTAMP:2025-06-15 07:48:12 UTC
TRIGGER:schedule
