---METADATA---
HTTP_STATUS:200
TIME_TOTAL:1.001165
TIME_CONNECT:0.229867
SIZE_DOWNLOAD:1305
TIMESTAMP:2025-06-15 18:44:40 UTC
TRIGGER:schedule
