---METADATA---
HTTP_STATUS:200
TIME_TOTAL:3.403891
TIME_CONNECT:0.253551
SIZE_DOWNLOAD:1305
TIMESTAMP:2025-06-15 16:38:54 UTC
TRIGGER:schedule
