---METADATA---
HTTP_STATUS:200
TIME_TOTAL:3.310336
TIME_CONNECT:0.244859
SIZE_DOWNLOAD:1305
TIMESTAMP:2025-06-15 14:30:58 UTC
TRIGGER:schedule
