---METADATA---
HTTP_STATUS:200
TIME_TOTAL:3.570993
TIME_CONNECT:0.279993
SIZE_DOWNLOAD:1305
TIMESTAMP:2025-06-15 22:50:06 UTC
TRIGGER:schedule
