---METADATA---
HTTP_STATUS:200
TIME_TOTAL:3.419087
TIME_CONNECT:0.279173
SIZE_DOWNLOAD:1305
TIMESTAMP:2025-06-15 09:30:52 UTC
TRIGGER:schedule
