---METADATA---
HTTP_STATUS:200
TIME_TOTAL:3.443992
TIME_CONNECT:0.266457
SIZE_DOWNLOAD:1305
TIMESTAMP:2025-06-15 23:12:40 UTC
TRIGGER:schedule
