---METADATA---
HTTP_STATUS:200
TIME_TOTAL:3.573120
TIME_CONNECT:0.295995
SIZE_DOWNLOAD:1305
TIMESTAMP:2025-06-15 04:55:31 UTC
TRIGGER:schedule
