---METADATA---
HTTP_STATUS:200
TIME_TOTAL:1.045588
TIME_CONNECT:0.315367
SIZE_DOWNLOAD:1305
TIMESTAMP:2025-06-15 17:48:38 UTC
TRIGGER:schedule
