---METADATA---
HTTP_STATUS:200
TIME_TOTAL:3.271565
TIME_CONNECT:0.299520
SIZE_DOWNLOAD:1305
TIMESTAMP:2025-06-15 16:44:55 UTC
TRIGGER:schedule
