---METADATA---
HTTP_STATUS:200
TIME_TOTAL:3.570828
TIME_CONNECT:0.313534
SIZE_DOWNLOAD:1294
TIMESTAMP:2025-06-15 07:20:56 UTC
TRIGGER:schedule
