---METADATA---
HTTP_STATUS:200
TIME_TOTAL:3.223721
TIME_CONNECT:0.216645
SIZE_DOWNLOAD:1294
TIMESTAMP:2025-06-15 11:48:07 UTC
TRIGGER:schedule
