---METADATA---
HTTP_STATUS:200
TIME_TOTAL:3.282750
TIME_CONNECT:0.220299
SIZE_DOWNLOAD:1305
TIMESTAMP:2025-06-15 21:23:31 UTC
TRIGGER:schedule
