---METADATA---
HTTP_STATUS:200
TIME_TOTAL:3.465392
TIME_CONNECT:0.333457
SIZE_DOWNLOAD:1294
TIMESTAMP:2025-06-15 09:42:46 UTC
TRIGGER:schedule
