---METADATA---
HTTP_STATUS:200
TIME_TOTAL:3.264530
TIME_CONNECT:0.273976
SIZE_DOWNLOAD:1305
TIMESTAMP:2025-06-15 22:57:08 UTC
TRIGGER:schedule
