---METADATA---
HTTP_STATUS:200
TIME_TOTAL:3.297101
TIME_CONNECT:0.285893
SIZE_DOWNLOAD:1305
TIMESTAMP:2025-06-15 18:42:05 UTC
TRIGGER:schedule
