---METADATA---
HTTP_STATUS:200
TIME_TOTAL:1.115798
TIME_CONNECT:0.291518
SIZE_DOWNLOAD:1305
TIMESTAMP:2025-06-15 19:23:58 UTC
TRIGGER:schedule
