---METADATA---
HTTP_STATUS:200
TIME_TOTAL:3.497773
TIME_CONNECT:0.290297
SIZE_DOWNLOAD:1305
TIMESTAMP:2025-06-15 15:49:08 UTC
TRIGGER:schedule
