---METADATA---
HTTP_STATUS:200
TIME_TOTAL:3.339777
TIME_CONNECT:0.305862
SIZE_DOWNLOAD:1305
TIMESTAMP:2025-06-15 23:40:31 UTC
TRIGGER:schedule
