---METADATA---
HTTP_STATUS:200
TIME_TOTAL:3.185496
TIME_CONNECT:0.282388
SIZE_DOWNLOAD:1305
TIMESTAMP:2025-06-15 22:21:04 UTC
TRIGGER:schedule
