---METADATA---
HTTP_STATUS:200
TIME_TOTAL:3.343011
TIME_CONNECT:0.243141
SIZE_DOWNLOAD:1305
TIMESTAMP:2025-06-15 21:48:17 UTC
TRIGGER:schedule
