---METADATA---
HTTP_STATUS:200
TIME_TOTAL:3.552602
TIME_CONNECT:0.285645
SIZE_DOWNLOAD:1307
TIMESTAMP:2025-06-15 07:51:18 UTC
TRIGGER:schedule
