---METADATA---
HTTP_STATUS:200
TIME_TOTAL:3.352706
TIME_CONNECT:0.273377
SIZE_DOWNLOAD:1305
TIMESTAMP:2025-06-15 20:14:12 UTC
TRIGGER:schedule
