---METADATA---
HTTP_STATUS:200
TIME_TOTAL:3.161019
TIME_CONNECT:0.240533
SIZE_DOWNLOAD:1305
TIMESTAMP:2025-06-15 23:48:53 UTC
TRIGGER:schedule
