---METADATA---
HTTP_STATUS:200
TIME_TOTAL:3.485538
TIME_CONNECT:0.314848
SIZE_DOWNLOAD:1307
TIMESTAMP:2025-06-15 05:28:09 UTC
TRIGGER:schedule
