---METADATA---
HTTP_STATUS:200
TIME_TOTAL:3.280263
TIME_CONNECT:0.235663
SIZE_DOWNLOAD:1294
TIMESTAMP:2025-06-15 10:28:29 UTC
TRIGGER:schedule
