---METADATA---
HTTP_STATUS:200
TIME_TOTAL:3.342507
TIME_CONNECT:0.281214
SIZE_DOWNLOAD:1294
TIMESTAMP:2025-06-15 10:48:01 UTC
TRIGGER:schedule
