---METADATA---
HTTP_STATUS:200
TIME_TOTAL:3.271210
TIME_CONNECT:0.285294
SIZE_DOWNLOAD:1305
TIMESTAMP:2025-06-15 20:42:12 UTC
TRIGGER:schedule
