---METADATA---
HTTP_STATUS:200
TIME_TOTAL:3.389171
TIME_CONNECT:0.297092
SIZE_DOWNLOAD:1294
TIMESTAMP:2025-06-15 11:50:22 UTC
TRIGGER:schedule
