---METADATA---
HTTP_STATUS:200
TIME_TOTAL:3.521816
TIME_CONNECT:0.284817
SIZE_DOWNLOAD:1294
TIMESTAMP:2025-06-15 11:35:15 UTC
TRIGGER:schedule
