---METADATA---
HTTP_STATUS:200
TIME_TOTAL:3.361678
TIME_CONNECT:0.240326
SIZE_DOWNLOAD:1305
TIMESTAMP:2025-06-15 21:51:51 UTC
TRIGGER:schedule
