---METADATA---
HTTP_STATUS:200
TIME_TOTAL:3.548313
TIME_CONNECT:0.237630
SIZE_DOWNLOAD:1294
TIMESTAMP:2025-06-15 09:56:57 UTC
TRIGGER:schedule
