---METADATA---
HTTP_STATUS:200
TIME_TOTAL:3.240529
TIME_CONNECT:0.235059
SIZE_DOWNLOAD:1294
TIMESTAMP:2025-06-15 10:52:20 UTC
TRIGGER:schedule
