---METADATA---
HTTP_STATUS:200
TIME_TOTAL:3.310156
TIME_CONNECT:0.284116
SIZE_DOWNLOAD:1305
TIMESTAMP:2025-06-15 14:11:45 UTC
TRIGGER:schedule
