---METADATA---
HTTP_STATUS:200
TIME_TOTAL:3.410715
TIME_CONNECT:0.247295
SIZE_DOWNLOAD:1305
TIMESTAMP:2025-06-15 18:54:07 UTC
TRIGGER:schedule
