---METADATA---
HTTP_STATUS:200
TIME_TOTAL:3.464496
TIME_CONNECT:0.289355
SIZE_DOWNLOAD:1305
TIMESTAMP:2025-06-15 06:46:12 UTC
TRIGGER:schedule
