---METADATA---
HTTP_STATUS:200
TIME_TOTAL:3.335171
TIME_CONNECT:0.236122
SIZE_DOWNLOAD:1305
TIMESTAMP:2025-06-15 13:01:32 UTC
TRIGGER:schedule
