---METADATA---
HTTP_STATUS:200
TIME_TOTAL:3.324195
TIME_CONNECT:0.221137
SIZE_DOWNLOAD:1292
TIMESTAMP:2025-06-15 05:57:44 UTC
TRIGGER:schedule
