---METADATA---
HTTP_STATUS:200
TIME_TOTAL:3.329192
TIME_CONNECT:0.230805
SIZE_DOWNLOAD:1305
TIMESTAMP:2025-06-15 01:16:45 UTC
TRIGGER:schedule
