---METADATA---
HTTP_STATUS:200
TIME_TOTAL:3.437386
TIME_CONNECT:0.269571
SIZE_DOWNLOAD:1305
TIMESTAMP:2025-06-15 15:30:36 UTC
TRIGGER:schedule
