---METADATA---
HTTP_STATUS:200
TIME_TOTAL:3.560121
TIME_CONNECT:0.298795
SIZE_DOWNLOAD:1305
TIMESTAMP:2025-06-15 18:10:16 UTC
TRIGGER:schedule
