---METADATA---
HTTP_STATUS:200
TIME_TOTAL:3.440073
TIME_CONNECT:0.261215
SIZE_DOWNLOAD:1305
TIMESTAMP:2025-06-15 22:43:14 UTC
TRIGGER:schedule
