---METADATA---
HTTP_STATUS:200
TIME_TOTAL:3.655351
TIME_CONNECT:0.304411
SIZE_DOWNLOAD:1305
TIMESTAMP:2025-06-15 05:14:09 UTC
TRIGGER:schedule
