---METADATA---
HTTP_STATUS:200
TIME_TOTAL:3.403798
TIME_CONNECT:0.322281
SIZE_DOWNLOAD:1305
TIMESTAMP:2025-06-15 17:30:25 UTC
TRIGGER:schedule
