---METADATA---
HTTP_STATUS:200
TIME_TOTAL:1.213676
TIME_CONNECT:0.364650
SIZE_DOWNLOAD:1305
TIMESTAMP:2025-06-15 14:49:59 UTC
TRIGGER:schedule
