---METADATA---
HTTP_STATUS:200
TIME_TOTAL:3.516573
TIME_CONNECT:0.238979
SIZE_DOWNLOAD:1305
TIMESTAMP:2025-06-15 16:15:37 UTC
TRIGGER:schedule
