---METADATA---
HTTP_STATUS:200
TIME_TOTAL:3.339442
TIME_CONNECT:0.230288
SIZE_DOWNLOAD:1305
TIMESTAMP:2025-06-15 19:20:14 UTC
TRIGGER:schedule
