---METADATA---
HTTP_STATUS:200
TIME_TOTAL:3.428994
TIME_CONNECT:0.282723
SIZE_DOWNLOAD:1305
TIMESTAMP:2025-06-15 23:57:09 UTC
TRIGGER:schedule
