---METADATA---
HTTP_STATUS:200
TIME_TOTAL:3.231436
TIME_CONNECT:0.238674
SIZE_DOWNLOAD:1305
TIMESTAMP:2025-06-15 22:12:42 UTC
TRIGGER:schedule
