---METADATA---
HTTP_STATUS:200
TIME_TOTAL:3.528719
TIME_CONNECT:0.309340
SIZE_DOWNLOAD:1305
TIMESTAMP:2025-06-15 16:54:43 UTC
TRIGGER:schedule
