---METADATA---
HTTP_STATUS:200
TIME_TOTAL:3.492290
TIME_CONNECT:0.236854
SIZE_DOWNLOAD:1305
TIMESTAMP:2025-06-15 17:36:40 UTC
TRIGGER:schedule
