---METADATA---
HTTP_STATUS:200
TIME_TOTAL:3.298015
TIME_CONNECT:0.251191
SIZE_DOWNLOAD:1290
TIMESTAMP:2025-06-15 05:45:49 UTC
TRIGGER:schedule
