---METADATA---
HTTP_STATUS:200
TIME_TOTAL:3.339827
TIME_CONNECT:0.243446
SIZE_DOWNLOAD:1305
TIMESTAMP:2025-06-15 23:24:03 UTC
TRIGGER:schedule
