---METADATA---
HTTP_STATUS:200
TIME_TOTAL:1.015550
TIME_CONNECT:0.284205
SIZE_DOWNLOAD:1305
TIMESTAMP:2025-06-15 21:39:44 UTC
TRIGGER:schedule
