---METADATA---
HTTP_STATUS:200
TIME_TOTAL:3.335258
TIME_CONNECT:0.286359
SIZE_DOWNLOAD:1294
TIMESTAMP:2025-06-15 10:59:53 UTC
TRIGGER:schedule
