---METADATA---
HTTP_STATUS:200
TIME_TOTAL:3.427315
TIME_CONNECT:0.275857
SIZE_DOWNLOAD:1292
TIMESTAMP:2025-06-15 08:42:28 UTC
TRIGGER:schedule
