---METADATA---
HTTP_STATUS:200
TIME_TOTAL:3.640085
TIME_CONNECT:0.293209
SIZE_DOWNLOAD:1304
TIMESTAMP:2025-06-15 06:19:01 UTC
TRIGGER:schedule
