---METADATA---
HTTP_STATUS:200
TIME_TOTAL:3.284471
TIME_CONNECT:0.270809
SIZE_DOWNLOAD:1303
TIMESTAMP:2025-06-15 04:46:15 UTC
TRIGGER:schedule
