---METADATA---
HTTP_STATUS:200
TIME_TOTAL:1.036055
TIME_CONNECT:0.284840
SIZE_DOWNLOAD:1305
TIMESTAMP:2025-06-15 18:57:03 UTC
TRIGGER:schedule
