---METADATA---
HTTP_STATUS:200
TIME_TOTAL:3.326074
TIME_CONNECT:0.276964
SIZE_DOWNLOAD:1305
TIMESTAMP:2025-06-15 21:12:05 UTC
TRIGGER:schedule
