---METADATA---
HTTP_STATUS:200
TIME_TOTAL:3.275156
TIME_CONNECT:0.244326
SIZE_DOWNLOAD:1305
TIMESTAMP:2025-06-15 19:50:31 UTC
TRIGGER:schedule
