---METADATA---
HTTP_STATUS:200
TIME_TOTAL:3.443008
TIME_CONNECT:0.297307
SIZE_DOWNLOAD:1294
TIMESTAMP:2025-06-15 10:38:39 UTC
TRIGGER:schedule
