---METADATA---
HTTP_STATUS:200
TIME_TOTAL:1.064121
TIME_CONNECT:0.232836
SIZE_DOWNLOAD:1305
TIMESTAMP:2025-06-15 13:39:56 UTC
TRIGGER:schedule
