---METADATA---
HTTP_STATUS:200
TIME_TOTAL:3.411119
TIME_CONNECT:0.287581
SIZE_DOWNLOAD:1305
TIMESTAMP:2025-06-15 19:48:16 UTC
TRIGGER:schedule
