---METADATA---
HTTP_STATUS:200
TIME_TOTAL:3.595619
TIME_CONNECT:0.279925
SIZE_DOWNLOAD:1305
TIMESTAMP:2025-06-15 03:09:29 UTC
TRIGGER:schedule
