---METADATA---
HTTP_STATUS:200
TIME_TOTAL:3.664382
TIME_CONNECT:0.359911
SIZE_DOWNLOAD:1305
TIMESTAMP:2025-06-15 15:09:58 UTC
TRIGGER:schedule
