---METADATA---
HTTP_STATUS:200
TIME_TOTAL:3.469273
TIME_CONNECT:0.237013
SIZE_DOWNLOAD:1305
TIMESTAMP:2025-06-15 16:10:01 UTC
TRIGGER:schedule
