---METADATA---
HTTP_STATUS:200
TIME_TOTAL:3.263555
TIME_CONNECT:0.235785
SIZE_DOWNLOAD:1303
TIMESTAMP:2025-06-15 13:35:17 UTC
TRIGGER:schedule
