---METADATA---
HTTP_STATUS:200
TIME_TOTAL:3.752295
TIME_CONNECT:0.470830
SIZE_DOWNLOAD:1305
TIMESTAMP:2025-06-15 21:39:00 UTC
TRIGGER:schedule
