---METADATA---
HTTP_STATUS:200
TIME_TOTAL:3.459411
TIME_CONNECT:0.295155
SIZE_DOWNLOAD:1305
TIMESTAMP:2025-06-15 14:48:42 UTC
TRIGGER:schedule
