---METADATA---
HTTP_STATUS:200
TIME_TOTAL:3.315937
TIME_CONNECT:0.238072
SIZE_DOWNLOAD:1305
TIMESTAMP:2025-06-15 14:19:10 UTC
TRIGGER:schedule
