---METADATA---
HTTP_STATUS:200
TIME_TOTAL:3.545961
TIME_CONNECT:0.231002
SIZE_DOWNLOAD:1305
TIMESTAMP:2025-06-15 06:35:40 UTC
TRIGGER:schedule
