---METADATA---
HTTP_STATUS:200
TIME_TOTAL:1.032392
TIME_CONNECT:0.291708
SIZE_DOWNLOAD:1306
TIMESTAMP:2025-06-15 07:39:29 UTC
TRIGGER:schedule
