---METADATA---
HTTP_STATUS:200
TIME_TOTAL:3.390360
TIME_CONNECT:0.235077
SIZE_DOWNLOAD:1305
TIMESTAMP:2025-06-15 08:46:49 UTC
TRIGGER:schedule
