---METADATA---
HTTP_STATUS:200
TIME_TOTAL:3.470991
TIME_CONNECT:0.292673
SIZE_DOWNLOAD:1305
TIMESTAMP:2025-06-15 18:17:43 UTC
TRIGGER:schedule
