---METADATA---
HTTP_STATUS:200
TIME_TOTAL:3.417755
TIME_CONNECT:0.296356
SIZE_DOWNLOAD:1294
TIMESTAMP:2025-06-15 11:21:46 UTC
TRIGGER:schedule
