---METADATA---
HTTP_STATUS:200
TIME_TOTAL:3.550134
TIME_CONNECT:0.291777
SIZE_DOWNLOAD:1305
TIMESTAMP:2025-06-15 20:57:19 UTC
TRIGGER:schedule
