---METADATA---
HTTP_STATUS:200
TIME_TOTAL:3.336884
TIME_CONNECT:0.275017
SIZE_DOWNLOAD:1290
TIMESTAMP:2025-06-15 04:16:34 UTC
TRIGGER:schedule
