---METADATA---
HTTP_STATUS:200
TIME_TOTAL:3.110029
TIME_CONNECT:0.307743
SIZE_DOWNLOAD:1305
TIMESTAMP:2025-06-15 04:59:45 UTC
TRIGGER:schedule
