---METADATA---
HTTP_STATUS:200
TIME_TOTAL:3.484190
TIME_CONNECT:0.268247
SIZE_DOWNLOAD:1305
TIMESTAMP:2025-06-15 08:52:48 UTC
TRIGGER:schedule
