---METADATA---
HTTP_STATUS:200
TIME_TOTAL:3.355464
TIME_CONNECT:0.245235
SIZE_DOWNLOAD:1306
TIMESTAMP:2025-06-15 07:39:18 UTC
TRIGGER:schedule
