---METADATA---
HTTP_STATUS:200
TIME_TOTAL:3.355852
TIME_CONNECT:0.254413
SIZE_DOWNLOAD:1305
TIMESTAMP:2025-06-15 14:37:39 UTC
TRIGGER:schedule
