---METADATA---
HTTP_STATUS:200
TIME_TOTAL:3.388968
TIME_CONNECT:0.281683
SIZE_DOWNLOAD:1309
TIMESTAMP:2025-06-15 07:28:45 UTC
TRIGGER:schedule
