---METADATA---
HTTP_STATUS:200
TIME_TOTAL:3.474149
TIME_CONNECT:0.286736
SIZE_DOWNLOAD:1305
TIMESTAMP:2025-06-15 09:26:30 UTC
TRIGGER:schedule
