---METADATA---
HTTP_STATUS:200
TIME_TOTAL:3.611832
TIME_CONNECT:0.318893
SIZE_DOWNLOAD:1305
TIMESTAMP:2025-06-15 02:25:15 UTC
TRIGGER:schedule
