---METADATA---
HTTP_STATUS:200
TIME_TOTAL:3.244223
TIME_CONNECT:0.237090
SIZE_DOWNLOAD:1305
TIMESTAMP:2025-06-15 17:18:53 UTC
TRIGGER:schedule
