---METADATA---
HTTP_STATUS:200
TIME_TOTAL:3.345182
TIME_CONNECT:0.286107
SIZE_DOWNLOAD:1305
TIMESTAMP:2025-06-15 20:49:04 UTC
TRIGGER:schedule
