---METADATA---
HTTP_STATUS:200
TIME_TOTAL:1.234936
TIME_CONNECT:0.311151
SIZE_DOWNLOAD:1305
TIMESTAMP:2025-06-15 23:29:08 UTC
TRIGGER:schedule
