---METADATA---
HTTP_STATUS:200
TIME_TOTAL:3.388838
TIME_CONNECT:0.290293
SIZE_DOWNLOAD:1294
TIMESTAMP:2025-06-15 11:11:03 UTC
TRIGGER:schedule
