---METADATA---
HTTP_STATUS:200
TIME_TOTAL:1.026592
TIME_CONNECT:0.278728
SIZE_DOWNLOAD:1305
TIMESTAMP:2025-06-15 13:51:42 UTC
TRIGGER:schedule
