---METADATA---
HTTP_STATUS:200
TIME_TOTAL:3.247624
TIME_CONNECT:0.238645
SIZE_DOWNLOAD:1305
TIMESTAMP:2025-06-15 19:10:33 UTC
TRIGGER:schedule
