---METADATA---
HTTP_STATUS:200
TIME_TOTAL:3.349151
TIME_CONNECT:0.290509
SIZE_DOWNLOAD:1305
TIMESTAMP:2025-06-15 22:33:08 UTC
TRIGGER:schedule
