---METADATA---
HTTP_STATUS:200
TIME_TOTAL:3.576963
TIME_CONNECT:0.394918
SIZE_DOWNLOAD:1292
TIMESTAMP:2025-06-15 04:30:11 UTC
TRIGGER:schedule
