---METADATA---
HTTP_STATUS:200
TIME_TOTAL:3.481331
TIME_CONNECT:0.246639
SIZE_DOWNLOAD:1305
TIMESTAMP:2025-06-15 19:34:58 UTC
TRIGGER:schedule
