---METADATA---
HTTP_STATUS:200
TIME_TOTAL:3.437611
TIME_CONNECT:0.280286
SIZE_DOWNLOAD:1305
TIMESTAMP:2025-06-15 13:48:44 UTC
TRIGGER:schedule
