---METADATA---
HTTP_STATUS:200
TIME_TOTAL:1.003718
TIME_CONNECT:0.248116
SIZE_DOWNLOAD:1305
TIMESTAMP:2025-06-15 16:55:39 UTC
TRIGGER:schedule
