---METADATA---
HTTP_STATUS:200
TIME_TOTAL:3.390979
TIME_CONNECT:0.320066
SIZE_DOWNLOAD:1305
TIMESTAMP:2025-06-15 03:39:12 UTC
TRIGGER:schedule
