---METADATA---
HTTP_STATUS:200
TIME_TOTAL:1.115871
TIME_CONNECT:0.294094
SIZE_DOWNLOAD:1294
TIMESTAMP:2025-06-15 11:25:18 UTC
TRIGGER:schedule
