---METADATA---
HTTP_STATUS:200
TIME_TOTAL:3.254706
TIME_CONNECT:0.252897
SIZE_DOWNLOAD:1305
TIMESTAMP:2025-06-15 17:48:12 UTC
TRIGGER:schedule
