---METADATA---
HTTP_STATUS:200
TIME_TOTAL:3.632895
TIME_CONNECT:0.306492
SIZE_DOWNLOAD:1294
TIMESTAMP:2025-06-15 05:33:54 UTC
TRIGGER:schedule
