---METADATA---
HTTP_STATUS:200
TIME_TOTAL:3.490682
TIME_CONNECT:0.280769
SIZE_DOWNLOAD:1308
TIMESTAMP:2025-06-15 08:27:34 UTC
TRIGGER:schedule
