---METADATA---
HTTP_STATUS:200
TIME_TOTAL:3.378052
TIME_CONNECT:0.274288
SIZE_DOWNLOAD:1305
TIMESTAMP:2025-06-15 05:50:03 UTC
TRIGGER:schedule
