---METADATA---
HTTP_STATUS:200
TIME_TOTAL:3.397482
TIME_CONNECT:0.280754
SIZE_DOWNLOAD:1293
TIMESTAMP:2025-06-15 07:13:09 UTC
TRIGGER:schedule
