---METADATA---
HTTP_STATUS:200
TIME_TOTAL:3.278410
TIME_CONNECT:0.223752
SIZE_DOWNLOAD:1307
TIMESTAMP:2025-06-15 08:16:38 UTC
TRIGGER:schedule
