---METADATA---
HTTP_STATUS:200
TIME_TOTAL:3.345193
TIME_CONNECT:0.267256
SIZE_DOWNLOAD:1294
TIMESTAMP:2025-06-15 11:38:25 UTC
TRIGGER:schedule
