---METADATA---
HTTP_STATUS:200
TIME_TOTAL:3.514882
TIME_CONNECT:0.310788
SIZE_DOWNLOAD:1307
TIMESTAMP:2025-06-15 03:58:12 UTC
TRIGGER:schedule
