---METADATA---
HTTP_STATUS:200
TIME_TOTAL:3.353788
TIME_CONNECT:0.227935
SIZE_DOWNLOAD:1305
TIMESTAMP:2025-06-15 21:28:13 UTC
TRIGGER:schedule
