---METADATA---
HTTP_STATUS:200
TIME_TOTAL:3.369882
TIME_CONNECT:0.238085
SIZE_DOWNLOAD:1294
TIMESTAMP:2025-06-15 10:14:25 UTC
TRIGGER:schedule
