---METADATA---
HTTP_STATUS:200
TIME_TOTAL:3.300557
TIME_CONNECT:0.260251
SIZE_DOWNLOAD:1305
TIMESTAMP:2025-06-23 09:34:56 UTC
TRIGGER:schedule
