---METADATA---
HTTP_STATUS:200
TIME_TOTAL:1.121205
TIME_CONNECT:0.288890
SIZE_DOWNLOAD:1305
TIMESTAMP:2025-06-23 11:13:06 UTC
TRIGGER:schedule
