---METADATA---
HTTP_STATUS:200
TIME_TOTAL:3.573693
TIME_CONNECT:0.228600
SIZE_DOWNLOAD:1305
TIMESTAMP:2025-06-23 07:31:48 UTC
TRIGGER:schedule
