---METADATA---
HTTP_STATUS:200
TIME_TOTAL:3.303892
TIME_CONNECT:0.279895
SIZE_DOWNLOAD:1305
TIMESTAMP:2025-06-23 07:15:52 UTC
TRIGGER:schedule
