---METADATA---
HTTP_STATUS:200
TIME_TOTAL:3.399160
TIME_CONNECT:0.236323
SIZE_DOWNLOAD:1305
TIMESTAMP:2025-06-23 11:08:54 UTC
TRIGGER:schedule
