---METADATA---
HTTP_STATUS:200
TIME_TOTAL:1.036058
TIME_CONNECT:0.227417
SIZE_DOWNLOAD:1305
TIMESTAMP:2025-06-23 08:48:14 UTC
TRIGGER:schedule
