---METADATA---
HTTP_STATUS:200
TIME_TOTAL:3.429037
TIME_CONNECT:0.229312
SIZE_DOWNLOAD:1309
TIMESTAMP:2025-06-23 06:41:09 UTC
TRIGGER:schedule
