---METADATA---
HTTP_STATUS:200
TIME_TOTAL:3.417224
TIME_CONNECT:0.285715
SIZE_DOWNLOAD:1291
TIMESTAMP:2025-06-23 23:23:06 UTC
TRIGGER:schedule
