---METADATA---
HTTP_STATUS:200
TIME_TOTAL:3.666311
TIME_CONNECT:0.256292
SIZE_DOWNLOAD:1305
TIMESTAMP:2025-06-23 12:57:12 UTC
TRIGGER:schedule
