---METADATA---
HTTP_STATUS:200
TIME_TOTAL:3.343203
TIME_CONNECT:0.245223
SIZE_DOWNLOAD:1291
TIMESTAMP:2025-06-23 20:52:13 UTC
TRIGGER:schedule
