---METADATA---
HTTP_STATUS:200
TIME_TOTAL:3.587055
TIME_CONNECT:0.215725
SIZE_DOWNLOAD:1291
TIMESTAMP:2025-06-23 17:50:00 UTC
TRIGGER:schedule
