---METADATA---
HTTP_STATUS:200
TIME_TOTAL:3.193714
TIME_CONNECT:0.286950
SIZE_DOWNLOAD:1291
TIMESTAMP:2025-06-23 19:39:32 UTC
TRIGGER:schedule
