---METADATA---
HTTP_STATUS:200
TIME_TOTAL:3.329694
TIME_CONNECT:0.276018
SIZE_DOWNLOAD:1291
TIMESTAMP:2025-06-23 21:25:31 UTC
TRIGGER:schedule
