---METADATA---
HTTP_STATUS:200
TIME_TOTAL:3.393671
TIME_CONNECT:0.229846
SIZE_DOWNLOAD:1292
TIMESTAMP:2025-06-23 15:57:50 UTC
TRIGGER:schedule
