---METADATA---
HTTP_STATUS:200
TIME_TOTAL:3.373133
TIME_CONNECT:0.254974
SIZE_DOWNLOAD:1291
TIMESTAMP:2025-06-23 23:48:14 UTC
TRIGGER:schedule
