---METADATA---
HTTP_STATUS:200
TIME_TOTAL:3.685258
TIME_CONNECT:0.287008
SIZE_DOWNLOAD:1291
TIMESTAMP:2025-06-23 22:50:49 UTC
TRIGGER:schedule
