---METADATA---
HTTP_STATUS:200
TIME_TOTAL:3.242095
TIME_CONNECT:0.299801
SIZE_DOWNLOAD:1305
TIMESTAMP:2025-06-23 11:28:33 UTC
TRIGGER:schedule
