---METADATA---
HTTP_STATUS:200
TIME_TOTAL:1.069760
TIME_CONNECT:0.238099
SIZE_DOWNLOAD:1291
TIMESTAMP:2025-06-23 19:26:08 UTC
TRIGGER:schedule
