---METADATA---
HTTP_STATUS:200
TIME_TOTAL:3.152105
TIME_CONNECT:0.264687
SIZE_DOWNLOAD:1292
TIMESTAMP:2025-06-23 06:51:54 UTC
TRIGGER:schedule
