---METADATA---
HTTP_STATUS:200
TIME_TOTAL:3.553656
TIME_CONNECT:0.279401
SIZE_DOWNLOAD:1305
TIMESTAMP:2025-06-23 10:49:00 UTC
TRIGGER:schedule
