---METADATA---
HTTP_STATUS:200
TIME_TOTAL:3.283619
TIME_CONNECT:0.245368
SIZE_DOWNLOAD:1292
TIMESTAMP:2025-06-23 15:52:58 UTC
TRIGGER:schedule
