---METADATA---
HTTP_STATUS:200
TIME_TOTAL:3.553999
TIME_CONNECT:0.292373
SIZE_DOWNLOAD:1291
TIMESTAMP:2025-06-23 18:48:59 UTC
TRIGGER:schedule
