---METADATA---
HTTP_STATUS:200
TIME_TOTAL:3.725251
TIME_CONNECT:0.286554
SIZE_DOWNLOAD:1292
TIMESTAMP:2025-06-23 05:16:42 UTC
TRIGGER:schedule
