---METADATA---
HTTP_STATUS:200
TIME_TOTAL:3.404483
TIME_CONNECT:0.293195
SIZE_DOWNLOAD:1291
TIMESTAMP:2025-06-23 20:26:19 UTC
TRIGGER:schedule
