---METADATA---
HTTP_STATUS:200
TIME_TOTAL:3.543616
TIME_CONNECT:0.240285
SIZE_DOWNLOAD:1294
TIMESTAMP:2025-06-23 06:22:04 UTC
TRIGGER:schedule
