---METADATA---
HTTP_STATUS:200
TIME_TOTAL:3.347856
TIME_CONNECT:0.253191
SIZE_DOWNLOAD:1292
TIMESTAMP:2025-06-23 16:35:19 UTC
TRIGGER:schedule
