---METADATA---
HTTP_STATUS:200
TIME_TOTAL:3.344626
TIME_CONNECT:0.300146
SIZE_DOWNLOAD:1291
TIMESTAMP:2025-06-23 19:20:58 UTC
TRIGGER:schedule
