---METADATA---
HTTP_STATUS:200
TIME_TOTAL:3.595545
TIME_CONNECT:0.278235
SIZE_DOWNLOAD:1305
TIMESTAMP:2025-06-23 07:00:49 UTC
TRIGGER:schedule
