---METADATA---
HTTP_STATUS:200
TIME_TOTAL:3.242543
TIME_CONNECT:0.221817
SIZE_DOWNLOAD:1307
TIMESTAMP:2025-06-23 05:46:35 UTC
TRIGGER:schedule
