---METADATA---
HTTP_STATUS:200
TIME_TOTAL:3.725875
TIME_CONNECT:0.289322
SIZE_DOWNLOAD:1305
TIMESTAMP:2025-06-23 09:51:11 UTC
TRIGGER:schedule
