---METADATA---
HTTP_STATUS:200
TIME_TOTAL:3.318463
TIME_CONNECT:0.280742
SIZE_DOWNLOAD:1291
TIMESTAMP:2025-06-23 20:56:59 UTC
TRIGGER:schedule
