---METADATA---
HTTP_STATUS:200
TIME_TOTAL:3.306318
TIME_CONNECT:0.262860
SIZE_DOWNLOAD:1305
TIMESTAMP:2025-06-23 01:13:42 UTC
TRIGGER:schedule
