---METADATA---
HTTP_STATUS:200
TIME_TOTAL:3.501529
TIME_CONNECT:0.278012
SIZE_DOWNLOAD:1292
TIMESTAMP:2025-06-23 16:18:15 UTC
TRIGGER:schedule
