---METADATA---
HTTP_STATUS:200
TIME_TOTAL:3.320144
TIME_CONNECT:0.265288
SIZE_DOWNLOAD:1305
TIMESTAMP:2025-06-23 07:50:23 UTC
TRIGGER:schedule
