---METADATA---
HTTP_STATUS:200
TIME_TOTAL:3.405126
TIME_CONNECT:0.254608
SIZE_DOWNLOAD:1305
TIMESTAMP:2025-06-23 08:15:49 UTC
TRIGGER:schedule
