---METADATA---
HTTP_STATUS:200
TIME_TOTAL:3.607640
TIME_CONNECT:0.240938
SIZE_DOWNLOAD:1305
TIMESTAMP:2025-06-23 11:40:33 UTC
TRIGGER:schedule
