---METADATA---
HTTP_STATUS:200
TIME_TOTAL:3.675436
TIME_CONNECT:0.366201
SIZE_DOWNLOAD:1292
TIMESTAMP:2025-06-23 14:40:46 UTC
TRIGGER:schedule
