---METADATA---
HTTP_STATUS:200
TIME_TOTAL:3.205046
TIME_CONNECT:0.243537
SIZE_DOWNLOAD:1307
TIMESTAMP:2025-06-23 04:46:29 UTC
TRIGGER:schedule
