---METADATA---
HTTP_STATUS:200
TIME_TOTAL:3.351221
TIME_CONNECT:0.254450
SIZE_DOWNLOAD:1291
TIMESTAMP:2025-06-23 21:30:47 UTC
TRIGGER:schedule
