---METADATA---
HTTP_STATUS:200
TIME_TOTAL:3.330421
TIME_CONNECT:0.243604
SIZE_DOWNLOAD:1307
TIMESTAMP:2025-06-23 17:34:03 UTC
TRIGGER:schedule
