---METADATA---
HTTP_STATUS:200
TIME_TOTAL:3.190288
TIME_CONNECT:0.286005
SIZE_DOWNLOAD:1291
TIMESTAMP:2025-06-23 23:57:08 UTC
TRIGGER:schedule
