---METADATA---
HTTP_STATUS:200
TIME_TOTAL:3.478498
TIME_CONNECT:0.286776
SIZE_DOWNLOAD:1291
TIMESTAMP:2025-06-23 19:36:48 UTC
TRIGGER:schedule
