---METADATA---
HTTP_STATUS:200
TIME_TOTAL:1.225774
TIME_CONNECT:0.258241
SIZE_DOWNLOAD:1305
TIMESTAMP:2025-06-23 13:45:48 UTC
TRIGGER:schedule
