---METADATA---
HTTP_STATUS:200
TIME_TOTAL:0.939279
TIME_CONNECT:0.274133
SIZE_DOWNLOAD:1291
TIMESTAMP:2025-06-23 23:40:13 UTC
TRIGGER:schedule
