---METADATA---
HTTP_STATUS:200
TIME_TOTAL:0.998510
TIME_CONNECT:0.224563
SIZE_DOWNLOAD:1296
TIMESTAMP:2025-06-23 05:52:31 UTC
TRIGGER:schedule
