---METADATA---
HTTP_STATUS:200
TIME_TOTAL:3.569278
TIME_CONNECT:0.301851
SIZE_DOWNLOAD:1291
TIMESTAMP:2025-06-23 19:51:36 UTC
TRIGGER:schedule
