---METADATA---
HTTP_STATUS:200
TIME_TOTAL:3.379507
TIME_CONNECT:0.248136
SIZE_DOWNLOAD:1291
TIMESTAMP:2025-06-23 18:37:49 UTC
TRIGGER:schedule
