---METADATA---
HTTP_STATUS:200
TIME_TOTAL:3.221729
TIME_CONNECT:0.237828
SIZE_DOWNLOAD:1291
TIMESTAMP:2025-06-23 22:35:37 UTC
TRIGGER:schedule
