---METADATA---
HTTP_STATUS:200
TIME_TOTAL:3.437467
TIME_CONNECT:0.237484
SIZE_DOWNLOAD:1292
TIMESTAMP:2025-06-23 15:26:11 UTC
TRIGGER:schedule
