---METADATA---
HTTP_STATUS:200
TIME_TOTAL:3.799053
TIME_CONNECT:0.334006
SIZE_DOWNLOAD:1305
TIMESTAMP:2025-06-23 09:17:27 UTC
TRIGGER:schedule
