---METADATA---
HTTP_STATUS:200
TIME_TOTAL:3.665937
TIME_CONNECT:0.282604
SIZE_DOWNLOAD:1305
TIMESTAMP:2025-06-23 11:43:03 UTC
TRIGGER:schedule
