---METADATA---
HTTP_STATUS:200
TIME_TOTAL:3.422826
TIME_CONNECT:0.279109
SIZE_DOWNLOAD:1305
TIMESTAMP:2025-06-23 10:45:20 UTC
TRIGGER:schedule
