---METADATA---
HTTP_STATUS:200
TIME_TOTAL:3.700077
TIME_CONNECT:0.267271
SIZE_DOWNLOAD:1305
TIMESTAMP:2025-06-23 10:26:30 UTC
TRIGGER:schedule
