---METADATA---
HTTP_STATUS:200
TIME_TOTAL:3.597524
TIME_CONNECT:0.277064
SIZE_DOWNLOAD:1305
TIMESTAMP:2025-06-23 08:45:50 UTC
TRIGGER:schedule
