---METADATA---
HTTP_STATUS:200
TIME_TOTAL:3.439781
TIME_CONNECT:0.273218
SIZE_DOWNLOAD:1305
TIMESTAMP:2025-06-23 05:58:22 UTC
TRIGGER:schedule
