---METADATA---
HTTP_STATUS:200
TIME_TOTAL:3.242094
TIME_CONNECT:0.238535
SIZE_DOWNLOAD:1291
TIMESTAMP:2025-06-23 21:13:24 UTC
TRIGGER:schedule
