---METADATA---
HTTP_STATUS:200
TIME_TOTAL:3.578589
TIME_CONNECT:0.299011
SIZE_DOWNLOAD:1305
TIMESTAMP:2025-06-23 13:40:20 UTC
TRIGGER:schedule
