---METADATA---
HTTP_STATUS:200
TIME_TOTAL:3.420529
TIME_CONNECT:0.244926
SIZE_DOWNLOAD:1291
TIMESTAMP:2025-06-23 22:46:02 UTC
TRIGGER:schedule
