---METADATA---
HTTP_STATUS:200
TIME_TOTAL:1.113412
TIME_CONNECT:0.293928
SIZE_DOWNLOAD:1292
TIMESTAMP:2025-06-23 15:46:06 UTC
TRIGGER:schedule
