---METADATA---
HTTP_STATUS:200
TIME_TOTAL:3.236608
TIME_CONNECT:0.238697
SIZE_DOWNLOAD:1291
TIMESTAMP:2025-06-23 22:58:00 UTC
TRIGGER:schedule
