---METADATA---
HTTP_STATUS:200
TIME_TOTAL:3.248736
TIME_CONNECT:0.283475
SIZE_DOWNLOAD:1291
TIMESTAMP:2025-06-23 18:19:46 UTC
TRIGGER:schedule
