---METADATA---
HTTP_STATUS:200
TIME_TOTAL:3.212235
TIME_CONNECT:0.274608
SIZE_DOWNLOAD:1291
TIMESTAMP:2025-06-23 23:39:12 UTC
TRIGGER:schedule
