---METADATA---
HTTP_STATUS:200
TIME_TOTAL:3.196879
TIME_CONNECT:0.235377
SIZE_DOWNLOAD:1291
TIMESTAMP:2025-06-23 17:56:46 UTC
TRIGGER:schedule
