---METADATA---
HTTP_STATUS:200
TIME_TOTAL:3.213790
TIME_CONNECT:0.271852
SIZE_DOWNLOAD:1305
TIMESTAMP:2025-06-23 05:25:40 UTC
TRIGGER:schedule
