---METADATA---
HTTP_STATUS:200
TIME_TOTAL:3.255846
TIME_CONNECT:0.243790
SIZE_DOWNLOAD:1292
TIMESTAMP:2025-06-23 13:58:35 UTC
TRIGGER:schedule
