---METADATA---
HTTP_STATUS:200
TIME_TOTAL:3.615509
TIME_CONNECT:0.313066
SIZE_DOWNLOAD:1292
TIMESTAMP:2025-06-23 17:13:18 UTC
TRIGGER:schedule
