---METADATA---
HTTP_STATUS:200
TIME_TOTAL:3.455375
TIME_CONNECT:0.263686
SIZE_DOWNLOAD:1305
TIMESTAMP:2025-06-23 11:56:55 UTC
TRIGGER:schedule
