---METADATA---
HTTP_STATUS:200
TIME_TOTAL:3.569769
TIME_CONNECT:0.245125
SIZE_DOWNLOAD:1291
TIMESTAMP:2025-06-23 21:56:49 UTC
TRIGGER:schedule
