---METADATA---
HTTP_STATUS:200
TIME_TOTAL:3.317147
TIME_CONNECT:0.267767
SIZE_DOWNLOAD:1292
TIMESTAMP:2025-06-23 16:55:47 UTC
TRIGGER:schedule
