---METADATA---
HTTP_STATUS:200
TIME_TOTAL:3.525135
TIME_CONNECT:0.270359
SIZE_DOWNLOAD:1291
TIMESTAMP:2025-06-23 22:26:48 UTC
TRIGGER:schedule
