---METADATA---
HTTP_STATUS:200
TIME_TOTAL:3.224585
TIME_CONNECT:0.241564
SIZE_DOWNLOAD:1291
TIMESTAMP:2025-06-23 19:11:10 UTC
TRIGGER:schedule
