---METADATA---
HTTP_STATUS:200
TIME_TOTAL:3.352732
TIME_CONNECT:0.247387
SIZE_DOWNLOAD:1305
TIMESTAMP:2025-06-23 03:42:39 UTC
TRIGGER:schedule
