---METADATA---
HTTP_STATUS:200
TIME_TOTAL:1.128700
TIME_CONNECT:0.299718
SIZE_DOWNLOAD:1305
TIMESTAMP:2025-06-23 11:48:32 UTC
TRIGGER:schedule
