---METADATA---
HTTP_STATUS:200
TIME_TOTAL:3.364806
TIME_CONNECT:0.287957
SIZE_DOWNLOAD:1305
TIMESTAMP:2025-06-23 04:01:54 UTC
TRIGGER:schedule
