---METADATA---
HTTP_STATUS:200
TIME_TOTAL:3.365840
TIME_CONNECT:0.277558
SIZE_DOWNLOAD:1292
TIMESTAMP:2025-06-23 17:44:26 UTC
TRIGGER:schedule
