---METADATA---
HTTP_STATUS:200
TIME_TOTAL:3.514906
TIME_CONNECT:0.249842
SIZE_DOWNLOAD:1305
TIMESTAMP:2025-06-23 07:40:49 UTC
TRIGGER:schedule
