---METADATA---
HTTP_STATUS:200
TIME_TOTAL:3.286579
TIME_CONNECT:0.273837
SIZE_DOWNLOAD:1291
TIMESTAMP:2025-06-23 22:13:47 UTC
TRIGGER:schedule
