---METADATA---
HTTP_STATUS:200
TIME_TOTAL:3.173084
TIME_CONNECT:0.242159
SIZE_DOWNLOAD:1305
TIMESTAMP:2025-06-23 03:04:28 UTC
TRIGGER:schedule
