---METADATA---
HTTP_STATUS:200
TIME_TOTAL:3.391004
TIME_CONNECT:0.246442
SIZE_DOWNLOAD:1291
TIMESTAMP:2025-06-23 23:10:56 UTC
TRIGGER:schedule
