---METADATA---
HTTP_STATUS:200
TIME_TOTAL:3.541205
TIME_CONNECT:0.399300
SIZE_DOWNLOAD:1292
TIMESTAMP:2025-06-23 14:52:49 UTC
TRIGGER:schedule
