---METADATA---
HTTP_STATUS:200
TIME_TOTAL:3.344504
TIME_CONNECT:0.296937
SIZE_DOWNLOAD:1291
TIMESTAMP:2025-06-23 20:45:05 UTC
TRIGGER:schedule
