---METADATA---
HTTP_STATUS:200
TIME_TOTAL:3.620371
TIME_CONNECT:0.305752
SIZE_DOWNLOAD:1292
TIMESTAMP:2025-06-23 04:54:54 UTC
TRIGGER:schedule
