---METADATA---
HTTP_STATUS:200
TIME_TOTAL:3.729645
TIME_CONNECT:0.300866
SIZE_DOWNLOAD:1292
TIMESTAMP:2025-06-23 15:42:22 UTC
TRIGGER:schedule
