---METADATA---
HTTP_STATUS:200
TIME_TOTAL:3.359604
TIME_CONNECT:0.273709
SIZE_DOWNLOAD:1292
TIMESTAMP:2025-06-23 04:22:51 UTC
TRIGGER:schedule
