---METADATA---
HTTP_STATUS:200
TIME_TOTAL:3.288029
TIME_CONNECT:0.244671
SIZE_DOWNLOAD:1291
TIMESTAMP:2025-06-23 18:56:29 UTC
TRIGGER:schedule
