---METADATA---
HTTP_STATUS:200
TIME_TOTAL:0.947450
TIME_CONNECT:0.231592
SIZE_DOWNLOAD:1292
TIMESTAMP:2025-06-23 14:53:44 UTC
TRIGGER:schedule
