---METADATA---
HTTP_STATUS:200
TIME_TOTAL:3.803608
TIME_CONNECT:0.234676
SIZE_DOWNLOAD:1292
TIMESTAMP:2025-06-23 05:42:55 UTC
TRIGGER:schedule
