---METADATA---
HTTP_STATUS:200
TIME_TOTAL:3.438402
TIME_CONNECT:0.284734
SIZE_DOWNLOAD:1291
TIMESTAMP:2025-06-23 21:48:06 UTC
TRIGGER:schedule
