---METADATA---
HTTP_STATUS:200
TIME_TOTAL:3.624135
TIME_CONNECT:0.287418
SIZE_DOWNLOAD:1292
TIMESTAMP:2025-06-23 14:30:31 UTC
TRIGGER:schedule
