---METADATA---
HTTP_STATUS:200
TIME_TOTAL:3.482598
TIME_CONNECT:0.240629
SIZE_DOWNLOAD:1305
TIMESTAMP:2025-06-23 02:23:29 UTC
TRIGGER:schedule
