---METADATA---
HTTP_STATUS:200
TIME_TOTAL:3.546411
TIME_CONNECT:0.282732
SIZE_DOWNLOAD:1292
TIMESTAMP:2025-06-23 14:14:31 UTC
TRIGGER:schedule
