---METADATA---
HTTP_STATUS:200
TIME_TOTAL:3.621627
TIME_CONNECT:0.242729
SIZE_DOWNLOAD:1292
TIMESTAMP:2025-06-23 15:15:31 UTC
TRIGGER:schedule
