---METADATA---
HTTP_STATUS:200
TIME_TOTAL:3.377866
TIME_CONNECT:0.293743
SIZE_DOWNLOAD:1291
TIMESTAMP:2025-06-23 20:41:24 UTC
TRIGGER:schedule
