---METADATA---
HTTP_STATUS:200
TIME_TOTAL:3.306025
TIME_CONNECT:0.270013
SIZE_DOWNLOAD:1305
TIMESTAMP:2025-06-23 07:49:33 UTC
TRIGGER:schedule
