---METADATA---
HTTP_STATUS:200
TIME_TOTAL:3.516321
TIME_CONNECT:0.321650
SIZE_DOWNLOAD:1305
TIMESTAMP:2025-06-23 09:42:54 UTC
TRIGGER:schedule
