---METADATA---
HTTP_STATUS:200
TIME_TOTAL:3.216759
TIME_CONNECT:0.238748
SIZE_DOWNLOAD:1305
TIMESTAMP:2025-06-23 09:01:16 UTC
TRIGGER:schedule
