---METADATA---
HTTP_STATUS:200
TIME_TOTAL:3.400160
TIME_CONNECT:0.308198
SIZE_DOWNLOAD:1305
TIMESTAMP:2025-06-23 13:10:21 UTC
TRIGGER:schedule
