---METADATA---
HTTP_STATUS:200
TIME_TOTAL:3.492575
TIME_CONNECT:0.249357
SIZE_DOWNLOAD:1291
TIMESTAMP:2025-06-23 23:27:42 UTC
TRIGGER:schedule
