---METADATA---
HTTP_STATUS:200
TIME_TOTAL:3.604448
TIME_CONNECT:0.291453
SIZE_DOWNLOAD:1291
TIMESTAMP:2025-06-23 21:41:50 UTC
TRIGGER:schedule
