---METADATA---
HTTP_STATUS:200
TIME_TOTAL:3.518527
TIME_CONNECT:0.238831
SIZE_DOWNLOAD:1328
TIMESTAMP:2025-06-23 17:22:29 UTC
TRIGGER:schedule
