---METADATA---
HTTP_STATUS:200
TIME_TOTAL:3.700500
TIME_CONNECT:0.303423
SIZE_DOWNLOAD:1305
TIMESTAMP:2025-06-23 09:52:33 UTC
TRIGGER:schedule
