---METADATA---
HTTP_STATUS:200
TIME_TOTAL:3.668720
TIME_CONNECT:0.240520
SIZE_DOWNLOAD:1305
TIMESTAMP:2025-06-23 10:16:37 UTC
TRIGGER:schedule
