---METADATA---
HTTP_STATUS:200
TIME_TOTAL:3.427827
TIME_CONNECT:0.277340
SIZE_DOWNLOAD:1305
TIMESTAMP:2025-06-23 12:29:43 UTC
TRIGGER:schedule
