---METADATA---
HTTP_STATUS:200
TIME_TOTAL:3.539414
TIME_CONNECT:0.293771
SIZE_DOWNLOAD:1291
TIMESTAMP:2025-06-23 19:48:14 UTC
TRIGGER:schedule
