---METADATA---
HTTP_STATUS:200
TIME_TOTAL:3.508517
TIME_CONNECT:0.309379
SIZE_DOWNLOAD:1305
TIMESTAMP:2025-06-23 08:20:30 UTC
TRIGGER:schedule
