---METADATA---
HTTP_STATUS:200
TIME_TOTAL:3.381365
TIME_CONNECT:0.274337
SIZE_DOWNLOAD:1291
TIMESTAMP:2025-06-23 20:15:52 UTC
TRIGGER:schedule
