---METADATA---
HTTP_STATUS:200
TIME_TOTAL:3.570721
TIME_CONNECT:0.244837
SIZE_DOWNLOAD:1292
TIMESTAMP:2025-06-23 16:48:28 UTC
TRIGGER:schedule
