---METADATA---
HTTP_STATUS:200
TIME_TOTAL:3.540247
TIME_CONNECT:0.293841
SIZE_DOWNLOAD:1307
TIMESTAMP:2025-08-15 09:49:54 UTC
TRIGGER:schedule
