---METADATA---
HTTP_STATUS:200
TIME_TOTAL:3.567708
TIME_CONNECT:0.320072
SIZE_DOWNLOAD:1304
TIMESTAMP:2025-08-15 02:58:47 UTC
TRIGGER:schedule
