---METADATA---
HTTP_STATUS:200
TIME_TOTAL:3.640631
TIME_CONNECT:0.325757
SIZE_DOWNLOAD:1305
TIMESTAMP:2025-08-15 10:59:56 UTC
TRIGGER:schedule
