---METADATA---
HTTP_STATUS:200
TIME_TOTAL:3.585187
TIME_CONNECT:0.270105
SIZE_DOWNLOAD:1307
TIMESTAMP:2025-08-15 08:35:21 UTC
TRIGGER:schedule
