---METADATA---
HTTP_STATUS:200
TIME_TOTAL:3.558993
TIME_CONNECT:0.229421
SIZE_DOWNLOAD:1305
TIMESTAMP:2025-08-15 10:43:22 UTC
TRIGGER:schedule
