---METADATA---
HTTP_STATUS:200
TIME_TOTAL:3.439220
TIME_CONNECT:0.269402
SIZE_DOWNLOAD:1296
TIMESTAMP:2025-08-15 07:56:57 UTC
TRIGGER:schedule
