---METADATA---
HTTP_STATUS:200
TIME_TOTAL:3.533704
TIME_CONNECT:0.335098
SIZE_DOWNLOAD:1307
TIMESTAMP:2025-08-15 09:57:39 UTC
TRIGGER:schedule
