---METADATA---
HTTP_STATUS:200
TIME_TOTAL:3.311112
TIME_CONNECT:0.248298
SIZE_DOWNLOAD:1132
TIMESTAMP:2025-08-15 21:27:45 UTC
TRIGGER:schedule
