---METADATA---
HTTP_STATUS:200
TIME_TOTAL:3.402099
TIME_CONNECT:0.235146
SIZE_DOWNLOAD:1132
TIMESTAMP:2025-08-15 16:12:34 UTC
TRIGGER:schedule
