---METADATA---
HTTP_STATUS:200
TIME_TOTAL:3.515602
TIME_CONNECT:0.290074
SIZE_DOWNLOAD:1292
TIMESTAMP:2025-08-15 07:14:46 UTC
TRIGGER:schedule
