---METADATA---
HTTP_STATUS:200
TIME_TOTAL:3.937081
TIME_CONNECT:0.276689
SIZE_DOWNLOAD:1307
TIMESTAMP:2025-08-15 07:25:59 UTC
TRIGGER:schedule
