---METADATA---
HTTP_STATUS:200
TIME_TOTAL:3.280643
TIME_CONNECT:0.224540
SIZE_DOWNLOAD:1132
TIMESTAMP:2025-08-15 20:50:59 UTC
TRIGGER:schedule
