---METADATA---
HTTP_STATUS:200
TIME_TOTAL:3.414105
TIME_CONNECT:0.278122
SIZE_DOWNLOAD:1132
TIMESTAMP:2025-08-15 21:39:01 UTC
TRIGGER:schedule
