---METADATA---
HTTP_STATUS:200
TIME_TOTAL:3.327256
TIME_CONNECT:0.287076
SIZE_DOWNLOAD:1132
TIMESTAMP:2025-08-15 22:34:47 UTC
TRIGGER:schedule
