---METADATA---
HTTP_STATUS:200
TIME_TOTAL:3.478140
TIME_CONNECT:0.236846
SIZE_DOWNLOAD:1132
TIMESTAMP:2025-08-15 19:48:15 UTC
TRIGGER:schedule
