---METADATA---
HTTP_STATUS:200
TIME_TOTAL:3.600432
TIME_CONNECT:0.238890
SIZE_DOWNLOAD:1305
TIMESTAMP:2025-08-15 11:48:10 UTC
TRIGGER:schedule
