---METADATA---
HTTP_STATUS:200
TIME_TOTAL:3.598665
TIME_CONNECT:0.224854
SIZE_DOWNLOAD:1307
TIMESTAMP:2025-08-15 04:46:58 UTC
TRIGGER:schedule
