---METADATA---
HTTP_STATUS:200
TIME_TOTAL:3.389411
TIME_CONNECT:0.296525
SIZE_DOWNLOAD:1132
TIMESTAMP:2025-08-15 21:47:53 UTC
TRIGGER:schedule
