---METADATA---
HTTP_STATUS:200
TIME_TOTAL:3.521499
TIME_CONNECT:0.278279
SIZE_DOWNLOAD:1294
TIMESTAMP:2025-08-15 04:16:35 UTC
TRIGGER:schedule
