---METADATA---
HTTP_STATUS:200
TIME_TOTAL:3.389645
TIME_CONNECT:0.273264
SIZE_DOWNLOAD:1132
TIMESTAMP:2025-08-15 14:48:13 UTC
TRIGGER:schedule
