---METADATA---
HTTP_STATUS:200
TIME_TOTAL:3.361177
TIME_CONNECT:0.224658
SIZE_DOWNLOAD:1307
TIMESTAMP:2025-08-15 09:40:18 UTC
TRIGGER:schedule
