---METADATA---
HTTP_STATUS:200
TIME_TOTAL:1.080425
TIME_CONNECT:0.264090
SIZE_DOWNLOAD:1132
TIMESTAMP:2025-08-15 15:50:14 UTC
TRIGGER:schedule
