---METADATA---
HTTP_STATUS:200
TIME_TOTAL:3.248751
TIME_CONNECT:0.235782
SIZE_DOWNLOAD:1132
TIMESTAMP:2025-08-15 16:58:50 UTC
TRIGGER:schedule
