---METADATA---
HTTP_STATUS:200
TIME_TOTAL:3.687368
TIME_CONNECT:0.296029
SIZE_DOWNLOAD:1132
TIMESTAMP:2025-08-15 18:39:08 UTC
TRIGGER:schedule
