---METADATA---
HTTP_STATUS:200
TIME_TOTAL:3.768093
TIME_CONNECT:0.295581
SIZE_DOWNLOAD:1294
TIMESTAMP:2025-08-15 05:00:47 UTC
TRIGGER:schedule
