---METADATA---
HTTP_STATUS:200
TIME_TOTAL:3.349304
TIME_CONNECT:0.302789
SIZE_DOWNLOAD:1132
TIMESTAMP:2025-08-15 18:57:15 UTC
TRIGGER:schedule
