---METADATA---
HTTP_STATUS:200
TIME_TOTAL:3.485967
TIME_CONNECT:0.287869
SIZE_DOWNLOAD:1296
TIMESTAMP:2025-08-15 10:15:13 UTC
TRIGGER:schedule
