---METADATA---
HTTP_STATUS:200
TIME_TOTAL:3.350476
TIME_CONNECT:0.260696
SIZE_DOWNLOAD:1132
TIMESTAMP:2025-08-15 23:25:21 UTC
TRIGGER:schedule
