---METADATA---
HTTP_STATUS:200
TIME_TOTAL:3.478102
TIME_CONNECT:0.241972
SIZE_DOWNLOAD:1294
TIMESTAMP:2025-08-15 02:18:54 UTC
TRIGGER:schedule
