---METADATA---
HTTP_STATUS:200
TIME_TOTAL:3.599823
TIME_CONNECT:0.292243
SIZE_DOWNLOAD:1290
TIMESTAMP:2025-08-15 10:29:29 UTC
TRIGGER:schedule
