---METADATA---
HTTP_STATUS:200
TIME_TOTAL:3.444861
TIME_CONNECT:0.279069
SIZE_DOWNLOAD:1132
TIMESTAMP:2025-08-15 17:56:47 UTC
TRIGGER:schedule
