---METADATA---
HTTP_STATUS:200
TIME_TOTAL:3.509122
TIME_CONNECT:0.282885
SIZE_DOWNLOAD:1132
TIMESTAMP:2025-08-15 14:35:21 UTC
TRIGGER:schedule
