---METADATA---
HTTP_STATUS:200
TIME_TOTAL:3.454603
TIME_CONNECT:0.253240
SIZE_DOWNLOAD:1132
TIMESTAMP:2025-08-15 14:29:16 UTC
TRIGGER:schedule
