---METADATA---
HTTP_STATUS:200
TIME_TOTAL:3.542983
TIME_CONNECT:0.295921
SIZE_DOWNLOAD:1132
TIMESTAMP:2025-08-15 19:21:03 UTC
TRIGGER:schedule
