---METADATA---
HTTP_STATUS:200
TIME_TOTAL:3.597675
TIME_CONNECT:0.248722
SIZE_DOWNLOAD:1132
TIMESTAMP:2025-08-15 19:35:53 UTC
TRIGGER:schedule
