---METADATA---
HTTP_STATUS:200
TIME_TOTAL:3.450692
TIME_CONNECT:0.237895
SIZE_DOWNLOAD:1132
TIMESTAMP:2025-08-15 17:48:34 UTC
TRIGGER:schedule
