---METADATA---
HTTP_STATUS:200
TIME_TOTAL:3.550443
TIME_CONNECT:0.264913
SIZE_DOWNLOAD:1293
TIMESTAMP:2025-08-15 05:50:46 UTC
TRIGGER:schedule
