---METADATA---
HTTP_STATUS:200
TIME_TOTAL:3.432128
TIME_CONNECT:0.277689
SIZE_DOWNLOAD:1132
TIMESTAMP:2025-08-15 20:15:37 UTC
TRIGGER:schedule
