---METADATA---
HTTP_STATUS:200
TIME_TOTAL:3.503042
TIME_CONNECT:0.288672
SIZE_DOWNLOAD:1132
TIMESTAMP:2025-08-15 22:56:53 UTC
TRIGGER:schedule
