---METADATA---
HTTP_STATUS:200
TIME_TOTAL:3.358267
TIME_CONNECT:0.341813
SIZE_DOWNLOAD:1132
TIMESTAMP:2025-08-15 21:51:56 UTC
TRIGGER:schedule
