---METADATA---
HTTP_STATUS:200
TIME_TOTAL:3.525745
TIME_CONNECT:0.273612
SIZE_DOWNLOAD:1132
TIMESTAMP:2025-08-15 23:13:36 UTC
TRIGGER:schedule
