---METADATA---
HTTP_STATUS:200
TIME_TOTAL:3.605821
TIME_CONNECT:0.354554
SIZE_DOWNLOAD:1132
TIMESTAMP:2025-08-15 20:25:58 UTC
TRIGGER:schedule
