---METADATA---
HTTP_STATUS:200
TIME_TOTAL:3.616893
TIME_CONNECT:0.307900
SIZE_DOWNLOAD:1132
TIMESTAMP:2025-08-15 20:44:18 UTC
TRIGGER:schedule
