---METADATA---
HTTP_STATUS:200
TIME_TOTAL:3.524912
TIME_CONNECT:0.267861
SIZE_DOWNLOAD:1294
TIMESTAMP:2025-08-15 07:31:39 UTC
TRIGGER:schedule
