---METADATA---
HTTP_STATUS:200
TIME_TOTAL:3.576668
TIME_CONNECT:0.296357
SIZE_DOWNLOAD:1132
TIMESTAMP:2025-08-15 19:51:04 UTC
TRIGGER:schedule
