---METADATA---
HTTP_STATUS:200
TIME_TOTAL:3.313147
TIME_CONNECT:0.296442
SIZE_DOWNLOAD:1132
TIMESTAMP:2025-08-15 16:17:43 UTC
TRIGGER:schedule
