---METADATA---
HTTP_STATUS:200
TIME_TOTAL:3.606709
TIME_CONNECT:0.281000
SIZE_DOWNLOAD:1307
TIMESTAMP:2025-08-15 12:48:13 UTC
TRIGGER:schedule
