---METADATA---
HTTP_STATUS:200
TIME_TOTAL:3.597415
TIME_CONNECT:0.253672
SIZE_DOWNLOAD:1132
TIMESTAMP:2025-08-15 19:25:51 UTC
TRIGGER:schedule
