---METADATA---
HTTP_STATUS:200
TIME_TOTAL:3.549634
TIME_CONNECT:0.265255
SIZE_DOWNLOAD:1132
TIMESTAMP:2025-08-15 15:33:42 UTC
TRIGGER:schedule
