---METADATA---
HTTP_STATUS:200
TIME_TOTAL:3.452796
TIME_CONNECT:0.285332
SIZE_DOWNLOAD:1132
TIMESTAMP:2025-08-15 20:57:03 UTC
TRIGGER:schedule
