---METADATA---
HTTP_STATUS:200
TIME_TOTAL:3.535751
TIME_CONNECT:0.274786
SIZE_DOWNLOAD:1132
TIMESTAMP:2025-08-15 14:13:47 UTC
TRIGGER:schedule
