---METADATA---
HTTP_STATUS:200
TIME_TOTAL:3.520962
TIME_CONNECT:0.276082
SIZE_DOWNLOAD:1307
TIMESTAMP:2025-08-15 04:49:54 UTC
TRIGGER:schedule
