---METADATA---
HTTP_STATUS:200
TIME_TOTAL:3.412596
TIME_CONNECT:0.259199
SIZE_DOWNLOAD:1132
TIMESTAMP:2025-08-15 22:50:39 UTC
TRIGGER:schedule
