---METADATA---
HTTP_STATUS:200
TIME_TOTAL:3.412443
TIME_CONNECT:0.289150
SIZE_DOWNLOAD:1132
TIMESTAMP:2025-08-15 23:41:25 UTC
TRIGGER:schedule
