---METADATA---
HTTP_STATUS:200
TIME_TOTAL:3.738713
TIME_CONNECT:0.288603
SIZE_DOWNLOAD:1305
TIMESTAMP:2025-08-15 10:48:11 UTC
TRIGGER:schedule
