---METADATA---
HTTP_STATUS:200
TIME_TOTAL:3.344543
TIME_CONNECT:0.237944
SIZE_DOWNLOAD:1132
TIMESTAMP:2025-08-15 23:48:49 UTC
TRIGGER:schedule
