---METADATA---
HTTP_STATUS:200
TIME_TOTAL:3.582343
TIME_CONNECT:0.295170
SIZE_DOWNLOAD:1292
TIMESTAMP:2025-08-15 06:57:03 UTC
TRIGGER:schedule
