---METADATA---
HTTP_STATUS:200
TIME_TOTAL:3.460200
TIME_CONNECT:0.282796
SIZE_DOWNLOAD:1132
TIMESTAMP:2025-08-15 17:12:14 UTC
TRIGGER:schedule
