---METADATA---
HTTP_STATUS:200
TIME_TOTAL:3.545630
TIME_CONNECT:0.270554
SIZE_DOWNLOAD:1132
TIMESTAMP:2025-08-15 16:46:18 UTC
TRIGGER:schedule
