---METADATA---
HTTP_STATUS:200
TIME_TOTAL:3.384121
TIME_CONNECT:0.246913
SIZE_DOWNLOAD:1132
TIMESTAMP:2025-08-15 18:49:46 UTC
TRIGGER:schedule
