---METADATA---
HTTP_STATUS:200
TIME_TOTAL:3.693602
TIME_CONNECT:0.302152
SIZE_DOWNLOAD:1305
TIMESTAMP:2025-08-15 11:27:34 UTC
TRIGGER:schedule
