---METADATA---
HTTP_STATUS:200
TIME_TOTAL:3.376720
TIME_CONNECT:0.291536
SIZE_DOWNLOAD:1307
TIMESTAMP:2025-08-15 09:43:28 UTC
TRIGGER:schedule
