---METADATA---
HTTP_STATUS:200
TIME_TOTAL:3.362649
TIME_CONNECT:0.288337
SIZE_DOWNLOAD:1132
TIMESTAMP:2025-08-15 13:59:32 UTC
TRIGGER:schedule
