---METADATA---
HTTP_STATUS:200
TIME_TOTAL:3.390144
TIME_CONNECT:0.460774
SIZE_DOWNLOAD:1132
TIMESTAMP:2025-08-15 17:44:16 UTC
TRIGGER:schedule
