---METADATA---
HTTP_STATUS:200
TIME_TOTAL:3.359599
TIME_CONNECT:0.240406
SIZE_DOWNLOAD:1132
TIMESTAMP:2025-08-15 23:57:00 UTC
TRIGGER:schedule
