---METADATA---
HTTP_STATUS:200
TIME_TOTAL:3.549946
TIME_CONNECT:0.285179
SIZE_DOWNLOAD:1292
TIMESTAMP:2025-08-15 05:34:13 UTC
TRIGGER:schedule
