---METADATA---
HTTP_STATUS:200
TIME_TOTAL:3.502500
TIME_CONNECT:0.232501
SIZE_DOWNLOAD:1293
TIMESTAMP:2025-08-15 06:35:51 UTC
TRIGGER:schedule
