---METADATA---
HTTP_STATUS:200
TIME_TOTAL:3.449685
TIME_CONNECT:0.255821
SIZE_DOWNLOAD:1132
TIMESTAMP:2025-08-15 13:47:43 UTC
TRIGGER:schedule
