---METADATA---
HTTP_STATUS:200
TIME_TOTAL:3.485940
TIME_CONNECT:0.245750
SIZE_DOWNLOAD:1305
TIMESTAMP:2025-08-15 13:22:30 UTC
TRIGGER:schedule
