---METADATA---
HTTP_STATUS:200
TIME_TOTAL:3.473940
TIME_CONNECT:0.282685
SIZE_DOWNLOAD:1132
TIMESTAMP:2025-08-15 17:26:30 UTC
TRIGGER:schedule
