---METADATA---
HTTP_STATUS:200
TIME_TOTAL:3.599244
TIME_CONNECT:0.237745
SIZE_DOWNLOAD:1305
TIMESTAMP:2025-08-15 11:24:08 UTC
TRIGGER:schedule
