---METADATA---
HTTP_STATUS:200
TIME_TOTAL:3.667834
TIME_CONNECT:0.268644
SIZE_DOWNLOAD:1307
TIMESTAMP:2025-08-15 08:19:19 UTC
TRIGGER:schedule
