---METADATA---
HTTP_STATUS:200
TIME_TOTAL:3.519167
TIME_CONNECT:0.297270
SIZE_DOWNLOAD:1296
TIMESTAMP:2025-08-15 06:51:22 UTC
TRIGGER:schedule
