---METADATA---
HTTP_STATUS:200
TIME_TOTAL:3.653033
TIME_CONNECT:0.280701
SIZE_DOWNLOAD:1305
TIMESTAMP:2025-08-15 11:52:18 UTC
TRIGGER:schedule
