---METADATA---
HTTP_STATUS:200
TIME_TOTAL:3.392954
TIME_CONNECT:0.297212
SIZE_DOWNLOAD:1132
TIMESTAMP:2025-08-15 22:22:30 UTC
TRIGGER:schedule
