---METADATA---
HTTP_STATUS:200
TIME_TOTAL:3.420920
TIME_CONNECT:0.299475
SIZE_DOWNLOAD:1316
TIMESTAMP:2025-08-15 01:10:58 UTC
TRIGGER:schedule
