---METADATA---
HTTP_STATUS:200
TIME_TOTAL:3.684479
TIME_CONNECT:0.269413
SIZE_DOWNLOAD:1132
TIMESTAMP:2025-08-15 16:43:48 UTC
TRIGGER:schedule
