---METADATA---
HTTP_STATUS:200
TIME_TOTAL:3.476234
TIME_CONNECT:0.236466
SIZE_DOWNLOAD:1132
TIMESTAMP:2025-08-15 19:39:04 UTC
TRIGGER:schedule
