---METADATA---
HTTP_STATUS:200
TIME_TOTAL:3.403288
TIME_CONNECT:0.215008
SIZE_DOWNLOAD:1307
TIMESTAMP:2025-08-15 04:25:50 UTC
TRIGGER:schedule
