---METADATA---
HTTP_STATUS:200
TIME_TOTAL:3.536084
TIME_CONNECT:0.267271
SIZE_DOWNLOAD:1305
TIMESTAMP:2025-08-15 11:12:25 UTC
TRIGGER:schedule
