---METADATA---
HTTP_STATUS:200
TIME_TOTAL:3.390919
TIME_CONNECT:0.298557
SIZE_DOWNLOAD:1132
TIMESTAMP:2025-08-15 15:31:17 UTC
TRIGGER:schedule
