---METADATA---
HTTP_STATUS:200
TIME_TOTAL:4.059827
TIME_CONNECT:0.241282
SIZE_DOWNLOAD:1292
TIMESTAMP:2025-08-15 06:21:55 UTC
TRIGGER:schedule
