---METADATA---
HTTP_STATUS:200
TIME_TOTAL:3.525085
TIME_CONNECT:0.295580
SIZE_DOWNLOAD:1295
TIMESTAMP:2025-08-15 07:41:41 UTC
TRIGGER:schedule
