---METADATA---
HTTP_STATUS:200
TIME_TOTAL:3.431899
TIME_CONNECT:0.361636
SIZE_DOWNLOAD:1307
TIMESTAMP:2025-08-15 08:54:39 UTC
TRIGGER:schedule
