---METADATA---
HTTP_STATUS:200
TIME_TOTAL:3.496605
TIME_CONNECT:0.284897
SIZE_DOWNLOAD:1132
TIMESTAMP:2025-08-15 22:44:33 UTC
TRIGGER:schedule
