---METADATA---
HTTP_STATUS:200
TIME_TOTAL:3.681423
TIME_CONNECT:0.277302
SIZE_DOWNLOAD:1307
TIMESTAMP:2025-08-15 09:15:41 UTC
TRIGGER:schedule
