---METADATA---
HTTP_STATUS:200
TIME_TOTAL:3.623750
TIME_CONNECT:0.216396
SIZE_DOWNLOAD:1296
TIMESTAMP:2025-08-15 05:52:13 UTC
TRIGGER:schedule
