---METADATA---
HTTP_STATUS:200
TIME_TOTAL:3.224263
TIME_CONNECT:0.298726
SIZE_DOWNLOAD:1132
TIMESTAMP:2025-08-15 17:32:04 UTC
TRIGGER:schedule
