---METADATA---
HTTP_STATUS:200
TIME_TOTAL:3.360537
TIME_CONNECT:0.225454
SIZE_DOWNLOAD:1132
TIMESTAMP:2025-08-15 18:20:34 UTC
TRIGGER:schedule
