---METADATA---
HTTP_STATUS:200
TIME_TOTAL:3.475505
TIME_CONNECT:0.290526
SIZE_DOWNLOAD:1132
TIMESTAMP:2025-08-15 21:11:42 UTC
TRIGGER:schedule
