---METADATA---
HTTP_STATUS:200
TIME_TOTAL:1.075811
TIME_CONNECT:0.276496
SIZE_DOWNLOAD:1305
TIMESTAMP:2025-08-15 10:53:01 UTC
TRIGGER:schedule
