---METADATA---
HTTP_STATUS:200
TIME_TOTAL:3.488554
TIME_CONNECT:0.303584
SIZE_DOWNLOAD:1132
TIMESTAMP:2025-08-15 15:14:17 UTC
TRIGGER:schedule
