---METADATA---
HTTP_STATUS:200
TIME_TOTAL:3.547857
TIME_CONNECT:0.268775
SIZE_DOWNLOAD:1292
TIMESTAMP:2025-08-15 13:41:19 UTC
TRIGGER:schedule
