---METADATA---
HTTP_STATUS:200
TIME_TOTAL:3.460017
TIME_CONNECT:0.221845
SIZE_DOWNLOAD:1132
TIMESTAMP:2025-08-15 20:40:36 UTC
TRIGGER:schedule
