---METADATA---
HTTP_STATUS:200
TIME_TOTAL:3.516302
TIME_CONNECT:0.282104
SIZE_DOWNLOAD:1307
TIMESTAMP:2025-08-15 09:25:39 UTC
TRIGGER:schedule
