---METADATA---
HTTP_STATUS:200
TIME_TOTAL:1.095536
TIME_CONNECT:0.247172
SIZE_DOWNLOAD:1132
TIMESTAMP:2025-08-15 23:30:48 UTC
TRIGGER:schedule
