---METADATA---
HTTP_STATUS:200
TIME_TOTAL:3.529399
TIME_CONNECT:0.243464
SIZE_DOWNLOAD:1132
TIMESTAMP:2025-08-15 14:51:38 UTC
TRIGGER:schedule
