---METADATA---
HTTP_STATUS:200
TIME_TOTAL:3.466787
TIME_CONNECT:0.284461
SIZE_DOWNLOAD:1305
TIMESTAMP:2025-08-15 11:40:06 UTC
TRIGGER:schedule
