---METADATA---
HTTP_STATUS:200
TIME_TOTAL:3.653080
TIME_CONNECT:0.243421
SIZE_DOWNLOAD:1309
TIMESTAMP:2025-08-15 05:15:38 UTC
TRIGGER:schedule
