---METADATA---
HTTP_STATUS:200
TIME_TOTAL:3.453560
TIME_CONNECT:0.275461
SIZE_DOWNLOAD:1305
TIMESTAMP:2025-08-15 11:38:30 UTC
TRIGGER:schedule
