---METADATA---
HTTP_STATUS:200
TIME_TOTAL:3.403442
TIME_CONNECT:0.284999
SIZE_DOWNLOAD:1132
TIMESTAMP:2025-08-15 13:52:29 UTC
TRIGGER:schedule
