---METADATA---
HTTP_STATUS:200
TIME_TOTAL:3.536273
TIME_CONNECT:0.243449
SIZE_DOWNLOAD:1132
TIMESTAMP:2025-08-15 19:11:09 UTC
TRIGGER:schedule
