---METADATA---
HTTP_STATUS:200
TIME_TOTAL:3.567261
TIME_CONNECT:0.286860
SIZE_DOWNLOAD:1304
TIMESTAMP:2025-08-15 03:37:17 UTC
TRIGGER:schedule
