---METADATA---
HTTP_STATUS:200
TIME_TOTAL:3.575821
TIME_CONNECT:0.288932
SIZE_DOWNLOAD:1292
TIMESTAMP:2025-08-15 13:06:38 UTC
TRIGGER:schedule
