---METADATA---
HTTP_STATUS:200
TIME_TOTAL:3.394061
TIME_CONNECT:0.267405
SIZE_DOWNLOAD:1307
TIMESTAMP:2025-08-15 08:46:20 UTC
TRIGGER:schedule
