---METADATA---
HTTP_STATUS:200
TIME_TOTAL:3.665956
TIME_CONNECT:0.289886
SIZE_DOWNLOAD:1305
TIMESTAMP:2025-08-15 12:28:11 UTC
TRIGGER:schedule
