---METADATA---
HTTP_STATUS:200
TIME_TOTAL:0.955158
TIME_CONNECT:0.236704
SIZE_DOWNLOAD:1132
TIMESTAMP:2025-08-15 21:39:59 UTC
TRIGGER:schedule
