---METADATA---
HTTP_STATUS:200
TIME_TOTAL:3.598499
TIME_CONNECT:0.270151
SIZE_DOWNLOAD:1292
TIMESTAMP:2025-08-15 07:48:09 UTC
TRIGGER:schedule
