---METADATA---
HTTP_STATUS:200
TIME_TOTAL:3.633943
TIME_CONNECT:0.293107
SIZE_DOWNLOAD:1292
TIMESTAMP:2025-08-15 03:53:16 UTC
TRIGGER:schedule
