---METADATA---
HTTP_STATUS:200
TIME_TOTAL:3.445451
TIME_CONNECT:0.245810
SIZE_DOWNLOAD:1132
TIMESTAMP:2025-08-15 15:00:14 UTC
TRIGGER:schedule
