---METADATA---
HTTP_STATUS:200
TIME_TOTAL:3.299508
TIME_CONNECT:0.242058
SIZE_DOWNLOAD:1132
TIMESTAMP:2025-08-15 21:22:57 UTC
TRIGGER:schedule
