---METADATA---
HTTP_STATUS:200
TIME_TOTAL:3.496279
TIME_CONNECT:0.292875
SIZE_DOWNLOAD:1132
TIMESTAMP:2025-08-15 15:49:26 UTC
TRIGGER:schedule
