---METADATA---
HTTP_STATUS:200
TIME_TOTAL:3.503908
TIME_CONNECT:0.303525
SIZE_DOWNLOAD:1296
TIMESTAMP:2025-08-15 05:42:37 UTC
TRIGGER:schedule
