---METADATA---
HTTP_STATUS:200
TIME_TOTAL:3.654901
TIME_CONNECT:0.291473
SIZE_DOWNLOAD:1292
TIMESTAMP:2025-06-19 23:56:54 UTC
TRIGGER:schedule
