---METADATA---
HTTP_STATUS:200
TIME_TOTAL:3.478741
TIME_CONNECT:0.269344
SIZE_DOWNLOAD:1292
TIMESTAMP:2025-06-19 10:43:56 UTC
TRIGGER:schedule
