---METADATA---
HTTP_STATUS:200
TIME_TOTAL:3.209389
TIME_CONNECT:0.225691
SIZE_DOWNLOAD:1292
TIMESTAMP:2025-06-19 22:13:06 UTC
TRIGGER:schedule
