---METADATA---
HTTP_STATUS:200
TIME_TOTAL:3.652624
TIME_CONNECT:0.340592
SIZE_DOWNLOAD:1307
TIMESTAMP:2025-06-19 07:26:02 UTC
TRIGGER:schedule
