---METADATA---
HTTP_STATUS:200
TIME_TOTAL:3.309532
TIME_CONNECT:0.283943
SIZE_DOWNLOAD:1292
TIMESTAMP:2025-06-19 10:49:18 UTC
TRIGGER:schedule
