---METADATA---
HTTP_STATUS:200
TIME_TOTAL:3.358777
TIME_CONNECT:0.245853
SIZE_DOWNLOAD:1292
TIMESTAMP:2025-06-19 15:50:05 UTC
TRIGGER:schedule
