---METADATA---
HTTP_STATUS:200
TIME_TOTAL:3.464776
TIME_CONNECT:0.282472
SIZE_DOWNLOAD:1292
TIMESTAMP:2025-06-19 19:16:23 UTC
TRIGGER:schedule
