---METADATA---
HTTP_STATUS:200
TIME_TOTAL:3.332336
TIME_CONNECT:0.259487
SIZE_DOWNLOAD:1292
TIMESTAMP:2025-06-19 21:40:43 UTC
TRIGGER:schedule
