---METADATA---
HTTP_STATUS:200
TIME_TOTAL:3.262058
TIME_CONNECT:0.279227
SIZE_DOWNLOAD:1292
TIMESTAMP:2025-06-19 23:30:55 UTC
TRIGGER:schedule
