---METADATA---
HTTP_STATUS:200
TIME_TOTAL:3.637459
TIME_CONNECT:0.237711
SIZE_DOWNLOAD:1294
TIMESTAMP:2025-06-19 05:57:58 UTC
TRIGGER:schedule
