---METADATA---
HTTP_STATUS:200
TIME_TOTAL:3.639013
TIME_CONNECT:0.237929
SIZE_DOWNLOAD:1292
TIMESTAMP:2025-06-19 11:12:39 UTC
TRIGGER:schedule
