---METADATA---
HTTP_STATUS:200
TIME_TOTAL:3.305011
TIME_CONNECT:0.274800
SIZE_DOWNLOAD:1292
TIMESTAMP:2025-06-19 10:29:41 UTC
TRIGGER:schedule
