---METADATA---
HTTP_STATUS:200
TIME_TOTAL:1.199843
TIME_CONNECT:0.247143
SIZE_DOWNLOAD:1292
TIMESTAMP:2025-06-19 19:28:45 UTC
TRIGGER:schedule
