---METADATA---
HTTP_STATUS:200
TIME_TOTAL:3.324067
TIME_CONNECT:0.258428
SIZE_DOWNLOAD:1292
TIMESTAMP:2025-06-19 16:17:08 UTC
TRIGGER:schedule
