---METADATA---
HTTP_STATUS:200
TIME_TOTAL:3.883112
TIME_CONNECT:0.237491
SIZE_DOWNLOAD:1292
TIMESTAMP:2025-06-19 18:18:55 UTC
TRIGGER:schedule
