---METADATA---
HTTP_STATUS:200
TIME_TOTAL:3.567559
TIME_CONNECT:0.284717
SIZE_DOWNLOAD:1292
TIMESTAMP:2025-06-19 22:34:04 UTC
TRIGGER:schedule
