---METADATA---
HTTP_STATUS:200
TIME_TOTAL:0.956608
TIME_CONNECT:0.297948
SIZE_DOWNLOAD:1292
TIMESTAMP:2025-06-19 21:41:11 UTC
TRIGGER:schedule
