---METADATA---
HTTP_STATUS:200
TIME_TOTAL:3.681547
TIME_CONNECT:0.277247
SIZE_DOWNLOAD:1294
TIMESTAMP:2025-06-19 13:51:48 UTC
TRIGGER:schedule
