---METADATA---
HTTP_STATUS:200
TIME_TOTAL:3.504349
TIME_CONNECT:0.239091
SIZE_DOWNLOAD:1292
TIMESTAMP:2025-06-19 21:49:09 UTC
TRIGGER:schedule
