---METADATA---
HTTP_STATUS:200
TIME_TOTAL:3.384861
TIME_CONNECT:0.240467
SIZE_DOWNLOAD:1292
TIMESTAMP:2025-06-19 03:44:27 UTC
TRIGGER:schedule
