---METADATA---
HTTP_STATUS:200
TIME_TOTAL:3.583605
TIME_CONNECT:0.322896
SIZE_DOWNLOAD:1292
TIMESTAMP:2025-06-19 19:23:34 UTC
TRIGGER:schedule
