---METADATA---
HTTP_STATUS:200
TIME_TOTAL:3.549023
TIME_CONNECT:0.291812
SIZE_DOWNLOAD:1292
TIMESTAMP:2025-06-19 22:44:35 UTC
TRIGGER:schedule
