---METADATA---
HTTP_STATUS:200
TIME_TOTAL:3.416170
TIME_CONNECT:0.224522
SIZE_DOWNLOAD:1307
TIMESTAMP:2025-06-19 06:49:59 UTC
TRIGGER:schedule
