---METADATA---
HTTP_STATUS:200
TIME_TOTAL:3.351701
TIME_CONNECT:0.244907
SIZE_DOWNLOAD:1292
TIMESTAMP:2025-06-19 04:47:43 UTC
TRIGGER:schedule
