---METADATA---
HTTP_STATUS:200
TIME_TOTAL:3.355394
TIME_CONNECT:0.282856
SIZE_DOWNLOAD:1292
TIMESTAMP:2025-06-19 11:40:03 UTC
TRIGGER:schedule
