---METADATA---
HTTP_STATUS:200
TIME_TOTAL:3.358379
TIME_CONNECT:0.256203
SIZE_DOWNLOAD:1292
TIMESTAMP:2025-06-19 17:21:29 UTC
TRIGGER:schedule
