---METADATA---
HTTP_STATUS:200
TIME_TOTAL:3.311787
TIME_CONNECT:0.270068
SIZE_DOWNLOAD:1292
TIMESTAMP:2025-06-19 19:56:46 UTC
TRIGGER:schedule
