---METADATA---
HTTP_STATUS:200
TIME_TOTAL:3.539832
TIME_CONNECT:0.237734
SIZE_DOWNLOAD:1292
TIMESTAMP:2025-06-19 20:30:10 UTC
TRIGGER:schedule
