---METADATA---
HTTP_STATUS:200
TIME_TOTAL:3.407309
TIME_CONNECT:0.250085
SIZE_DOWNLOAD:1309
TIMESTAMP:2025-06-19 04:40:00 UTC
TRIGGER:schedule
