---METADATA---
HTTP_STATUS:200
TIME_TOTAL:3.452492
TIME_CONNECT:0.243594
SIZE_DOWNLOAD:1307
TIMESTAMP:2025-06-19 05:27:02 UTC
TRIGGER:schedule
