---METADATA---
HTTP_STATUS:200
TIME_TOTAL:3.445548
TIME_CONNECT:0.300173
SIZE_DOWNLOAD:1296
TIMESTAMP:2025-06-19 07:48:13 UTC
TRIGGER:schedule
