---METADATA---
HTTP_STATUS:200
TIME_TOTAL:3.342474
TIME_CONNECT:0.280405
SIZE_DOWNLOAD:1292
TIMESTAMP:2025-06-19 23:13:35 UTC
TRIGGER:schedule
