---METADATA---
HTTP_STATUS:200
TIME_TOTAL:3.364944
TIME_CONNECT:0.286319
SIZE_DOWNLOAD:1292
TIMESTAMP:2025-06-19 14:13:24 UTC
TRIGGER:schedule
