---METADATA---
HTTP_STATUS:200
TIME_TOTAL:3.345527
TIME_CONNECT:0.312305
SIZE_DOWNLOAD:1292
TIMESTAMP:2025-06-19 20:41:36 UTC
TRIGGER:schedule
