---METADATA---
HTTP_STATUS:200
TIME_TOTAL:3.557561
TIME_CONNECT:0.236948
SIZE_DOWNLOAD:1292
TIMESTAMP:2025-06-19 15:33:59 UTC
TRIGGER:schedule
