---METADATA---
HTTP_STATUS:200
TIME_TOTAL:3.441704
TIME_CONNECT:0.280978
SIZE_DOWNLOAD:1307
TIMESTAMP:2025-06-19 04:04:05 UTC
TRIGGER:schedule
