---METADATA---
HTTP_STATUS:200
TIME_TOTAL:3.179431
TIME_CONNECT:0.245140
SIZE_DOWNLOAD:1292
TIMESTAMP:2025-06-19 21:57:09 UTC
TRIGGER:schedule
