---METADATA---
HTTP_STATUS:200
TIME_TOTAL:3.348589
TIME_CONNECT:0.282512
SIZE_DOWNLOAD:1307
TIMESTAMP:2025-06-19 07:41:43 UTC
TRIGGER:schedule
