---METADATA---
HTTP_STATUS:200
TIME_TOTAL:3.443426
TIME_CONNECT:0.262807
SIZE_DOWNLOAD:1293
TIMESTAMP:2025-06-19 04:15:21 UTC
TRIGGER:schedule
