---METADATA---
HTTP_STATUS:200
TIME_TOTAL:3.640908
TIME_CONNECT:0.290419
SIZE_DOWNLOAD:1292
TIMESTAMP:2025-06-19 09:41:11 UTC
TRIGGER:schedule
