---METADATA---
HTTP_STATUS:200
TIME_TOTAL:3.605255
TIME_CONNECT:0.245565
SIZE_DOWNLOAD:1292
TIMESTAMP:2025-06-19 17:44:39 UTC
TRIGGER:schedule
