---METADATA---
HTTP_STATUS:200
TIME_TOTAL:3.295296
TIME_CONNECT:0.276753
SIZE_DOWNLOAD:1293
TIMESTAMP:2025-06-19 04:56:49 UTC
TRIGGER:schedule
