---METADATA---
HTTP_STATUS:200
TIME_TOTAL:3.536776
TIME_CONNECT:0.288947
SIZE_DOWNLOAD:1292
TIMESTAMP:2025-06-19 14:35:07 UTC
TRIGGER:schedule
