---METADATA---
HTTP_STATUS:200
TIME_TOTAL:3.362988
TIME_CONNECT:0.254944
SIZE_DOWNLOAD:1305
TIMESTAMP:2025-06-19 02:10:10 UTC
TRIGGER:schedule
