---METADATA---
HTTP_STATUS:200
TIME_TOTAL:3.592678
TIME_CONNECT:0.301602
SIZE_DOWNLOAD:1292
TIMESTAMP:2025-06-19 17:57:03 UTC
TRIGGER:schedule
