---METADATA---
HTTP_STATUS:200
TIME_TOTAL:3.585417
TIME_CONNECT:0.242267
SIZE_DOWNLOAD:1292
TIMESTAMP:2025-06-19 19:41:44 UTC
TRIGGER:schedule
