---METADATA---
HTTP_STATUS:200
TIME_TOTAL:3.554752
TIME_CONNECT:0.270058
SIZE_DOWNLOAD:1292
TIMESTAMP:2025-06-19 15:28:30 UTC
TRIGGER:schedule
