---METADATA---
HTTP_STATUS:200
TIME_TOTAL:3.389336
TIME_CONNECT:0.311924
SIZE_DOWNLOAD:1292
TIMESTAMP:2025-06-19 05:50:36 UTC
TRIGGER:schedule
