---METADATA---
HTTP_STATUS:200
TIME_TOTAL:3.331110
TIME_CONNECT:0.237748
SIZE_DOWNLOAD:1296
TIMESTAMP:2025-06-19 05:14:05 UTC
TRIGGER:schedule
