---METADATA---
HTTP_STATUS:200
TIME_TOTAL:3.265253
TIME_CONNECT:0.239084
SIZE_DOWNLOAD:1292
TIMESTAMP:2025-06-19 22:25:53 UTC
TRIGGER:schedule
