---METADATA---
HTTP_STATUS:200
TIME_TOTAL:3.431726
TIME_CONNECT:0.240917
SIZE_DOWNLOAD:1292
TIMESTAMP:2025-06-19 18:36:24 UTC
TRIGGER:schedule
