---METADATA---
HTTP_STATUS:200
TIME_TOTAL:3.644148
TIME_CONNECT:0.317937
SIZE_DOWNLOAD:1290
TIMESTAMP:2025-06-19 13:34:31 UTC
TRIGGER:schedule
