---METADATA---
HTTP_STATUS:200
TIME_TOTAL:1.015613
TIME_CONNECT:0.236394
SIZE_DOWNLOAD:1292
TIMESTAMP:2025-06-19 10:53:49 UTC
TRIGGER:schedule
