---METADATA---
HTTP_STATUS:200
TIME_TOTAL:3.347375
TIME_CONNECT:0.239002
SIZE_DOWNLOAD:1292
TIMESTAMP:2025-06-19 11:57:03 UTC
TRIGGER:schedule
