---METADATA---
HTTP_STATUS:200
TIME_TOTAL:3.406786
TIME_CONNECT:0.281269
SIZE_DOWNLOAD:1292
TIMESTAMP:2025-06-19 14:45:09 UTC
TRIGGER:schedule
