---METADATA---
HTTP_STATUS:200
TIME_TOTAL:1.052629
TIME_CONNECT:0.236813
SIZE_DOWNLOAD:1292
TIMESTAMP:2025-06-19 09:50:53 UTC
TRIGGER:schedule
