---METADATA---
HTTP_STATUS:200
TIME_TOTAL:3.434281
TIME_CONNECT:0.275327
SIZE_DOWNLOAD:1292
TIMESTAMP:2025-06-19 15:57:21 UTC
TRIGGER:schedule
