---METADATA---
HTTP_STATUS:200
TIME_TOTAL:3.490442
TIME_CONNECT:0.291361
SIZE_DOWNLOAD:1292
TIMESTAMP:2025-06-19 19:35:26 UTC
TRIGGER:schedule
