---METADATA---
HTTP_STATUS:200
TIME_TOTAL:3.165635
TIME_CONNECT:0.270334
SIZE_DOWNLOAD:1292
TIMESTAMP:2025-06-19 10:15:12 UTC
TRIGGER:schedule
