---METADATA---
HTTP_STATUS:200
TIME_TOTAL:3.267060
TIME_CONNECT:0.299691
SIZE_DOWNLOAD:1292
TIMESTAMP:2025-06-19 23:25:41 UTC
TRIGGER:schedule
