---METADATA---
HTTP_STATUS:200
TIME_TOTAL:3.647492
TIME_CONNECT:0.285891
SIZE_DOWNLOAD:1304
TIMESTAMP:2025-06-19 09:15:24 UTC
TRIGGER:schedule
