---METADATA---
HTTP_STATUS:200
TIME_TOTAL:3.395305
TIME_CONNECT:0.240119
SIZE_DOWNLOAD:1292
TIMESTAMP:2025-06-19 18:46:58 UTC
TRIGGER:schedule
