---METADATA---
HTTP_STATUS:200
TIME_TOTAL:3.643426
TIME_CONNECT:0.287326
SIZE_DOWNLOAD:1292
TIMESTAMP:2025-06-19 16:33:38 UTC
TRIGGER:schedule
