---METADATA---
HTTP_STATUS:200
TIME_TOTAL:3.401943
TIME_CONNECT:0.315074
SIZE_DOWNLOAD:1292
TIMESTAMP:2025-06-19 16:46:03 UTC
TRIGGER:schedule
