---METADATA---
HTTP_STATUS:200
TIME_TOTAL:3.347943
TIME_CONNECT:0.246620
SIZE_DOWNLOAD:1292
TIMESTAMP:2025-06-19 21:29:21 UTC
TRIGGER:schedule
