---METADATA---
HTTP_STATUS:200
TIME_TOTAL:3.316297
TIME_CONNECT:0.283789
SIZE_DOWNLOAD:1292
TIMESTAMP:2025-06-19 20:52:45 UTC
TRIGGER:schedule
