---METADATA---
HTTP_STATUS:200
TIME_TOTAL:3.450759
TIME_CONNECT:0.276535
SIZE_DOWNLOAD:1292
TIMESTAMP:2025-06-19 11:08:52 UTC
TRIGGER:schedule
