---METADATA---
HTTP_STATUS:200
TIME_TOTAL:3.347198
TIME_CONNECT:0.288930
SIZE_DOWNLOAD:1292
TIMESTAMP:2025-06-19 12:28:28 UTC
TRIGGER:schedule
