---METADATA---
HTTP_STATUS:200
TIME_TOTAL:3.288048
TIME_CONNECT:0.249060
SIZE_DOWNLOAD:1292
TIMESTAMP:2025-06-19 20:50:26 UTC
TRIGGER:schedule
