---METADATA---
HTTP_STATUS:200
TIME_TOTAL:3.495430
TIME_CONNECT:0.248147
SIZE_DOWNLOAD:1292
TIMESTAMP:2025-06-19 12:55:18 UTC
TRIGGER:schedule
