---METADATA---
HTTP_STATUS:200
TIME_TOTAL:3.205888
TIME_CONNECT:0.275533
SIZE_DOWNLOAD:1292
TIMESTAMP:2025-06-19 17:12:26 UTC
TRIGGER:schedule
