---METADATA---
HTTP_STATUS:200
TIME_TOTAL:3.579824
TIME_CONNECT:0.294700
SIZE_DOWNLOAD:1294
TIMESTAMP:2025-06-19 05:35:15 UTC
TRIGGER:schedule
