---METADATA---
HTTP_STATUS:200
TIME_TOTAL:3.430489
TIME_CONNECT:0.310650
SIZE_DOWNLOAD:1292
TIMESTAMP:2025-06-19 11:28:10 UTC
TRIGGER:schedule
