---METADATA---
HTTP_STATUS:200
TIME_TOTAL:3.680959
TIME_CONNECT:0.237274
SIZE_DOWNLOAD:1292
TIMESTAMP:2025-06-19 09:26:43 UTC
TRIGGER:schedule
