---METADATA---
HTTP_STATUS:200
TIME_TOTAL:3.623709
TIME_CONNECT:0.293101
SIZE_DOWNLOAD:1296
TIMESTAMP:2025-06-19 07:57:05 UTC
TRIGGER:schedule
