---METADATA---
HTTP_STATUS:200
TIME_TOTAL:3.414834
TIME_CONNECT:0.253625
SIZE_DOWNLOAD:1292
TIMESTAMP:2025-06-19 14:22:45 UTC
TRIGGER:schedule
