---METADATA---
HTTP_STATUS:200
TIME_TOTAL:3.655843
TIME_CONNECT:0.280079
SIZE_DOWNLOAD:1307
TIMESTAMP:2025-06-19 06:20:51 UTC
TRIGGER:schedule
