---METADATA---
HTTP_STATUS:200
TIME_TOTAL:3.316035
TIME_CONNECT:0.221824
SIZE_DOWNLOAD:1303
TIMESTAMP:2025-06-19 13:42:27 UTC
TRIGGER:schedule
