---METADATA---
HTTP_STATUS:200
TIME_TOTAL:3.321360
TIME_CONNECT:0.280485
SIZE_DOWNLOAD:1294
TIMESTAMP:2025-06-19 08:19:27 UTC
TRIGGER:schedule
