---METADATA---
HTTP_STATUS:200
TIME_TOTAL:3.475410
TIME_CONNECT:0.289572
SIZE_DOWNLOAD:1307
TIMESTAMP:2025-06-19 06:57:26 UTC
TRIGGER:schedule
