---METADATA---
HTTP_STATUS:200
TIME_TOTAL:3.348839
TIME_CONNECT:0.269649
SIZE_DOWNLOAD:1294
TIMESTAMP:2025-06-19 08:46:43 UTC
TRIGGER:schedule
