---METADATA---
HTTP_STATUS:200
TIME_TOTAL:3.319486
TIME_CONNECT:0.243364
SIZE_DOWNLOAD:1305
TIMESTAMP:2025-06-19 01:09:37 UTC
TRIGGER:schedule
