---METADATA---
HTTP_STATUS:200
TIME_TOTAL:3.616389
TIME_CONNECT:0.279391
SIZE_DOWNLOAD:1292
TIMESTAMP:2025-06-19 21:20:47 UTC
TRIGGER:schedule
