---METADATA---
HTTP_STATUS:200
TIME_TOTAL:3.262739
TIME_CONNECT:0.245501
SIZE_DOWNLOAD:1292
TIMESTAMP:2025-06-19 19:48:12 UTC
TRIGGER:schedule
