---METADATA---
HTTP_STATUS:200
TIME_TOTAL:3.459838
TIME_CONNECT:0.232159
SIZE_DOWNLOAD:1292
TIMESTAMP:2025-06-19 15:14:21 UTC
TRIGGER:schedule
