---METADATA---
HTTP_STATUS:200
TIME_TOTAL:3.190558
TIME_CONNECT:0.210764
SIZE_DOWNLOAD:1292
TIMESTAMP:2025-06-19 22:57:03 UTC
TRIGGER:schedule
