---METADATA---
HTTP_STATUS:200
TIME_TOTAL:3.416379
TIME_CONNECT:0.329343
SIZE_DOWNLOAD:1307
TIMESTAMP:2025-06-19 07:13:57 UTC
TRIGGER:schedule
