---METADATA---
HTTP_STATUS:200
TIME_TOTAL:3.371388
TIME_CONNECT:0.279724
SIZE_DOWNLOAD:1292
TIMESTAMP:2025-06-19 09:56:57 UTC
TRIGGER:schedule
