---METADATA---
HTTP_STATUS:200
TIME_TOTAL:3.544209
TIME_CONNECT:0.284406
SIZE_DOWNLOAD:1292
TIMESTAMP:2025-06-19 14:51:13 UTC
TRIGGER:schedule
