---METADATA---
HTTP_STATUS:200
TIME_TOTAL:3.327396
TIME_CONNECT:0.289605
SIZE_DOWNLOAD:1292
TIMESTAMP:2025-06-19 18:54:10 UTC
TRIGGER:schedule
