---METADATA---
HTTP_STATUS:200
TIME_TOTAL:3.323120
TIME_CONNECT:0.274091
SIZE_DOWNLOAD:1292
TIMESTAMP:2025-06-19 17:50:43 UTC
TRIGGER:schedule
