---METADATA---
HTTP_STATUS:200
TIME_TOTAL:3.307754
TIME_CONNECT:0.243637
SIZE_DOWNLOAD:1292
TIMESTAMP:2025-06-19 11:42:49 UTC
TRIGGER:schedule
