---METADATA---
HTTP_STATUS:200
TIME_TOTAL:3.211603
TIME_CONNECT:0.248124
SIZE_DOWNLOAD:1292
TIMESTAMP:2025-06-19 14:57:12 UTC
TRIGGER:schedule
