---METADATA---
HTTP_STATUS:200
TIME_TOTAL:3.429090
TIME_CONNECT:0.298425
SIZE_DOWNLOAD:1292
TIMESTAMP:2025-06-19 15:45:30 UTC
TRIGGER:schedule
