---METADATA---
HTTP_STATUS:200
TIME_TOTAL:3.615736
TIME_CONNECT:0.237554
SIZE_DOWNLOAD:1292
TIMESTAMP:2025-06-19 03:31:53 UTC
TRIGGER:schedule
