---METADATA---
HTTP_STATUS:200
TIME_TOTAL:3.386061
TIME_CONNECT:0.298148
SIZE_DOWNLOAD:1292
TIMESTAMP:2025-06-19 23:42:22 UTC
TRIGGER:schedule
