---METADATA---
HTTP_STATUS:200
TIME_TOTAL:1.210372
TIME_CONNECT:0.279759
SIZE_DOWNLOAD:1307
TIMESTAMP:2025-06-19 07:31:10 UTC
TRIGGER:schedule
