---METADATA---
HTTP_STATUS:200
TIME_TOTAL:3.348294
TIME_CONNECT:0.269149
SIZE_DOWNLOAD:1294
TIMESTAMP:2025-06-19 13:53:35 UTC
TRIGGER:schedule
