---METADATA---
HTTP_STATUS:200
TIME_TOTAL:3.475009
TIME_CONNECT:0.276017
SIZE_DOWNLOAD:1294
TIMESTAMP:2025-06-19 02:55:11 UTC
TRIGGER:schedule
