---METADATA---
HTTP_STATUS:200
TIME_TOTAL:3.279575
TIME_CONNECT:0.275611
SIZE_DOWNLOAD:1292
TIMESTAMP:2025-06-19 19:10:33 UTC
TRIGGER:schedule
