---METADATA---
HTTP_STATUS:200
TIME_TOTAL:3.543845
TIME_CONNECT:0.295089
SIZE_DOWNLOAD:1292
TIMESTAMP:2025-06-19 20:16:19 UTC
TRIGGER:schedule
