---METADATA---
HTTP_STATUS:200
TIME_TOTAL:3.170626
TIME_CONNECT:0.259451
SIZE_DOWNLOAD:1307
TIMESTAMP:2025-06-19 06:38:56 UTC
TRIGGER:schedule
