---METADATA---
HTTP_STATUS:200
TIME_TOTAL:3.560379
TIME_CONNECT:0.286259
SIZE_DOWNLOAD:1307
TIMESTAMP:2025-06-19 05:46:01 UTC
TRIGGER:schedule
