---METADATA---
HTTP_STATUS:200
TIME_TOTAL:3.379635
TIME_CONNECT:0.243183
SIZE_DOWNLOAD:1292
TIMESTAMP:2025-06-19 17:33:54 UTC
TRIGGER:schedule
