---METADATA---
HTTP_STATUS:200
TIME_TOTAL:3.434041
TIME_CONNECT:0.283535
SIZE_DOWNLOAD:1294
TIMESTAMP:2025-06-19 08:55:36 UTC
TRIGGER:schedule
