---METADATA---
HTTP_STATUS:200
TIME_TOTAL:3.560659
TIME_CONNECT:0.265695
SIZE_DOWNLOAD:1292
TIMESTAMP:2025-06-19 23:48:28 UTC
TRIGGER:schedule
