---METADATA---
HTTP_STATUS:200
TIME_TOTAL:3.304876
TIME_CONNECT:0.275924
SIZE_DOWNLOAD:1292
TIMESTAMP:2025-06-19 22:50:02 UTC
TRIGGER:schedule
