---METADATA---
HTTP_STATUS:200
TIME_TOTAL:3.549317
TIME_CONNECT:0.238949
SIZE_DOWNLOAD:1305
TIMESTAMP:2025-06-19 13:07:43 UTC
TRIGGER:schedule
