---METADATA---
HTTP_STATUS:200
TIME_TOTAL:3.527184
TIME_CONNECT:0.287559
SIZE_DOWNLOAD:1292
TIMESTAMP:2025-06-19 16:54:19 UTC
TRIGGER:schedule
