---METADATA---
HTTP_STATUS:200
TIME_TOTAL:3.461022
TIME_CONNECT:0.295572
SIZE_DOWNLOAD:1292
TIMESTAMP:2025-06-19 09:45:02 UTC
TRIGGER:schedule
