---METADATA---
HTTP_STATUS:200
TIME_TOTAL:1.153285
TIME_CONNECT:0.279069
SIZE_DOWNLOAD:1292
TIMESTAMP:2025-06-19 11:48:15 UTC
TRIGGER:schedule
