---METADATA---
HTTP_STATUS:200
TIME_TOTAL:3.729037
TIME_CONNECT:0.303327
SIZE_DOWNLOAD:1308
TIMESTAMP:2025-08-25 08:36:50 UTC
TRIGGER:schedule
