---METADATA---
HTTP_STATUS:200
TIME_TOTAL:3.479406
TIME_CONNECT:0.296105
SIZE_DOWNLOAD:1308
TIMESTAMP:2025-08-25 18:38:33 UTC
TRIGGER:schedule
