---METADATA---
HTTP_STATUS:200
TIME_TOTAL:3.553296
TIME_CONNECT:0.284414
SIZE_DOWNLOAD:1296
TIMESTAMP:2025-08-25 04:00:21 UTC
TRIGGER:schedule
