---METADATA---
HTTP_STATUS:200
TIME_TOTAL:3.552629
TIME_CONNECT:0.281561
SIZE_DOWNLOAD:1308
TIMESTAMP:2025-08-25 20:15:24 UTC
TRIGGER:schedule
