---METADATA---
HTTP_STATUS:200
TIME_TOTAL:3.294216
TIME_CONNECT:0.270909
SIZE_DOWNLOAD:1308
TIMESTAMP:2025-08-25 22:48:26 UTC
TRIGGER:schedule
