---METADATA---
HTTP_STATUS:200
TIME_TOTAL:3.660257
TIME_CONNECT:0.295207
SIZE_DOWNLOAD:1296
TIMESTAMP:2025-08-25 12:56:52 UTC
TRIGGER:schedule
