---METADATA---
HTTP_STATUS:200
TIME_TOTAL:3.587162
TIME_CONNECT:0.242372
SIZE_DOWNLOAD:1309
TIMESTAMP:2025-08-25 09:16:22 UTC
TRIGGER:schedule
