---METADATA---
HTTP_STATUS:200
TIME_TOTAL:3.372266
TIME_CONNECT:0.252530
SIZE_DOWNLOAD:1308
TIMESTAMP:2025-08-25 22:13:20 UTC
TRIGGER:schedule
