---METADATA---
HTTP_STATUS:200
TIME_TOTAL:1.038503
TIME_CONNECT:0.277136
SIZE_DOWNLOAD:1308
TIMESTAMP:2025-08-25 17:41:25 UTC
TRIGGER:schedule
