---METADATA---
HTTP_STATUS:200
TIME_TOTAL:3.491138
TIME_CONNECT:0.266092
SIZE_DOWNLOAD:1308
TIMESTAMP:2025-08-25 21:40:09 UTC
TRIGGER:schedule
