---METADATA---
HTTP_STATUS:200
TIME_TOTAL:3.531336
TIME_CONNECT:0.271896
SIZE_DOWNLOAD:1308
TIMESTAMP:2025-08-25 23:40:11 UTC
TRIGGER:schedule
