---METADATA---
HTTP_STATUS:200
TIME_TOTAL:3.476536
TIME_CONNECT:0.293344
SIZE_DOWNLOAD:1308
TIMESTAMP:2025-08-25 21:24:11 UTC
TRIGGER:schedule
