---METADATA---
HTTP_STATUS:200
TIME_TOTAL:3.655696
TIME_CONNECT:0.260021
SIZE_DOWNLOAD:1306
TIMESTAMP:2025-08-25 13:35:54 UTC
TRIGGER:schedule
