---METADATA---
HTTP_STATUS:200
TIME_TOTAL:3.444220
TIME_CONNECT:0.240049
SIZE_DOWNLOAD:1296
TIMESTAMP:2025-08-25 02:07:53 UTC
TRIGGER:schedule
