---METADATA---
HTTP_STATUS:200
TIME_TOTAL:3.473499
TIME_CONNECT:0.279202
SIZE_DOWNLOAD:1294
TIMESTAMP:2025-08-25 10:30:22 UTC
TRIGGER:schedule
