---METADATA---
HTTP_STATUS:200
TIME_TOTAL:3.452111
TIME_CONNECT:0.242161
SIZE_DOWNLOAD:1308
TIMESTAMP:2025-08-25 20:29:28 UTC
TRIGGER:schedule
