---METADATA---
HTTP_STATUS:200
TIME_TOTAL:3.336909
TIME_CONNECT:0.283751
SIZE_DOWNLOAD:1308
TIMESTAMP:2025-08-25 22:42:34 UTC
TRIGGER:schedule
