---METADATA---
HTTP_STATUS:200
TIME_TOTAL:3.257593
TIME_CONNECT:0.229417
SIZE_DOWNLOAD:1294
TIMESTAMP:2025-08-25 10:16:03 UTC
TRIGGER:schedule
