---METADATA---
HTTP_STATUS:200
TIME_TOTAL:3.445230
TIME_CONNECT:0.233111
SIZE_DOWNLOAD:1308
TIMESTAMP:2025-08-25 15:50:08 UTC
TRIGGER:schedule
