---METADATA---
HTTP_STATUS:200
TIME_TOTAL:3.601670
TIME_CONNECT:0.299883
SIZE_DOWNLOAD:1294
TIMESTAMP:2025-08-25 06:40:38 UTC
TRIGGER:schedule
