---METADATA---
HTTP_STATUS:200
TIME_TOTAL:3.422585
TIME_CONNECT:0.244605
SIZE_DOWNLOAD:1308
TIMESTAMP:2025-08-25 17:10:37 UTC
TRIGGER:schedule
