---METADATA---
HTTP_STATUS:200
TIME_TOTAL:3.531599
TIME_CONNECT:0.290568
SIZE_DOWNLOAD:1304
TIMESTAMP:2025-08-25 05:50:27 UTC
TRIGGER:schedule
