---METADATA---
HTTP_STATUS:200
TIME_TOTAL:1.167375
TIME_CONNECT:0.302242
SIZE_DOWNLOAD:1298
TIMESTAMP:2025-08-25 09:49:57 UTC
TRIGGER:schedule
