---METADATA---
HTTP_STATUS:200
TIME_TOTAL:3.447690
TIME_CONNECT:0.210248
SIZE_DOWNLOAD:1308
TIMESTAMP:2025-08-25 23:56:51 UTC
TRIGGER:schedule
