---METADATA---
HTTP_STATUS:200
TIME_TOTAL:1.067084
TIME_CONNECT:0.284347
SIZE_DOWNLOAD:1294
TIMESTAMP:2025-08-25 13:41:21 UTC
TRIGGER:schedule
