---METADATA---
HTTP_STATUS:200
TIME_TOTAL:3.483897
TIME_CONNECT:0.262815
SIZE_DOWNLOAD:1307
TIMESTAMP:2025-08-25 10:52:33 UTC
TRIGGER:schedule
