---METADATA---
HTTP_STATUS:200
TIME_TOTAL:3.523636
TIME_CONNECT:0.237948
SIZE_DOWNLOAD:1296
TIMESTAMP:2025-08-25 02:52:14 UTC
TRIGGER:schedule
