---METADATA---
HTTP_STATUS:200
TIME_TOTAL:3.616128
TIME_CONNECT:0.288593
SIZE_DOWNLOAD:1307
TIMESTAMP:2025-08-25 11:12:14 UTC
TRIGGER:schedule
