---METADATA---
HTTP_STATUS:200
TIME_TOTAL:3.488826
TIME_CONNECT:0.266860
SIZE_DOWNLOAD:1308
TIMESTAMP:2025-08-25 23:24:15 UTC
TRIGGER:schedule
