---METADATA---
HTTP_STATUS:200
TIME_TOTAL:3.473223
TIME_CONNECT:0.286578
SIZE_DOWNLOAD:1308
TIMESTAMP:2025-08-25 16:17:26 UTC
TRIGGER:schedule
