---METADATA---
HTTP_STATUS:200
TIME_TOTAL:1.209645
TIME_CONNECT:0.252117
SIZE_DOWNLOAD:1298
TIMESTAMP:2025-08-25 09:45:58 UTC
TRIGGER:schedule
