---METADATA---
HTTP_STATUS:200
TIME_TOTAL:1.104948
TIME_CONNECT:0.261324
SIZE_DOWNLOAD:1307
TIMESTAMP:2025-08-25 11:38:21 UTC
TRIGGER:schedule
