---METADATA---
HTTP_STATUS:200
TIME_TOTAL:3.428604
TIME_CONNECT:0.219921
SIZE_DOWNLOAD:1308
TIMESTAMP:2025-08-25 13:51:34 UTC
TRIGGER:schedule
