---METADATA---
HTTP_STATUS:200
TIME_TOTAL:3.458156
TIME_CONNECT:0.261395
SIZE_DOWNLOAD:1307
TIMESTAMP:2025-08-25 11:27:14 UTC
TRIGGER:schedule
