---METADATA---
HTTP_STATUS:200
TIME_TOTAL:3.348805
TIME_CONNECT:0.227849
SIZE_DOWNLOAD:1308
TIMESTAMP:2025-08-25 17:59:23 UTC
TRIGGER:schedule
