---METADATA---
HTTP_STATUS:200
TIME_TOTAL:3.365211
TIME_CONNECT:0.281572
SIZE_DOWNLOAD:1308
TIMESTAMP:2025-08-25 19:10:49 UTC
TRIGGER:schedule
