---METADATA---
HTTP_STATUS:200
TIME_TOTAL:3.672987
TIME_CONNECT:0.258527
SIZE_DOWNLOAD:1311
TIMESTAMP:2025-08-25 05:41:37 UTC
TRIGGER:schedule
