---METADATA---
HTTP_STATUS:200
TIME_TOTAL:1.169218
TIME_CONNECT:0.298460
SIZE_DOWNLOAD:1296
TIMESTAMP:2025-08-25 04:03:11 UTC
TRIGGER:schedule
