---METADATA---
HTTP_STATUS:200
TIME_TOTAL:3.504212
TIME_CONNECT:0.256376
SIZE_DOWNLOAD:1308
TIMESTAMP:2025-08-25 15:57:10 UTC
TRIGGER:schedule
