---METADATA---
HTTP_STATUS:200
TIME_TOTAL:3.515999
TIME_CONNECT:0.271341
SIZE_DOWNLOAD:1308
TIMESTAMP:2025-08-25 14:14:04 UTC
TRIGGER:schedule
