---METADATA---
HTTP_STATUS:200
TIME_TOTAL:3.327732
TIME_CONNECT:0.236362
SIZE_DOWNLOAD:1308
TIMESTAMP:2025-08-25 19:18:41 UTC
TRIGGER:schedule
