---METADATA---
HTTP_STATUS:200
TIME_TOTAL:3.362241
TIME_CONNECT:0.235106
SIZE_DOWNLOAD:1308
TIMESTAMP:2025-08-25 23:29:15 UTC
TRIGGER:schedule
