---METADATA---
HTTP_STATUS:200
TIME_TOTAL:3.202426
TIME_CONNECT:0.279975
SIZE_DOWNLOAD:1308
TIMESTAMP:2025-08-25 15:34:04 UTC
TRIGGER:schedule
