---METADATA---
HTTP_STATUS:200
TIME_TOTAL:3.613999
TIME_CONNECT:0.263756
SIZE_DOWNLOAD:1308
TIMESTAMP:2025-08-25 18:20:35 UTC
TRIGGER:schedule
