---METADATA---
HTTP_STATUS:200
TIME_TOTAL:3.311810
TIME_CONNECT:0.237766
SIZE_DOWNLOAD:1308
TIMESTAMP:2025-08-25 16:45:39 UTC
TRIGGER:schedule
