---METADATA---
HTTP_STATUS:200
TIME_TOTAL:3.510009
TIME_CONNECT:0.209258
SIZE_DOWNLOAD:1296
TIMESTAMP:2025-08-25 03:43:35 UTC
TRIGGER:schedule
