---METADATA---
HTTP_STATUS:200
TIME_TOTAL:3.470805
TIME_CONNECT:0.265949
SIZE_DOWNLOAD:1308
TIMESTAMP:2025-08-25 19:58:57 UTC
TRIGGER:schedule
