---METADATA---
HTTP_STATUS:200
TIME_TOTAL:3.519236
TIME_CONNECT:0.246460
SIZE_DOWNLOAD:1311
TIMESTAMP:2025-08-25 05:15:07 UTC
TRIGGER:schedule
