---METADATA---
HTTP_STATUS:200
TIME_TOTAL:3.519086
TIME_CONNECT:0.287440
SIZE_DOWNLOAD:1308
TIMESTAMP:2025-08-25 14:57:00 UTC
TRIGGER:schedule
