---METADATA---
HTTP_STATUS:200
TIME_TOTAL:3.358938
TIME_CONNECT:0.251967
SIZE_DOWNLOAD:1308
TIMESTAMP:2025-08-25 23:48:42 UTC
TRIGGER:schedule
