---METADATA---
HTTP_STATUS:200
TIME_TOTAL:3.506881
TIME_CONNECT:0.243989
SIZE_DOWNLOAD:1308
TIMESTAMP:2025-08-25 17:47:44 UTC
TRIGGER:schedule
