---METADATA---
HTTP_STATUS:200
TIME_TOTAL:3.494859
TIME_CONNECT:0.251075
SIZE_DOWNLOAD:1308
TIMESTAMP:2025-08-25 15:28:16 UTC
TRIGGER:schedule
