---METADATA---
HTTP_STATUS:200
TIME_TOTAL:3.504180
TIME_CONNECT:0.276612
SIZE_DOWNLOAD:1295
TIMESTAMP:2025-08-25 04:39:10 UTC
TRIGGER:schedule
