---METADATA---
HTTP_STATUS:200
TIME_TOTAL:3.502844
TIME_CONNECT:0.258087
SIZE_DOWNLOAD:1296
TIMESTAMP:2025-08-25 07:42:30 UTC
TRIGGER:schedule
