---METADATA---
HTTP_STATUS:200
TIME_TOTAL:3.460740
TIME_CONNECT:0.244638
SIZE_DOWNLOAD:1296
TIMESTAMP:2025-08-25 07:27:32 UTC
TRIGGER:schedule
