---METADATA---
HTTP_STATUS:200
TIME_TOTAL:3.619388
TIME_CONNECT:0.302168
SIZE_DOWNLOAD:1307
TIMESTAMP:2025-08-25 11:19:14 UTC
TRIGGER:schedule
