---METADATA---
HTTP_STATUS:200
TIME_TOTAL:3.365485
TIME_CONNECT:0.277565
SIZE_DOWNLOAD:1308
TIMESTAMP:2025-08-25 14:36:20 UTC
TRIGGER:schedule
