---METADATA---
HTTP_STATUS:200
TIME_TOTAL:3.402400
TIME_CONNECT:0.240312
SIZE_DOWNLOAD:1308
TIMESTAMP:2025-08-25 20:57:28 UTC
TRIGGER:schedule
