---METADATA---
HTTP_STATUS:200
TIME_TOTAL:1.018409
TIME_CONNECT:0.244116
SIZE_DOWNLOAD:1295
TIMESTAMP:2025-08-25 04:54:50 UTC
TRIGGER:schedule
