---METADATA---
HTTP_STATUS:200
TIME_TOTAL:3.511714
TIME_CONNECT:0.256817
SIZE_DOWNLOAD:1307
TIMESTAMP:2025-08-25 11:33:36 UTC
TRIGGER:schedule
