---METADATA---
HTTP_STATUS:200
TIME_TOTAL:3.326442
TIME_CONNECT:0.232886
SIZE_DOWNLOAD:1308
TIMESTAMP:2025-08-25 20:39:25 UTC
TRIGGER:schedule
