---METADATA---
HTTP_STATUS:200
TIME_TOTAL:3.540872
TIME_CONNECT:0.279509
SIZE_DOWNLOAD:1296
TIMESTAMP:2025-08-25 08:47:42 UTC
TRIGGER:schedule
