---METADATA---
HTTP_STATUS:200
TIME_TOTAL:3.611257
TIME_CONNECT:0.245029
SIZE_DOWNLOAD:1294
TIMESTAMP:2025-08-25 08:56:24 UTC
TRIGGER:schedule
