---METADATA---
HTTP_STATUS:200
TIME_TOTAL:3.570298
TIME_CONNECT:0.282937
SIZE_DOWNLOAD:1308
TIMESTAMP:2025-08-25 13:52:37 UTC
TRIGGER:schedule
