---METADATA---
HTTP_STATUS:200
TIME_TOTAL:0.977369
TIME_CONNECT:0.234342
SIZE_DOWNLOAD:1308
TIMESTAMP:2025-08-25 23:40:46 UTC
TRIGGER:schedule
