---METADATA---
HTTP_STATUS:200
TIME_TOTAL:3.465672
TIME_CONNECT:0.283260
SIZE_DOWNLOAD:1308
TIMESTAMP:2025-08-25 14:45:13 UTC
TRIGGER:schedule
