---METADATA---
HTTP_STATUS:200
TIME_TOTAL:3.450045
TIME_CONNECT:0.247884
SIZE_DOWNLOAD:1296
TIMESTAMP:2025-08-25 06:22:36 UTC
TRIGGER:schedule
