---METADATA---
HTTP_STATUS:200
TIME_TOTAL:3.436550
TIME_CONNECT:0.252063
SIZE_DOWNLOAD:1307
TIMESTAMP:2025-08-25 10:50:48 UTC
TRIGGER:schedule
