---METADATA---
HTTP_STATUS:200
TIME_TOTAL:3.493873
TIME_CONNECT:0.279679
SIZE_DOWNLOAD:1298
TIMESTAMP:2025-08-25 05:56:57 UTC
TRIGGER:schedule
