---METADATA---
HTTP_STATUS:200
TIME_TOTAL:3.367212
TIME_CONNECT:0.275159
SIZE_DOWNLOAD:1308
TIMESTAMP:2025-08-25 19:24:58 UTC
TRIGGER:schedule
