---METADATA---
HTTP_STATUS:200
TIME_TOTAL:3.529596
TIME_CONNECT:0.279911
SIZE_DOWNLOAD:1307
TIMESTAMP:2025-08-25 07:14:43 UTC
TRIGGER:schedule
