---METADATA---
HTTP_STATUS:200
TIME_TOTAL:1.124101
TIME_CONNECT:0.316143
SIZE_DOWNLOAD:1308
TIMESTAMP:2025-08-25 19:35:22 UTC
TRIGGER:schedule
