---METADATA---
HTTP_STATUS:200
TIME_TOTAL:3.514075
TIME_CONNECT:0.239713
SIZE_DOWNLOAD:1308
TIMESTAMP:2025-08-25 16:53:58 UTC
TRIGGER:schedule
