---METADATA---
HTTP_STATUS:200
TIME_TOTAL:3.667757
TIME_CONNECT:0.304802
SIZE_DOWNLOAD:1308
TIMESTAMP:2025-08-25 15:14:37 UTC
TRIGGER:schedule
