---METADATA---
HTTP_STATUS:200
TIME_TOTAL:3.654331
TIME_CONNECT:0.406615
SIZE_DOWNLOAD:1308
TIMESTAMP:2025-08-25 17:29:11 UTC
TRIGGER:schedule
