---METADATA---
HTTP_STATUS:200
TIME_TOTAL:3.453187
TIME_CONNECT:0.227801
SIZE_DOWNLOAD:1308
TIMESTAMP:2025-08-25 19:30:38 UTC
TRIGGER:schedule
