---METADATA---
HTTP_STATUS:200
TIME_TOTAL:3.323567
TIME_CONNECT:0.241187
SIZE_DOWNLOAD:1308
TIMESTAMP:2025-08-25 21:56:49 UTC
TRIGGER:schedule
