---METADATA---
HTTP_STATUS:200
TIME_TOTAL:3.385382
TIME_CONNECT:0.240268
SIZE_DOWNLOAD:1298
TIMESTAMP:2025-08-25 09:28:58 UTC
TRIGGER:schedule
