---METADATA---
HTTP_STATUS:200
TIME_TOTAL:3.355803
TIME_CONNECT:0.246923
SIZE_DOWNLOAD:1308
TIMESTAMP:2025-08-25 17:35:49 UTC
TRIGGER:schedule
