---METADATA---
HTTP_STATUS:200
TIME_TOTAL:3.576076
TIME_CONNECT:0.251488
SIZE_DOWNLOAD:1307
TIMESTAMP:2025-08-25 11:58:53 UTC
TRIGGER:schedule
