---METADATA---
HTTP_STATUS:200
TIME_TOTAL:3.457258
TIME_CONNECT:0.280938
SIZE_DOWNLOAD:1296
TIMESTAMP:2025-08-25 03:29:20 UTC
TRIGGER:schedule
