---METADATA---
HTTP_STATUS:200
TIME_TOTAL:3.627915
TIME_CONNECT:0.250446
SIZE_DOWNLOAD:1294
TIMESTAMP:2025-08-25 05:44:18 UTC
TRIGGER:schedule
