---METADATA---
HTTP_STATUS:200
TIME_TOTAL:1.041012
TIME_CONNECT:0.228220
SIZE_DOWNLOAD:1296
TIMESTAMP:2025-08-25 07:31:43 UTC
TRIGGER:schedule
