---METADATA---
HTTP_STATUS:200
TIME_TOTAL:3.384325
TIME_CONNECT:0.280468
SIZE_DOWNLOAD:1308
TIMESTAMP:2025-08-25 19:48:17 UTC
TRIGGER:schedule
