---METADATA---
HTTP_STATUS:200
TIME_TOTAL:3.650513
TIME_CONNECT:0.317898
SIZE_DOWNLOAD:1296
TIMESTAMP:2025-08-25 10:43:00 UTC
TRIGGER:schedule
