---METADATA---
HTTP_STATUS:200
TIME_TOTAL:3.407026
TIME_CONNECT:0.234256
SIZE_DOWNLOAD:1308
TIMESTAMP:2025-08-25 21:28:50 UTC
TRIGGER:schedule
