---METADATA---
HTTP_STATUS:200
TIME_TOTAL:3.520830
TIME_CONNECT:0.293677
SIZE_DOWNLOAD:1308
TIMESTAMP:2025-08-25 18:47:56 UTC
TRIGGER:schedule
