---METADATA---
HTTP_STATUS:200
TIME_TOTAL:3.312583
TIME_CONNECT:0.225621
SIZE_DOWNLOAD:1298
TIMESTAMP:2025-08-25 09:40:38 UTC
TRIGGER:schedule
