---METADATA---
HTTP_STATUS:200
TIME_TOTAL:3.443441
TIME_CONNECT:0.232897
SIZE_DOWNLOAD:1296
TIMESTAMP:2025-08-25 05:24:16 UTC
TRIGGER:schedule
