---METADATA---
HTTP_STATUS:200
TIME_TOTAL:3.476476
TIME_CONNECT:0.284423
SIZE_DOWNLOAD:1296
TIMESTAMP:2025-08-25 06:59:34 UTC
TRIGGER:schedule
