---METADATA---
HTTP_STATUS:200
TIME_TOTAL:3.528462
TIME_CONNECT:0.281150
SIZE_DOWNLOAD:1308
TIMESTAMP:2025-08-25 14:51:19 UTC
TRIGGER:schedule
