---METADATA---
HTTP_STATUS:200
TIME_TOTAL:3.342524
TIME_CONNECT:0.274291
SIZE_DOWNLOAD:1308
TIMESTAMP:2025-08-25 17:18:26 UTC
TRIGGER:schedule
