---METADATA---
HTTP_STATUS:200
TIME_TOTAL:3.566614
TIME_CONNECT:0.251762
SIZE_DOWNLOAD:1295
TIMESTAMP:2025-08-25 04:53:57 UTC
TRIGGER:schedule
