---METADATA---
HTTP_STATUS:200
TIME_TOTAL:3.417364
TIME_CONNECT:0.209794
SIZE_DOWNLOAD:1308
TIMESTAMP:2025-08-25 14:23:31 UTC
TRIGGER:schedule
