---METADATA---
HTTP_STATUS:200
TIME_TOTAL:3.302338
TIME_CONNECT:0.278752
SIZE_DOWNLOAD:1308
TIMESTAMP:2025-08-25 23:12:44 UTC
TRIGGER:schedule
