---METADATA---
HTTP_STATUS:200
TIME_TOTAL:3.432811
TIME_CONNECT:0.256146
SIZE_DOWNLOAD:1307
TIMESTAMP:2025-08-25 12:28:35 UTC
TRIGGER:schedule
