---METADATA---
HTTP_STATUS:200
TIME_TOTAL:3.489681
TIME_CONNECT:0.295302
SIZE_DOWNLOAD:1296
TIMESTAMP:2025-08-25 07:57:03 UTC
TRIGGER:schedule
