---METADATA---
HTTP_STATUS:200
TIME_TOTAL:3.395396
TIME_CONNECT:0.240541
SIZE_DOWNLOAD:1308
TIMESTAMP:2025-08-25 22:32:52 UTC
TRIGGER:schedule
