---METADATA---
HTTP_STATUS:200
TIME_TOTAL:3.544521
TIME_CONNECT:0.290137
SIZE_DOWNLOAD:1309
TIMESTAMP:2025-08-25 08:20:31 UTC
TRIGGER:schedule
