---METADATA---
HTTP_STATUS:200
TIME_TOTAL:3.507807
TIME_CONNECT:0.253840
SIZE_DOWNLOAD:1308
TIMESTAMP:2025-08-25 18:55:35 UTC
TRIGGER:schedule
