---METADATA---
HTTP_STATUS:200
TIME_TOTAL:3.457669
TIME_CONNECT:0.283602
SIZE_DOWNLOAD:1295
TIMESTAMP:2025-08-25 04:40:15 UTC
TRIGGER:schedule
