---METADATA---
HTTP_STATUS:200
TIME_TOTAL:3.498661
TIME_CONNECT:0.239449
SIZE_DOWNLOAD:1308
TIMESTAMP:2025-08-25 16:33:24 UTC
TRIGGER:schedule
