---METADATA---
HTTP_STATUS:200
TIME_TOTAL:3.637873
TIME_CONNECT:0.295462
SIZE_DOWNLOAD:1307
TIMESTAMP:2025-08-25 11:47:05 UTC
TRIGGER:schedule
