---METADATA---
HTTP_STATUS:200
TIME_TOTAL:3.350084
TIME_CONNECT:0.243806
SIZE_DOWNLOAD:1308
TIMESTAMP:2025-08-25 17:49:21 UTC
TRIGGER:schedule
