---METADATA---
HTTP_STATUS:200
TIME_TOTAL:3.526798
TIME_CONNECT:0.281998
SIZE_DOWNLOAD:1294
TIMESTAMP:2025-08-25 01:08:25 UTC
TRIGGER:schedule
