---METADATA---
HTTP_STATUS:200
TIME_TOTAL:3.410168
TIME_CONNECT:0.249036
SIZE_DOWNLOAD:1308
TIMESTAMP:2025-08-25 22:56:59 UTC
TRIGGER:schedule
