---METADATA---
HTTP_STATUS:200
TIME_TOTAL:3.533843
TIME_CONNECT:0.272543
SIZE_DOWNLOAD:1298
TIMESTAMP:2025-08-25 06:50:45 UTC
TRIGGER:schedule
