---METADATA---
HTTP_STATUS:200
TIME_TOTAL:3.303869
TIME_CONNECT:0.253670
SIZE_DOWNLOAD:1308
TIMESTAMP:2025-08-25 19:46:57 UTC
TRIGGER:schedule
