---METADATA---
HTTP_STATUS:200
TIME_TOTAL:3.292974
TIME_CONNECT:0.223767
SIZE_DOWNLOAD:1308
TIMESTAMP:2025-08-25 21:48:01 UTC
TRIGGER:schedule
