---METADATA---
HTTP_STATUS:200
TIME_TOTAL:3.508935
TIME_CONNECT:0.219907
SIZE_DOWNLOAD:1308
TIMESTAMP:2025-08-25 15:45:01 UTC
TRIGGER:schedule
