---METADATA---
HTTP_STATUS:200
TIME_TOTAL:1.026522
TIME_CONNECT:0.242341
SIZE_DOWNLOAD:1308
TIMESTAMP:2025-08-25 20:49:30 UTC
TRIGGER:schedule
