---METADATA---
HTTP_STATUS:200
TIME_TOTAL:3.481033
TIME_CONNECT:0.244584
SIZE_DOWNLOAD:1308
TIMESTAMP:2025-08-25 20:45:34 UTC
TRIGGER:schedule
