---METADATA---
HTTP_STATUS:200
TIME_TOTAL:3.477275
TIME_CONNECT:0.302983
SIZE_DOWNLOAD:1308
TIMESTAMP:2025-08-25 21:12:40 UTC
TRIGGER:schedule
