---METADATA---
HTTP_STATUS:200
TIME_TOTAL:3.587087
TIME_CONNECT:0.283122
SIZE_DOWNLOAD:1309
TIMESTAMP:2025-08-25 13:07:37 UTC
TRIGGER:schedule
