---METADATA---
HTTP_STATUS:200
TIME_TOTAL:3.462447
TIME_CONNECT:0.272639
SIZE_DOWNLOAD:1296
TIMESTAMP:2025-08-25 07:48:19 UTC
TRIGGER:schedule
