---METADATA---
HTTP_STATUS:200
TIME_TOTAL:3.647601
TIME_CONNECT:0.280575
SIZE_DOWNLOAD:1307
TIMESTAMP:2025-08-25 09:57:44 UTC
TRIGGER:schedule
