---METADATA---
HTTP_STATUS:200
TIME_TOTAL:3.516711
TIME_CONNECT:0.289840
SIZE_DOWNLOAD:1308
TIMESTAMP:2025-08-25 22:25:23 UTC
TRIGGER:schedule
