---METADATA---
HTTP_STATUS:200
TIME_TOTAL:1.067259
TIME_CONNECT:0.274296
SIZE_DOWNLOAD:1307
TIMESTAMP:2025-08-25 11:48:11 UTC
TRIGGER:schedule
