---METADATA---
HTTP_STATUS:200
TIME_TOTAL:3.227878
TIME_CONNECT:0.276700
SIZE_DOWNLOAD:1294
TIMESTAMP:2025-07-05 21:49:02 UTC
TRIGGER:schedule
