---METADATA---
HTTP_STATUS:200
TIME_TOTAL:3.417116
TIME_CONNECT:0.286142
SIZE_DOWNLOAD:1294
TIMESTAMP:2025-07-05 19:39:24 UTC
TRIGGER:schedule
