---METADATA---
HTTP_STATUS:200
TIME_TOTAL:3.175806
TIME_CONNECT:0.224623
SIZE_DOWNLOAD:1294
TIMESTAMP:2025-07-05 21:13:11 UTC
TRIGGER:schedule
