---METADATA---
HTTP_STATUS:200
TIME_TOTAL:3.529485
TIME_CONNECT:0.242757
SIZE_DOWNLOAD:1295
TIMESTAMP:2025-07-05 08:17:16 UTC
TRIGGER:schedule
