---METADATA---
HTTP_STATUS:200
TIME_TOTAL:3.447095
TIME_CONNECT:0.278264
SIZE_DOWNLOAD:1294
TIMESTAMP:2025-07-05 14:13:12 UTC
TRIGGER:schedule
