---METADATA---
HTTP_STATUS:200
TIME_TOTAL:3.372887
TIME_CONNECT:0.271834
SIZE_DOWNLOAD:1132
TIMESTAMP:2025-07-05 10:52:10 UTC
TRIGGER:schedule
