---METADATA---
HTTP_STATUS:200
TIME_TOTAL:1.156797
TIME_CONNECT:0.274967
SIZE_DOWNLOAD:1294
TIMESTAMP:2025-07-05 19:24:37 UTC
TRIGGER:schedule
