---METADATA---
HTTP_STATUS:200
TIME_TOTAL:3.597352
TIME_CONNECT:0.275961
SIZE_DOWNLOAD:1294
TIMESTAMP:2025-07-05 14:25:37 UTC
TRIGGER:schedule
