---METADATA---
HTTP_STATUS:200
TIME_TOTAL:3.448246
TIME_CONNECT:0.269421
SIZE_DOWNLOAD:1309
TIMESTAMP:2025-07-05 05:34:06 UTC
TRIGGER:schedule
