---METADATA---
HTTP_STATUS:200
TIME_TOTAL:3.431447
TIME_CONNECT:0.284061
SIZE_DOWNLOAD:1294
TIMESTAMP:2025-07-05 23:43:25 UTC
TRIGGER:schedule
