---METADATA---
HTTP_STATUS:200
TIME_TOTAL:3.632353
TIME_CONNECT:0.279099
SIZE_DOWNLOAD:1294
TIMESTAMP:2025-07-05 19:35:50 UTC
TRIGGER:schedule
