---METADATA---
HTTP_STATUS:200
TIME_TOTAL:3.926424
TIME_CONNECT:0.292070
SIZE_DOWNLOAD:1132
TIMESTAMP:2025-07-05 10:58:54 UTC
TRIGGER:schedule
