---METADATA---
HTTP_STATUS:200
TIME_TOTAL:3.260252
TIME_CONNECT:0.287514
SIZE_DOWNLOAD:1294
TIMESTAMP:2025-07-05 16:30:46 UTC
TRIGGER:schedule
