---METADATA---
HTTP_STATUS:200
TIME_TOTAL:3.459272
TIME_CONNECT:0.240323
SIZE_DOWNLOAD:1294
TIMESTAMP:2025-07-05 17:18:42 UTC
TRIGGER:schedule
