---METADATA---
HTTP_STATUS:200
TIME_TOTAL:3.471322
TIME_CONNECT:0.310091
SIZE_DOWNLOAD:1132
TIMESTAMP:2025-07-05 10:28:41 UTC
TRIGGER:schedule
