---METADATA---
HTTP_STATUS:200
TIME_TOTAL:3.619434
TIME_CONNECT:0.294888
SIZE_DOWNLOAD:1294
TIMESTAMP:2025-07-05 17:30:41 UTC
TRIGGER:schedule
