---METADATA---
HTTP_STATUS:200
TIME_TOTAL:3.216762
TIME_CONNECT:0.238640
SIZE_DOWNLOAD:1307
TIMESTAMP:2025-07-05 13:36:04 UTC
TRIGGER:schedule
