---METADATA---
HTTP_STATUS:200
TIME_TOTAL:3.384862
TIME_CONNECT:0.278300
SIZE_DOWNLOAD:1132
TIMESTAMP:2025-07-05 11:10:55 UTC
TRIGGER:schedule
