---METADATA---
HTTP_STATUS:200
TIME_TOTAL:3.308584
TIME_CONNECT:0.245334
SIZE_DOWNLOAD:1132
TIMESTAMP:2025-07-05 11:21:39 UTC
TRIGGER:schedule
