---METADATA---
HTTP_STATUS:200
TIME_TOTAL:3.468593
TIME_CONNECT:0.397590
SIZE_DOWNLOAD:1294
TIMESTAMP:2025-07-05 14:33:40 UTC
TRIGGER:schedule
