---METADATA---
HTTP_STATUS:200
TIME_TOTAL:3.486751
TIME_CONNECT:0.310128
SIZE_DOWNLOAD:1294
TIMESTAMP:2025-07-05 19:48:11 UTC
TRIGGER:schedule
