---METADATA---
HTTP_STATUS:200
TIME_TOTAL:3.322969
TIME_CONNECT:0.246133
SIZE_DOWNLOAD:1296
TIMESTAMP:2025-07-05 08:43:47 UTC
TRIGGER:schedule
