---METADATA---
HTTP_STATUS:200
TIME_TOTAL:3.345949
TIME_CONNECT:0.283665
SIZE_DOWNLOAD:1307
TIMESTAMP:2025-07-05 05:56:57 UTC
TRIGGER:schedule
