---METADATA---
HTTP_STATUS:200
TIME_TOTAL:3.438547
TIME_CONNECT:0.282325
SIZE_DOWNLOAD:1294
TIMESTAMP:2025-07-05 13:16:56 UTC
TRIGGER:schedule
