---METADATA---
HTTP_STATUS:200
TIME_TOTAL:3.591722
TIME_CONNECT:0.294915
SIZE_DOWNLOAD:1294
TIMESTAMP:2025-07-05 16:15:46 UTC
TRIGGER:schedule
