---METADATA---
HTTP_STATUS:200
TIME_TOTAL:3.369159
TIME_CONNECT:0.296920
SIZE_DOWNLOAD:1294
TIMESTAMP:2025-07-05 07:48:01 UTC
TRIGGER:schedule
