---METADATA---
HTTP_STATUS:200
TIME_TOTAL:3.549484
TIME_CONNECT:0.338094
SIZE_DOWNLOAD:1132
TIMESTAMP:2025-07-05 11:48:08 UTC
TRIGGER:schedule
