---METADATA---
HTTP_STATUS:200
TIME_TOTAL:1.183281
TIME_CONNECT:0.314148
SIZE_DOWNLOAD:1296
TIMESTAMP:2025-07-05 04:54:24 UTC
TRIGGER:schedule
