---METADATA---
HTTP_STATUS:200
TIME_TOTAL:3.425840
TIME_CONNECT:0.245967
SIZE_DOWNLOAD:1294
TIMESTAMP:2025-07-05 18:10:34 UTC
TRIGGER:schedule
