---METADATA---
HTTP_STATUS:200
TIME_TOTAL:3.456974
TIME_CONNECT:0.269324
SIZE_DOWNLOAD:1305
TIMESTAMP:2025-07-05 06:19:13 UTC
TRIGGER:schedule
