---METADATA---
HTTP_STATUS:200
TIME_TOTAL:3.346984
TIME_CONNECT:0.303678
SIZE_DOWNLOAD:1294
TIMESTAMP:2025-07-05 20:57:13 UTC
TRIGGER:schedule
