---METADATA---
HTTP_STATUS:200
TIME_TOTAL:3.612118
TIME_CONNECT:0.273590
SIZE_DOWNLOAD:1309
TIMESTAMP:2025-07-05 04:40:39 UTC
TRIGGER:schedule
