---METADATA---
HTTP_STATUS:200
TIME_TOTAL:3.334217
TIME_CONNECT:0.288437
SIZE_DOWNLOAD:1296
TIMESTAMP:2025-07-05 04:53:38 UTC
TRIGGER:schedule
