---METADATA---
HTTP_STATUS:200
TIME_TOTAL:3.287838
TIME_CONNECT:0.265608
SIZE_DOWNLOAD:1307
TIMESTAMP:2025-07-05 09:09:40 UTC
TRIGGER:schedule
