---METADATA---
HTTP_STATUS:200
TIME_TOTAL:3.612575
TIME_CONNECT:0.275137
SIZE_DOWNLOAD:1294
TIMESTAMP:2025-07-05 05:22:23 UTC
TRIGGER:schedule
