---METADATA---
HTTP_STATUS:200
TIME_TOTAL:0.967515
TIME_CONNECT:0.263089
SIZE_DOWNLOAD:1294
TIMESTAMP:2025-07-05 17:48:50 UTC
TRIGGER:schedule
