---METADATA---
HTTP_STATUS:200
TIME_TOTAL:3.614101
TIME_CONNECT:0.281566
SIZE_DOWNLOAD:1294
TIMESTAMP:2025-07-05 20:14:05 UTC
TRIGGER:schedule
