---METADATA---
HTTP_STATUS:200
TIME_TOTAL:3.370613
TIME_CONNECT:0.274798
SIZE_DOWNLOAD:1294
TIMESTAMP:2025-07-05 14:43:52 UTC
TRIGGER:schedule
