---METADATA---
HTTP_STATUS:200
TIME_TOTAL:3.258577
TIME_CONNECT:0.274870
SIZE_DOWNLOAD:1309
TIMESTAMP:2025-07-05 04:31:50 UTC
TRIGGER:schedule
