---METADATA---
HTTP_STATUS:200
TIME_TOTAL:3.159707
TIME_CONNECT:0.233964
SIZE_DOWNLOAD:1294
TIMESTAMP:2025-07-05 20:23:27 UTC
TRIGGER:schedule
