---METADATA---
HTTP_STATUS:200
TIME_TOTAL:3.197907
TIME_CONNECT:0.280497
SIZE_DOWNLOAD:1309
TIMESTAMP:2025-07-05 02:06:26 UTC
TRIGGER:schedule
