---METADATA---
HTTP_STATUS:200
TIME_TOTAL:3.235122
TIME_CONNECT:0.285070
SIZE_DOWNLOAD:1309
TIMESTAMP:2025-07-05 01:07:00 UTC
TRIGGER:schedule
