---METADATA---
HTTP_STATUS:200
TIME_TOTAL:3.302484
TIME_CONNECT:0.282981
SIZE_DOWNLOAD:1294
TIMESTAMP:2025-07-05 16:54:24 UTC
TRIGGER:schedule
