---METADATA---
HTTP_STATUS:200
TIME_TOTAL:3.392290
TIME_CONNECT:0.304637
SIZE_DOWNLOAD:1296
TIMESTAMP:2025-07-05 08:49:22 UTC
TRIGGER:schedule
