---METADATA---
HTTP_STATUS:200
TIME_TOTAL:3.522965
TIME_CONNECT:0.279042
SIZE_DOWNLOAD:1294
TIMESTAMP:2025-07-05 23:25:48 UTC
TRIGGER:schedule
