---METADATA---
HTTP_STATUS:200
TIME_TOTAL:3.230433
TIME_CONNECT:0.235717
SIZE_DOWNLOAD:1132
TIMESTAMP:2025-07-05 12:25:27 UTC
TRIGGER:schedule
