---METADATA---
HTTP_STATUS:200
TIME_TOTAL:1.096182
TIME_CONNECT:0.301020
SIZE_DOWNLOAD:1294
TIMESTAMP:2025-07-05 07:39:55 UTC
TRIGGER:schedule
