---METADATA---
HTTP_STATUS:200
TIME_TOTAL:3.335837
TIME_CONNECT:0.325409
SIZE_DOWNLOAD:1294
TIMESTAMP:2025-07-05 18:53:49 UTC
TRIGGER:schedule
