---METADATA---
HTTP_STATUS:200
TIME_TOTAL:3.220825
TIME_CONNECT:0.237479
SIZE_DOWNLOAD:1309
TIMESTAMP:2025-07-05 02:50:18 UTC
TRIGGER:schedule
