---METADATA---
HTTP_STATUS:200
TIME_TOTAL:3.699266
TIME_CONNECT:0.313339
SIZE_DOWNLOAD:1294
TIMESTAMP:2025-07-05 07:39:28 UTC
TRIGGER:schedule
