---METADATA---
HTTP_STATUS:200
TIME_TOTAL:3.543188
TIME_CONNECT:0.307922
SIZE_DOWNLOAD:1294
TIMESTAMP:2025-07-05 20:48:59 UTC
TRIGGER:schedule
