---METADATA---
HTTP_STATUS:200
TIME_TOTAL:3.579573
TIME_CONNECT:0.320824
SIZE_DOWNLOAD:1296
TIMESTAMP:2025-07-05 07:12:51 UTC
TRIGGER:schedule
