---METADATA---
HTTP_STATUS:200
TIME_TOTAL:3.354834
TIME_CONNECT:0.273923
SIZE_DOWNLOAD:1294
TIMESTAMP:2025-07-05 21:40:33 UTC
TRIGGER:schedule
