---METADATA---
HTTP_STATUS:200
TIME_TOTAL:0.983366
TIME_CONNECT:0.244025
SIZE_DOWNLOAD:1294
TIMESTAMP:2025-07-05 21:40:50 UTC
TRIGGER:schedule
