---METADATA---
HTTP_STATUS:200
TIME_TOTAL:3.615486
TIME_CONNECT:0.273049
SIZE_DOWNLOAD:1294
TIMESTAMP:2025-07-05 20:32:05 UTC
TRIGGER:schedule
