---METADATA---
HTTP_STATUS:200
TIME_TOTAL:3.495346
TIME_CONNECT:0.300025
SIZE_DOWNLOAD:1294
TIMESTAMP:2025-07-05 14:57:08 UTC
TRIGGER:schedule
