---METADATA---
HTTP_STATUS:200
TIME_TOTAL:1.032934
TIME_CONNECT:0.331855
SIZE_DOWNLOAD:1132
TIMESTAMP:2025-07-05 09:13:31 UTC
TRIGGER:schedule
