---METADATA---
HTTP_STATUS:200
TIME_TOTAL:3.493861
TIME_CONNECT:0.303594
SIZE_DOWNLOAD:1294
TIMESTAMP:2025-07-05 18:44:13 UTC
TRIGGER:schedule
