---METADATA---
HTTP_STATUS:200
TIME_TOTAL:3.428681
TIME_CONNECT:0.248545
SIZE_DOWNLOAD:1294
TIMESTAMP:2025-07-05 06:46:38 UTC
TRIGGER:schedule
