---METADATA---
HTTP_STATUS:200
TIME_TOTAL:3.458080
TIME_CONNECT:0.271505
SIZE_DOWNLOAD:1292
TIMESTAMP:2025-07-05 05:43:49 UTC
TRIGGER:schedule
