---METADATA---
HTTP_STATUS:200
TIME_TOTAL:3.552451
TIME_CONNECT:0.278338
SIZE_DOWNLOAD:1294
TIMESTAMP:2025-07-05 22:24:45 UTC
TRIGGER:schedule
