---METADATA---
HTTP_STATUS:200
TIME_TOTAL:3.499175
TIME_CONNECT:0.265563
SIZE_DOWNLOAD:1294
TIMESTAMP:2025-07-05 22:48:52 UTC
TRIGGER:schedule
