---METADATA---
HTTP_STATUS:200
TIME_TOTAL:3.361079
TIME_CONNECT:0.278929
SIZE_DOWNLOAD:1307
TIMESTAMP:2025-07-05 13:56:45 UTC
TRIGGER:schedule
