---METADATA---
HTTP_STATUS:200
TIME_TOTAL:3.751519
TIME_CONNECT:0.280217
SIZE_DOWNLOAD:1294
TIMESTAMP:2025-07-05 15:42:17 UTC
TRIGGER:schedule
