---METADATA---
HTTP_STATUS:200
TIME_TOTAL:3.588125
TIME_CONNECT:0.278306
SIZE_DOWNLOAD:1294
TIMESTAMP:2025-07-05 21:24:39 UTC
TRIGGER:schedule
