---METADATA---
HTTP_STATUS:200
TIME_TOTAL:3.291111
TIME_CONNECT:0.278639
SIZE_DOWNLOAD:1132
TIMESTAMP:2025-07-05 10:35:18 UTC
TRIGGER:schedule
