---METADATA---
HTTP_STATUS:200
TIME_TOTAL:3.471029
TIME_CONNECT:0.226594
SIZE_DOWNLOAD:1309
TIMESTAMP:2025-07-05 03:19:25 UTC
TRIGGER:schedule
