---METADATA---
HTTP_STATUS:200
TIME_TOTAL:3.338086
TIME_CONNECT:0.300247
SIZE_DOWNLOAD:1294
TIMESTAMP:2025-07-05 23:56:46 UTC
TRIGGER:schedule
