---METADATA---
HTTP_STATUS:200
TIME_TOTAL:3.366964
TIME_CONNECT:0.270145
SIZE_DOWNLOAD:1132
TIMESTAMP:2025-07-05 11:51:05 UTC
TRIGGER:schedule
