---METADATA---
HTTP_STATUS:200
TIME_TOTAL:3.515244
TIME_CONNECT:0.292768
SIZE_DOWNLOAD:1294
TIMESTAMP:2025-07-05 05:13:43 UTC
TRIGGER:schedule
