---METADATA---
HTTP_STATUS:200
TIME_TOTAL:3.220703
TIME_CONNECT:0.284874
SIZE_DOWNLOAD:1132
TIMESTAMP:2025-07-05 12:43:21 UTC
TRIGGER:schedule
