---METADATA---
HTTP_STATUS:200
TIME_TOTAL:1.099674
TIME_CONNECT:0.258380
SIZE_DOWNLOAD:1294
TIMESTAMP:2025-07-05 21:29:25 UTC
TRIGGER:schedule
