---METADATA---
HTTP_STATUS:200
TIME_TOTAL:3.535762
TIME_CONNECT:0.234930
SIZE_DOWNLOAD:1132
TIMESTAMP:2025-07-05 11:35:30 UTC
TRIGGER:schedule
