---METADATA---
HTTP_STATUS:200
TIME_TOTAL:3.311335
TIME_CONNECT:0.271854
SIZE_DOWNLOAD:1294
TIMESTAMP:2025-07-05 21:56:43 UTC
TRIGGER:schedule
