---METADATA---
HTTP_STATUS:200
TIME_TOTAL:3.687541
TIME_CONNECT:0.304800
SIZE_DOWNLOAD:1132
TIMESTAMP:2025-07-05 09:30:53 UTC
TRIGGER:schedule
