---METADATA---
HTTP_STATUS:200
TIME_TOTAL:3.347427
TIME_CONNECT:0.272386
SIZE_DOWNLOAD:1294
TIMESTAMP:2025-07-05 15:48:36 UTC
TRIGGER:schedule
