---METADATA---
HTTP_STATUS:200
TIME_TOTAL:3.645362
TIME_CONNECT:0.286732
SIZE_DOWNLOAD:1294
TIMESTAMP:2025-07-05 18:41:56 UTC
TRIGGER:schedule
