---METADATA---
HTTP_STATUS:200
TIME_TOTAL:3.494713
TIME_CONNECT:0.274703
SIZE_DOWNLOAD:1294
TIMESTAMP:2025-07-05 18:57:00 UTC
TRIGGER:schedule
