---METADATA---
HTTP_STATUS:200
TIME_TOTAL:3.369108
TIME_CONNECT:0.273937
SIZE_DOWNLOAD:1294
TIMESTAMP:2025-07-05 15:12:59 UTC
TRIGGER:schedule
