---METADATA---
HTTP_STATUS:200
TIME_TOTAL:3.594703
TIME_CONNECT:0.256022
SIZE_DOWNLOAD:1132
TIMESTAMP:2025-07-05 13:01:48 UTC
TRIGGER:schedule
