---METADATA---
HTTP_STATUS:200
TIME_TOTAL:3.578533
TIME_CONNECT:0.278827
SIZE_DOWNLOAD:1294
TIMESTAMP:2025-07-05 16:52:18 UTC
TRIGGER:schedule
