---METADATA---
HTTP_STATUS:200
TIME_TOTAL:3.534201
TIME_CONNECT:0.238153
SIZE_DOWNLOAD:1294
TIMESTAMP:2025-07-05 19:11:14 UTC
TRIGGER:schedule
