---METADATA---
HTTP_STATUS:200
TIME_TOTAL:3.366724
TIME_CONNECT:0.236289
SIZE_DOWNLOAD:1294
TIMESTAMP:2025-07-05 18:17:23 UTC
TRIGGER:schedule
