---METADATA---
HTTP_STATUS:200
TIME_TOTAL:3.357152
TIME_CONNECT:0.285981
SIZE_DOWNLOAD:1294
TIMESTAMP:2025-07-05 23:30:51 UTC
TRIGGER:schedule
