---METADATA---
HTTP_STATUS:200
TIME_TOTAL:3.127161
TIME_CONNECT:0.278920
SIZE_DOWNLOAD:1294
TIMESTAMP:2025-07-05 03:55:49 UTC
TRIGGER:schedule
