---METADATA---
HTTP_STATUS:200
TIME_TOTAL:3.456798
TIME_CONNECT:0.275681
SIZE_DOWNLOAD:1311
TIMESTAMP:2025-07-05 07:20:53 UTC
TRIGGER:schedule
