---METADATA---
HTTP_STATUS:200
TIME_TOTAL:3.412724
TIME_CONNECT:0.295616
SIZE_DOWNLOAD:1296
TIMESTAMP:2025-07-05 13:49:03 UTC
TRIGGER:schedule
