---METADATA---
HTTP_STATUS:200
TIME_TOTAL:3.343699
TIME_CONNECT:0.306767
SIZE_DOWNLOAD:1305
TIMESTAMP:2025-07-05 08:28:34 UTC
TRIGGER:schedule
