---METADATA---
HTTP_STATUS:200
TIME_TOTAL:3.418324
TIME_CONNECT:0.340231
SIZE_DOWNLOAD:1132
TIMESTAMP:2025-07-05 10:47:08 UTC
TRIGGER:schedule
