---METADATA---
HTTP_STATUS:200
TIME_TOTAL:3.538176
TIME_CONNECT:0.262241
SIZE_DOWNLOAD:1294
TIMESTAMP:2025-07-05 22:32:29 UTC
TRIGGER:schedule
