---METADATA---
HTTP_STATUS:200
TIME_TOTAL:3.256430
TIME_CONNECT:0.284635
SIZE_DOWNLOAD:1294
TIMESTAMP:2025-07-05 22:12:23 UTC
TRIGGER:schedule
