---METADATA---
HTTP_STATUS:200
TIME_TOTAL:3.308917
TIME_CONNECT:0.245787
SIZE_DOWNLOAD:1132
TIMESTAMP:2025-07-05 09:48:06 UTC
TRIGGER:schedule
