---METADATA---
HTTP_STATUS:200
TIME_TOTAL:3.480779
TIME_CONNECT:0.285575
SIZE_DOWNLOAD:1294
TIMESTAMP:2025-07-05 16:44:24 UTC
TRIGGER:schedule
