---METADATA---
HTTP_STATUS:200
TIME_TOTAL:3.654836
TIME_CONNECT:0.280303
SIZE_DOWNLOAD:1294
TIMESTAMP:2025-07-05 14:49:24 UTC
TRIGGER:schedule
