---METADATA---
HTTP_STATUS:200
TIME_TOTAL:3.419474
TIME_CONNECT:0.325066
SIZE_DOWNLOAD:1294
TIMESTAMP:2025-07-05 20:42:05 UTC
TRIGGER:schedule
