---METADATA---
HTTP_STATUS:200
TIME_TOTAL:3.449428
TIME_CONNECT:0.277708
SIZE_DOWNLOAD:1132
TIMESTAMP:2025-07-05 09:58:52 UTC
TRIGGER:schedule
