---METADATA---
HTTP_STATUS:200
TIME_TOTAL:3.484736
TIME_CONNECT:0.244691
SIZE_DOWNLOAD:1298
TIMESTAMP:2025-07-05 07:28:40 UTC
TRIGGER:schedule
