---METADATA---
HTTP_STATUS:200
TIME_TOTAL:3.594654
TIME_CONNECT:0.336296
SIZE_DOWNLOAD:1294
TIMESTAMP:2025-07-05 03:41:49 UTC
TRIGGER:schedule
