---METADATA---
HTTP_STATUS:200
TIME_TOTAL:3.234218
TIME_CONNECT:0.281585
SIZE_DOWNLOAD:1294
TIMESTAMP:2025-07-05 23:13:25 UTC
TRIGGER:schedule
