---METADATA---
HTTP_STATUS:200
TIME_TOTAL:3.853434
TIME_CONNECT:0.240886
SIZE_DOWNLOAD:1294
TIMESTAMP:2025-07-05 07:51:53 UTC
TRIGGER:schedule
