---METADATA---
HTTP_STATUS:200
TIME_TOTAL:3.436150
TIME_CONNECT:0.288175
SIZE_DOWNLOAD:1294
TIMESTAMP:2025-07-05 17:48:08 UTC
TRIGGER:schedule
