---METADATA---
HTTP_STATUS:200
TIME_TOTAL:3.341584
TIME_CONNECT:0.280283
SIZE_DOWNLOAD:1294
TIMESTAMP:2025-07-05 23:49:15 UTC
TRIGGER:schedule
