---METADATA---
HTTP_STATUS:200
TIME_TOTAL:3.395531
TIME_CONNECT:0.352598
SIZE_DOWNLOAD:1294
TIMESTAMP:2025-07-05 19:51:00 UTC
TRIGGER:schedule
