---METADATA---
HTTP_STATUS:200
TIME_TOTAL:3.385333
TIME_CONNECT:0.318841
SIZE_DOWNLOAD:1307
TIMESTAMP:2025-07-05 06:36:07 UTC
TRIGGER:schedule
