---METADATA---
HTTP_STATUS:200
TIME_TOTAL:3.792182
TIME_CONNECT:0.273992
SIZE_DOWNLOAD:1294
TIMESTAMP:2025-07-05 04:02:06 UTC
TRIGGER:schedule
