---METADATA---
HTTP_STATUS:200
TIME_TOTAL:1.031728
TIME_CONNECT:0.208961
SIZE_DOWNLOAD:1293
TIMESTAMP:2025-07-05 05:49:23 UTC
TRIGGER:schedule
