---METADATA---
HTTP_STATUS:200
TIME_TOTAL:3.923816
TIME_CONNECT:0.290153
SIZE_DOWNLOAD:1294
TIMESTAMP:2025-07-05 17:36:57 UTC
TRIGGER:schedule
