---METADATA---
HTTP_STATUS:200
TIME_TOTAL:3.401223
TIME_CONNECT:0.304182
SIZE_DOWNLOAD:1294
TIMESTAMP:2025-07-05 15:30:36 UTC
TRIGGER:schedule
