---METADATA---
HTTP_STATUS:200
TIME_TOTAL:1.010548
TIME_CONNECT:0.277702
SIZE_DOWNLOAD:1132
TIMESTAMP:2025-07-05 11:25:20 UTC
TRIGGER:schedule
