---METADATA---
HTTP_STATUS:200
TIME_TOTAL:3.460918
TIME_CONNECT:0.239125
SIZE_DOWNLOAD:1294
TIMESTAMP:2025-07-05 22:43:04 UTC
TRIGGER:schedule
