---METADATA---
HTTP_STATUS:200
TIME_TOTAL:3.492854
TIME_CONNECT:0.230730
SIZE_DOWNLOAD:1132
TIMESTAMP:2025-07-05 09:47:09 UTC
TRIGGER:schedule
