---METADATA---
HTTP_STATUS:200
TIME_TOTAL:3.406362
TIME_CONNECT:0.251796
SIZE_DOWNLOAD:1294
TIMESTAMP:2025-07-05 22:57:00 UTC
TRIGGER:schedule
