---METADATA---
HTTP_STATUS:200
TIME_TOTAL:1.041470
TIME_CONNECT:0.280859
SIZE_DOWNLOAD:1294
TIMESTAMP:2025-07-05 13:40:25 UTC
TRIGGER:schedule
