---METADATA---
HTTP_STATUS:200
TIME_TOTAL:3.465195
TIME_CONNECT:0.304612
SIZE_DOWNLOAD:1294
TIMESTAMP:2025-07-05 15:57:00 UTC
TRIGGER:schedule
