---METADATA---
HTTP_STATUS:200
TIME_TOTAL:1.119828
TIME_CONNECT:0.268124
SIZE_DOWNLOAD:1132
TIMESTAMP:2025-07-05 11:39:00 UTC
TRIGGER:schedule
