---METADATA---
HTTP_STATUS:200
TIME_TOTAL:3.209837
TIME_CONNECT:0.301820
SIZE_DOWNLOAD:1132
TIMESTAMP:2025-07-05 10:13:25 UTC
TRIGGER:schedule
