---METADATA---
HTTP_STATUS:200
TIME_TOTAL:3.281867
TIME_CONNECT:0.280896
SIZE_DOWNLOAD:1296
TIMESTAMP:2025-07-05 06:53:47 UTC
TRIGGER:schedule
