---METADATA---
HTTP_STATUS:200
TIME_TOTAL:3.443157
TIME_CONNECT:0.281846
SIZE_DOWNLOAD:1307
TIMESTAMP:2025-08-07 23:14:51 UTC
TRIGGER:schedule
