---METADATA---
HTTP_STATUS:200
TIME_TOTAL:3.439409
TIME_CONNECT:0.346013
SIZE_DOWNLOAD:1307
TIMESTAMP:2025-08-07 23:25:02 UTC
TRIGGER:schedule
