---METADATA---
HTTP_STATUS:200
TIME_TOTAL:3.449465
TIME_CONNECT:0.238131
SIZE_DOWNLOAD:1307
TIMESTAMP:2025-08-07 21:33:23 UTC
TRIGGER:schedule
