---METADATA---
HTTP_STATUS:200
TIME_TOTAL:3.468277
TIME_CONNECT:0.352353
SIZE_DOWNLOAD:1307
TIMESTAMP:2025-08-07 19:37:19 UTC
TRIGGER:schedule
