---METADATA---
HTTP_STATUS:200
TIME_TOTAL:3.500066
TIME_CONNECT:0.295216
SIZE_DOWNLOAD:1296
TIMESTAMP:2025-08-07 09:47:10 UTC
TRIGGER:schedule
