---METADATA---
HTTP_STATUS:200
TIME_TOTAL:3.404080
TIME_CONNECT:0.220589
SIZE_DOWNLOAD:1307
TIMESTAMP:2025-08-07 14:48:41 UTC
TRIGGER:schedule
