---METADATA---
HTTP_STATUS:200
TIME_TOTAL:3.359140
TIME_CONNECT:0.266407
SIZE_DOWNLOAD:1307
TIMESTAMP:2025-08-07 23:57:02 UTC
TRIGGER:schedule
