---METADATA---
HTTP_STATUS:200
TIME_TOTAL:3.401503
TIME_CONNECT:0.291662
SIZE_DOWNLOAD:1298
TIMESTAMP:2025-08-07 07:35:39 UTC
TRIGGER:schedule
