---METADATA---
HTTP_STATUS:200
TIME_TOTAL:3.374026
TIME_CONNECT:0.277492
SIZE_DOWNLOAD:1307
TIMESTAMP:2025-08-07 21:57:03 UTC
TRIGGER:schedule
