---METADATA---
HTTP_STATUS:200
TIME_TOTAL:3.505014
TIME_CONNECT:0.321190
SIZE_DOWNLOAD:1307
TIMESTAMP:2025-08-07 14:23:19 UTC
TRIGGER:schedule
