---METADATA---
HTTP_STATUS:200
TIME_TOTAL:3.455460
TIME_CONNECT:0.294507
SIZE_DOWNLOAD:1295
TIMESTAMP:2025-08-07 09:21:11 UTC
TRIGGER:schedule
