---METADATA---
HTTP_STATUS:200
TIME_TOTAL:3.540109
TIME_CONNECT:0.283137
SIZE_DOWNLOAD:1293
TIMESTAMP:2025-08-07 13:27:40 UTC
TRIGGER:schedule
