---METADATA---
HTTP_STATUS:200
TIME_TOTAL:3.587466
TIME_CONNECT:0.215843
SIZE_DOWNLOAD:1294
TIMESTAMP:2025-08-07 11:32:14 UTC
TRIGGER:schedule
