---METADATA---
HTTP_STATUS:200
TIME_TOTAL:3.322705
TIME_CONNECT:0.282550
SIZE_DOWNLOAD:1307
TIMESTAMP:2025-08-07 22:29:34 UTC
TRIGGER:schedule
