---METADATA---
HTTP_STATUS:200
TIME_TOTAL:3.462734
TIME_CONNECT:0.296764
SIZE_DOWNLOAD:1293
TIMESTAMP:2025-08-07 08:34:48 UTC
TRIGGER:schedule
