---METADATA---
HTTP_STATUS:200
TIME_TOTAL:3.174995
TIME_CONNECT:0.280941
SIZE_DOWNLOAD:1305
TIMESTAMP:2025-08-07 05:53:10 UTC
TRIGGER:schedule
