---METADATA---
HTTP_STATUS:200
TIME_TOTAL:3.167848
TIME_CONNECT:0.222411
SIZE_DOWNLOAD:1307
TIMESTAMP:2025-08-07 20:43:48 UTC
TRIGGER:schedule
