---METADATA---
HTTP_STATUS:200
TIME_TOTAL:3.410919
TIME_CONNECT:0.217236
SIZE_DOWNLOAD:1305
TIMESTAMP:2025-08-07 05:44:50 UTC
TRIGGER:schedule
