---METADATA---
HTTP_STATUS:200
TIME_TOTAL:3.550425
TIME_CONNECT:0.272695
SIZE_DOWNLOAD:1305
TIMESTAMP:2025-08-07 04:49:39 UTC
TRIGGER:schedule
