---METADATA---
HTTP_STATUS:200
TIME_TOTAL:3.547975
TIME_CONNECT:0.346490
SIZE_DOWNLOAD:1307
TIMESTAMP:2025-08-07 16:00:15 UTC
TRIGGER:schedule
