---METADATA---
HTTP_STATUS:200
TIME_TOTAL:3.324619
TIME_CONNECT:0.267769
SIZE_DOWNLOAD:1294
TIMESTAMP:2025-08-07 11:43:29 UTC
TRIGGER:schedule
