---METADATA---
HTTP_STATUS:200
TIME_TOTAL:3.281819
TIME_CONNECT:0.225311
SIZE_DOWNLOAD:1307
TIMESTAMP:2025-08-07 17:10:40 UTC
TRIGGER:schedule
