---METADATA---
HTTP_STATUS:200
TIME_TOTAL:3.652128
TIME_CONNECT:0.302126
SIZE_DOWNLOAD:1307
TIMESTAMP:2025-08-07 14:52:47 UTC
TRIGGER:schedule
