---METADATA---
HTTP_STATUS:200
TIME_TOTAL:3.397462
TIME_CONNECT:0.279985
SIZE_DOWNLOAD:1294
TIMESTAMP:2025-08-07 13:50:47 UTC
TRIGGER:schedule
