---METADATA---
HTTP_STATUS:200
TIME_TOTAL:3.538427
TIME_CONNECT:0.252852
SIZE_DOWNLOAD:1307
TIMESTAMP:2025-08-07 10:51:47 UTC
TRIGGER:schedule
