---METADATA---
HTTP_STATUS:200
TIME_TOTAL:3.467929
TIME_CONNECT:0.288486
SIZE_DOWNLOAD:1307
TIMESTAMP:2025-08-07 22:15:02 UTC
TRIGGER:schedule
