---METADATA---
HTTP_STATUS:200
TIME_TOTAL:3.458273
TIME_CONNECT:0.292927
SIZE_DOWNLOAD:1307
TIMESTAMP:2025-08-07 16:21:04 UTC
TRIGGER:schedule
