---METADATA---
HTTP_STATUS:200
TIME_TOTAL:3.781598
TIME_CONNECT:0.276388
SIZE_DOWNLOAD:1298
TIMESTAMP:2025-08-07 08:51:48 UTC
TRIGGER:schedule
