---METADATA---
HTTP_STATUS:200
TIME_TOTAL:3.546861
TIME_CONNECT:0.231443
SIZE_DOWNLOAD:1305
TIMESTAMP:2025-08-07 05:02:24 UTC
TRIGGER:schedule
