---METADATA---
HTTP_STATUS:200
TIME_TOTAL:3.625569
TIME_CONNECT:0.276882
SIZE_DOWNLOAD:1307
TIMESTAMP:2025-08-07 14:27:53 UTC
TRIGGER:schedule
