---METADATA---
HTTP_STATUS:200
TIME_TOTAL:3.574097
TIME_CONNECT:0.297999
SIZE_DOWNLOAD:1298
TIMESTAMP:2025-08-07 07:51:44 UTC
TRIGGER:schedule
