---METADATA---
HTTP_STATUS:200
TIME_TOTAL:3.440956
TIME_CONNECT:0.237701
SIZE_DOWNLOAD:1307
TIMESTAMP:2025-08-07 17:16:53 UTC
TRIGGER:schedule
