---METADATA---
HTTP_STATUS:200
TIME_TOTAL:3.401969
TIME_CONNECT:0.275920
SIZE_DOWNLOAD:1296
TIMESTAMP:2025-08-07 10:16:36 UTC
TRIGGER:schedule
