---METADATA---
HTTP_STATUS:200
TIME_TOTAL:3.464607
TIME_CONNECT:0.283945
SIZE_DOWNLOAD:1307
TIMESTAMP:2025-08-07 20:55:57 UTC
TRIGGER:schedule
