---METADATA---
HTTP_STATUS:200
TIME_TOTAL:3.342582
TIME_CONNECT:0.223764
SIZE_DOWNLOAD:1307
TIMESTAMP:2025-08-07 23:34:08 UTC
TRIGGER:schedule
