---METADATA---
HTTP_STATUS:200
TIME_TOTAL:3.386028
TIME_CONNECT:0.267003
SIZE_DOWNLOAD:1307
TIMESTAMP:2025-08-07 20:53:44 UTC
TRIGGER:schedule
