---METADATA---
HTTP_STATUS:200
TIME_TOTAL:3.514830
TIME_CONNECT:0.270389
SIZE_DOWNLOAD:1307
TIMESTAMP:2025-08-07 15:55:39 UTC
TRIGGER:schedule
