---METADATA---
HTTP_STATUS:200
TIME_TOTAL:3.715021
TIME_CONNECT:0.272099
SIZE_DOWNLOAD:1309
TIMESTAMP:2025-08-07 08:21:01 UTC
TRIGGER:schedule
