---METADATA---
HTTP_STATUS:200
TIME_TOTAL:3.677959
TIME_CONNECT:0.299523
SIZE_DOWNLOAD:1307
TIMESTAMP:2025-08-07 10:27:22 UTC
TRIGGER:schedule
