---METADATA---
HTTP_STATUS:200
TIME_TOTAL:3.667368
TIME_CONNECT:0.299439
SIZE_DOWNLOAD:1305
TIMESTAMP:2025-08-07 07:03:28 UTC
TRIGGER:schedule
