---METADATA---
HTTP_STATUS:200
TIME_TOTAL:3.540757
TIME_CONNECT:0.261924
SIZE_DOWNLOAD:1307
TIMESTAMP:2025-08-07 19:56:48 UTC
TRIGGER:schedule
