---METADATA---
HTTP_STATUS:200
TIME_TOTAL:3.450893
TIME_CONNECT:0.285975
SIZE_DOWNLOAD:1307
TIMESTAMP:2025-08-07 19:30:00 UTC
TRIGGER:schedule
