---METADATA---
HTTP_STATUS:200
TIME_TOTAL:3.640202
TIME_CONNECT:0.285707
SIZE_DOWNLOAD:1305
TIMESTAMP:2025-08-07 07:01:57 UTC
TRIGGER:schedule
