---METADATA---
HTTP_STATUS:200
TIME_TOTAL:3.626994
TIME_CONNECT:0.264885
SIZE_DOWNLOAD:1305
TIMESTAMP:2025-08-07 06:37:41 UTC
TRIGGER:schedule
