---METADATA---
HTTP_STATUS:200
TIME_TOTAL:3.541130
TIME_CONNECT:0.231572
SIZE_DOWNLOAD:1307
TIMESTAMP:2025-08-07 19:09:41 UTC
TRIGGER:schedule
