---METADATA---
HTTP_STATUS:200
TIME_TOTAL:3.345006
TIME_CONNECT:0.215821
SIZE_DOWNLOAD:1307
TIMESTAMP:2025-08-07 19:16:08 UTC
TRIGGER:schedule
