---METADATA---
HTTP_STATUS:200
TIME_TOTAL:3.707838
TIME_CONNECT:0.279881
SIZE_DOWNLOAD:1294
TIMESTAMP:2025-08-07 11:14:02 UTC
TRIGGER:schedule
