---METADATA---
HTTP_STATUS:200
TIME_TOTAL:3.453564
TIME_CONNECT:0.293160
SIZE_DOWNLOAD:1307
TIMESTAMP:2025-08-07 17:54:57 UTC
TRIGGER:schedule
