---METADATA---
HTTP_STATUS:200
TIME_TOTAL:3.488064
TIME_CONNECT:0.297928
SIZE_DOWNLOAD:1307
TIMESTAMP:2025-08-07 17:42:18 UTC
TRIGGER:schedule
