---METADATA---
HTTP_STATUS:200
TIME_TOTAL:3.565810
TIME_CONNECT:0.276057
SIZE_DOWNLOAD:1307
TIMESTAMP:2025-08-07 22:54:30 UTC
TRIGGER:schedule
