---METADATA---
HTTP_STATUS:200
TIME_TOTAL:3.489379
TIME_CONNECT:0.283452
SIZE_DOWNLOAD:1307
TIMESTAMP:2025-08-07 08:59:38 UTC
TRIGGER:schedule
