---METADATA---
HTTP_STATUS:200
TIME_TOTAL:3.371969
TIME_CONNECT:0.284382
SIZE_DOWNLOAD:1307
TIMESTAMP:2025-08-07 21:50:26 UTC
TRIGGER:schedule
