---METADATA---
HTTP_STATUS:200
TIME_TOTAL:3.485153
TIME_CONNECT:0.283336
SIZE_DOWNLOAD:1130
TIMESTAMP:2025-08-07 10:47:14 UTC
TRIGGER:schedule
