---METADATA---
HTTP_STATUS:200
TIME_TOTAL:3.760543
TIME_CONNECT:0.443092
SIZE_DOWNLOAD:1294
TIMESTAMP:2025-08-07 12:32:10 UTC
TRIGGER:schedule
