---METADATA---
HTTP_STATUS:200
TIME_TOTAL:3.566451
TIME_CONNECT:0.293500
SIZE_DOWNLOAD:1307
TIMESTAMP:2025-08-07 20:32:25 UTC
TRIGGER:schedule
