---METADATA---
HTTP_STATUS:200
TIME_TOTAL:3.450453
TIME_CONNECT:0.230020
SIZE_DOWNLOAD:1307
TIMESTAMP:2025-08-07 21:22:47 UTC
TRIGGER:schedule
