---METADATA---
HTTP_STATUS:200
TIME_TOTAL:3.562942
TIME_CONNECT:0.263362
SIZE_DOWNLOAD:1307
TIMESTAMP:2025-08-07 15:17:23 UTC
TRIGGER:schedule
