---METADATA---
HTTP_STATUS:200
TIME_TOTAL:3.665302
TIME_CONNECT:0.302567
SIZE_DOWNLOAD:1307
TIMESTAMP:2025-08-07 20:16:27 UTC
TRIGGER:schedule
