---METADATA---
HTTP_STATUS:200
TIME_TOTAL:3.668036
TIME_CONNECT:0.309758
SIZE_DOWNLOAD:1307
TIMESTAMP:2025-08-07 13:02:26 UTC
TRIGGER:schedule
