---METADATA---
HTTP_STATUS:200
TIME_TOTAL:3.486183
TIME_CONNECT:0.281503
SIZE_DOWNLOAD:1308
TIMESTAMP:2025-08-07 09:55:11 UTC
TRIGGER:schedule
