---METADATA---
HTTP_STATUS:200
TIME_TOTAL:3.643103
TIME_CONNECT:0.299771
SIZE_DOWNLOAD:1294
TIMESTAMP:2025-08-07 11:50:42 UTC
TRIGGER:schedule
