---METADATA---
HTTP_STATUS:200
TIME_TOTAL:3.510877
TIME_CONNECT:0.298013
SIZE_DOWNLOAD:1294
TIMESTAMP:2025-08-07 11:22:48 UTC
TRIGGER:schedule
