---METADATA---
HTTP_STATUS:200
TIME_TOTAL:3.557853
TIME_CONNECT:0.295534
SIZE_DOWNLOAD:1307
TIMESTAMP:2025-08-07 23:51:34 UTC
TRIGGER:schedule
