---METADATA---
HTTP_STATUS:200
TIME_TOTAL:1.105449
TIME_CONNECT:0.294802
SIZE_DOWNLOAD:1305
TIMESTAMP:2025-08-07 05:58:31 UTC
TRIGGER:schedule
