---METADATA---
HTTP_STATUS:200
TIME_TOTAL:3.431662
TIME_CONNECT:0.283798
SIZE_DOWNLOAD:1307
TIMESTAMP:2025-08-07 19:44:49 UTC
TRIGGER:schedule
