---METADATA---
HTTP_STATUS:200
TIME_TOTAL:3.393028
TIME_CONNECT:0.277556
SIZE_DOWNLOAD:1294
TIMESTAMP:2025-08-07 01:16:14 UTC
TRIGGER:schedule
