---METADATA---
HTTP_STATUS:200
TIME_TOTAL:3.570966
TIME_CONNECT:0.485908
SIZE_DOWNLOAD:1307
TIMESTAMP:2025-08-07 21:14:38 UTC
TRIGGER:schedule
