---METADATA---
HTTP_STATUS:200
TIME_TOTAL:3.317622
TIME_CONNECT:0.222319
SIZE_DOWNLOAD:1294
TIMESTAMP:2025-08-07 02:28:28 UTC
TRIGGER:schedule
