---METADATA---
HTTP_STATUS:200
TIME_TOTAL:3.676213
TIME_CONNECT:0.268151
SIZE_DOWNLOAD:1307
TIMESTAMP:2025-08-07 15:48:05 UTC
TRIGGER:schedule
