---METADATA---
HTTP_STATUS:200
TIME_TOTAL:3.472937
TIME_CONNECT:0.344089
SIZE_DOWNLOAD:1305
TIMESTAMP:2025-08-07 03:18:39 UTC
TRIGGER:schedule
