---METADATA---
HTTP_STATUS:200
TIME_TOTAL:1.010633
TIME_CONNECT:0.289406
SIZE_DOWNLOAD:1307
TIMESTAMP:2025-08-07 17:56:45 UTC
TRIGGER:schedule
