---METADATA---
HTTP_STATUS:200
TIME_TOTAL:3.512043
TIME_CONNECT:0.282315
SIZE_DOWNLOAD:1307
TIMESTAMP:2025-08-07 16:43:09 UTC
TRIGGER:schedule
