---METADATA---
HTTP_STATUS:200
TIME_TOTAL:3.466084
TIME_CONNECT:0.253179
SIZE_DOWNLOAD:1307
TIMESTAMP:2025-08-07 18:55:08 UTC
TRIGGER:schedule
