---METADATA---
HTTP_STATUS:200
TIME_TOTAL:3.493431
TIME_CONNECT:0.249575
SIZE_DOWNLOAD:1307
TIMESTAMP:2025-08-07 13:57:12 UTC
TRIGGER:schedule
