---METADATA---
HTTP_STATUS:200
TIME_TOTAL:0.905072
TIME_CONNECT:0.231110
SIZE_DOWNLOAD:1298
TIMESTAMP:2025-08-07 07:36:14 UTC
TRIGGER:schedule
