---METADATA---
HTTP_STATUS:200
TIME_TOTAL:3.536418
TIME_CONNECT:0.311492
SIZE_DOWNLOAD:1309
TIMESTAMP:2025-08-07 09:36:16 UTC
TRIGGER:schedule
