---METADATA---
HTTP_STATUS:200
TIME_TOTAL:3.447103
TIME_CONNECT:0.237341
SIZE_DOWNLOAD:1307
TIMESTAMP:2025-08-07 22:50:56 UTC
TRIGGER:schedule
