---METADATA---
HTTP_STATUS:200
TIME_TOTAL:3.547146
TIME_CONNECT:0.336305
SIZE_DOWNLOAD:1307
TIMESTAMP:2025-08-07 16:49:48 UTC
TRIGGER:schedule
