---METADATA---
HTTP_STATUS:200
TIME_TOTAL:3.379142
TIME_CONNECT:0.245800
SIZE_DOWNLOAD:1307
TIMESTAMP:2025-08-07 23:44:47 UTC
TRIGGER:schedule
