---METADATA---
HTTP_STATUS:200
TIME_TOTAL:3.503467
TIME_CONNECT:0.294287
SIZE_DOWNLOAD:1307
TIMESTAMP:2025-08-07 15:44:19 UTC
TRIGGER:schedule
