---METADATA---
HTTP_STATUS:200
TIME_TOTAL:3.519223
TIME_CONNECT:0.292515
SIZE_DOWNLOAD:1307
TIMESTAMP:2025-08-07 15:28:16 UTC
TRIGGER:schedule
