---METADATA---
HTTP_STATUS:200
TIME_TOTAL:1.056382
TIME_CONNECT:0.274217
SIZE_DOWNLOAD:1305
TIMESTAMP:2025-08-07 06:39:47 UTC
TRIGGER:schedule
