---METADATA---
HTTP_STATUS:200
TIME_TOTAL:3.584382
TIME_CONNECT:0.275929
SIZE_DOWNLOAD:1305
TIMESTAMP:2025-08-07 04:27:32 UTC
TRIGGER:schedule
