---METADATA---
HTTP_STATUS:200
TIME_TOTAL:3.361625
TIME_CONNECT:0.276912
SIZE_DOWNLOAD:1307
TIMESTAMP:2025-08-07 18:22:55 UTC
TRIGGER:schedule
