---METADATA---
HTTP_STATUS:200
TIME_TOTAL:3.425843
TIME_CONNECT:0.231189
SIZE_DOWNLOAD:1307
TIMESTAMP:2025-08-07 19:48:33 UTC
TRIGGER:schedule
