---METADATA---
HTTP_STATUS:200
TIME_TOTAL:3.408877
TIME_CONNECT:0.273559
SIZE_DOWNLOAD:1307
TIMESTAMP:2025-08-07 21:44:19 UTC
TRIGGER:schedule
