---METADATA---
HTTP_STATUS:200
TIME_TOTAL:3.618858
TIME_CONNECT:0.275953
SIZE_DOWNLOAD:1305
TIMESTAMP:2025-08-07 05:21:37 UTC
TRIGGER:schedule
