---METADATA---
HTTP_STATUS:200
TIME_TOTAL:3.456339
TIME_CONNECT:0.287580
SIZE_DOWNLOAD:1307
TIMESTAMP:2025-08-07 17:44:58 UTC
TRIGGER:schedule
