---METADATA---
HTTP_STATUS:200
TIME_TOTAL:3.774293
TIME_CONNECT:0.364333
SIZE_DOWNLOAD:1294
TIMESTAMP:2025-08-07 11:56:55 UTC
TRIGGER:schedule
