---METADATA---
HTTP_STATUS:200
TIME_TOTAL:3.519056
TIME_CONNECT:0.295034
SIZE_DOWNLOAD:1307
TIMESTAMP:2025-08-07 18:44:43 UTC
TRIGGER:schedule
