---METADATA---
HTTP_STATUS:200
TIME_TOTAL:3.265101
TIME_CONNECT:0.221311
SIZE_DOWNLOAD:1307
TIMESTAMP:2025-08-07 22:41:12 UTC
TRIGGER:schedule
