---METADATA---
HTTP_STATUS:200
TIME_TOTAL:3.533287
TIME_CONNECT:0.273927
SIZE_DOWNLOAD:1292
TIMESTAMP:2025-08-24 20:31:41 UTC
TRIGGER:schedule
