---METADATA---
HTTP_STATUS:200
TIME_TOTAL:3.588834
TIME_CONNECT:0.286213
SIZE_DOWNLOAD:1292
TIMESTAMP:2025-08-24 22:48:15 UTC
TRIGGER:schedule
