---METADATA---
HTTP_STATUS:200
TIME_TOTAL:3.496867
TIME_CONNECT:0.223889
SIZE_DOWNLOAD:1292
TIMESTAMP:2025-08-24 19:35:01 UTC
TRIGGER:schedule
