---METADATA---
HTTP_STATUS:200
TIME_TOTAL:3.590790
TIME_CONNECT:0.246346
SIZE_DOWNLOAD:1292
TIMESTAMP:2025-08-24 16:45:12 UTC
TRIGGER:schedule
