---METADATA---
HTTP_STATUS:200
TIME_TOTAL:3.443048
TIME_CONNECT:0.285387
SIZE_DOWNLOAD:1292
TIMESTAMP:2025-08-24 22:56:49 UTC
TRIGGER:schedule
