---METADATA---
HTTP_STATUS:200
TIME_TOTAL:3.581114
TIME_CONNECT:0.270275
SIZE_DOWNLOAD:1307
TIMESTAMP:2025-08-24 04:20:20 UTC
TRIGGER:schedule
