---METADATA---
HTTP_STATUS:200
TIME_TOTAL:3.627851
TIME_CONNECT:0.290439
SIZE_DOWNLOAD:1292
TIMESTAMP:2025-08-24 22:42:05 UTC
TRIGGER:schedule
