---METADATA---
HTTP_STATUS:200
TIME_TOTAL:3.485192
TIME_CONNECT:0.284067
SIZE_DOWNLOAD:1295
TIMESTAMP:2025-08-24 10:21:30 UTC
TRIGGER:schedule
