---METADATA---
HTTP_STATUS:200
TIME_TOTAL:3.338910
TIME_CONNECT:0.231798
SIZE_DOWNLOAD:1292
TIMESTAMP:2025-08-24 21:22:30 UTC
TRIGGER:schedule
