---METADATA---
HTTP_STATUS:200
TIME_TOTAL:3.364636
TIME_CONNECT:0.244008
SIZE_DOWNLOAD:1305
TIMESTAMP:2025-08-24 12:25:10 UTC
TRIGGER:schedule
