---METADATA---
HTTP_STATUS:200
TIME_TOTAL:1.057976
TIME_CONNECT:0.280345
SIZE_DOWNLOAD:1294
TIMESTAMP:2025-08-24 11:47:59 UTC
TRIGGER:schedule
