---METADATA---
HTTP_STATUS:200
TIME_TOTAL:3.599372
TIME_CONNECT:0.267566
SIZE_DOWNLOAD:1292
TIMESTAMP:2025-08-24 19:10:34 UTC
TRIGGER:schedule
