---METADATA---
HTTP_STATUS:200
TIME_TOTAL:3.426479
TIME_CONNECT:0.278536
SIZE_DOWNLOAD:1311
TIMESTAMP:2025-08-24 08:50:28 UTC
TRIGGER:schedule
