---METADATA---
HTTP_STATUS:200
TIME_TOTAL:3.575513
TIME_CONNECT:0.247636
SIZE_DOWNLOAD:1292
TIMESTAMP:2025-08-24 16:51:14 UTC
TRIGGER:schedule
