---METADATA---
HTTP_STATUS:200
TIME_TOTAL:3.569449
TIME_CONNECT:0.275826
SIZE_DOWNLOAD:1292
TIMESTAMP:2025-08-24 07:20:17 UTC
TRIGGER:schedule
