---METADATA---
HTTP_STATUS:200
TIME_TOTAL:3.553155
TIME_CONNECT:0.284724
SIZE_DOWNLOAD:1294
TIMESTAMP:2025-08-24 11:35:08 UTC
TRIGGER:schedule
