---METADATA---
HTTP_STATUS:200
TIME_TOTAL:3.439787
TIME_CONNECT:0.279454
SIZE_DOWNLOAD:1306
TIMESTAMP:2025-08-24 08:40:57 UTC
TRIGGER:schedule
