---METADATA---
HTTP_STATUS:200
TIME_TOTAL:3.540877
TIME_CONNECT:0.294290
SIZE_DOWNLOAD:1292
TIMESTAMP:2025-08-24 18:34:07 UTC
TRIGGER:schedule
