---METADATA---
HTTP_STATUS:200
TIME_TOTAL:3.523295
TIME_CONNECT:0.293062
SIZE_DOWNLOAD:1294
TIMESTAMP:2025-08-24 06:52:40 UTC
TRIGGER:schedule
