---METADATA---
HTTP_STATUS:200
TIME_TOTAL:3.428541
TIME_CONNECT:0.270846
SIZE_DOWNLOAD:1305
TIMESTAMP:2025-08-24 11:58:53 UTC
TRIGGER:schedule
