---METADATA---
HTTP_STATUS:200
TIME_TOTAL:3.570534
TIME_CONNECT:0.265777
SIZE_DOWNLOAD:1296
TIMESTAMP:2025-08-24 09:48:07 UTC
TRIGGER:schedule
