---METADATA---
HTTP_STATUS:200
TIME_TOTAL:3.314432
TIME_CONNECT:0.230397
SIZE_DOWNLOAD:1292
TIMESTAMP:2025-08-24 17:28:49 UTC
TRIGGER:schedule
