---METADATA---
HTTP_STATUS:200
TIME_TOTAL:3.880127
TIME_CONNECT:0.307518
SIZE_DOWNLOAD:1298
TIMESTAMP:2025-08-24 09:39:31 UTC
TRIGGER:schedule
