---METADATA---
HTTP_STATUS:200
TIME_TOTAL:3.592212
TIME_CONNECT:0.282244
SIZE_DOWNLOAD:1292
TIMESTAMP:2025-08-24 15:39:48 UTC
TRIGGER:schedule
