---METADATA---
HTTP_STATUS:200
TIME_TOTAL:3.503668
TIME_CONNECT:0.276795
SIZE_DOWNLOAD:1292
TIMESTAMP:2025-08-24 21:48:09 UTC
TRIGGER:schedule
