---METADATA---
HTTP_STATUS:200
TIME_TOTAL:3.425582
TIME_CONNECT:0.238229
SIZE_DOWNLOAD:1296
TIMESTAMP:2025-08-24 05:56:53 UTC
TRIGGER:schedule
