---METADATA---
HTTP_STATUS:200
TIME_TOTAL:3.369345
TIME_CONNECT:0.266716
SIZE_DOWNLOAD:1292
TIMESTAMP:2025-08-24 19:56:48 UTC
TRIGGER:schedule
