---METADATA---
HTTP_STATUS:200
TIME_TOTAL:3.538555
TIME_CONNECT:0.248940
SIZE_DOWNLOAD:1292
TIMESTAMP:2025-08-24 14:49:58 UTC
TRIGGER:schedule
