---METADATA---
HTTP_STATUS:200
TIME_TOTAL:3.358996
TIME_CONNECT:0.275565
SIZE_DOWNLOAD:1292
TIMESTAMP:2025-08-24 14:40:54 UTC
TRIGGER:schedule
