---METADATA---
HTTP_STATUS:200
TIME_TOTAL:3.406411
TIME_CONNECT:0.251463
SIZE_DOWNLOAD:1292
TIMESTAMP:2025-08-24 08:16:01 UTC
TRIGGER:schedule
