---METADATA---
HTTP_STATUS:200
TIME_TOTAL:3.462396
TIME_CONNECT:0.284131
SIZE_DOWNLOAD:1307
TIMESTAMP:2025-08-24 07:37:44 UTC
TRIGGER:schedule
