---METADATA---
HTTP_STATUS:200
TIME_TOTAL:3.479082
TIME_CONNECT:0.281392
SIZE_DOWNLOAD:1292
TIMESTAMP:2025-08-24 18:17:32 UTC
TRIGGER:schedule
