---METADATA---
HTTP_STATUS:200
TIME_TOTAL:3.247851
TIME_CONNECT:0.244965
SIZE_DOWNLOAD:1292
TIMESTAMP:2025-08-24 23:28:30 UTC
TRIGGER:schedule
