---METADATA---
HTTP_STATUS:200
TIME_TOTAL:3.327463
TIME_CONNECT:0.271648
SIZE_DOWNLOAD:1292
TIMESTAMP:2025-08-24 17:21:23 UTC
TRIGGER:schedule
