---METADATA---
HTTP_STATUS:200
TIME_TOTAL:3.586832
TIME_CONNECT:0.284103
SIZE_DOWNLOAD:1292
TIMESTAMP:2025-08-24 19:17:04 UTC
TRIGGER:schedule
