---METADATA---
HTTP_STATUS:200
TIME_TOTAL:3.498818
TIME_CONNECT:0.281808
SIZE_DOWNLOAD:1298
TIMESTAMP:2025-08-24 06:19:41 UTC
TRIGGER:schedule
