---METADATA---
HTTP_STATUS:200
TIME_TOTAL:3.558540
TIME_CONNECT:0.238889
SIZE_DOWNLOAD:1292
TIMESTAMP:2025-08-24 16:37:04 UTC
TRIGGER:schedule
