---METADATA---
HTTP_STATUS:200
TIME_TOTAL:3.574179
TIME_CONNECT:0.250237
SIZE_DOWNLOAD:1292
TIMESTAMP:2025-08-24 15:12:22 UTC
TRIGGER:schedule
