---METADATA---
HTTP_STATUS:200
TIME_TOTAL:1.076249
TIME_CONNECT:0.297537
SIZE_DOWNLOAD:1292
TIMESTAMP:2025-08-24 14:41:45 UTC
TRIGGER:schedule
