---METADATA---
HTTP_STATUS:200
TIME_TOTAL:3.348944
TIME_CONNECT:0.261022
SIZE_DOWNLOAD:1292
TIMESTAMP:2025-08-24 17:48:15 UTC
TRIGGER:schedule
