---METADATA---
HTTP_STATUS:200
TIME_TOTAL:3.382832
TIME_CONNECT:0.219027
SIZE_DOWNLOAD:1292
TIMESTAMP:2025-08-24 21:27:11 UTC
TRIGGER:schedule
