---METADATA---
HTTP_STATUS:200
TIME_TOTAL:3.552468
TIME_CONNECT:0.248240
SIZE_DOWNLOAD:1290
TIMESTAMP:2025-08-24 06:36:11 UTC
TRIGGER:schedule
