---METADATA---
HTTP_STATUS:200
TIME_TOTAL:3.434819
TIME_CONNECT:0.303010
SIZE_DOWNLOAD:1292
TIMESTAMP:2025-08-24 21:38:58 UTC
TRIGGER:schedule
