---METADATA---
HTTP_STATUS:200
TIME_TOTAL:3.471322
TIME_CONNECT:0.298830
SIZE_DOWNLOAD:1292
TIMESTAMP:2025-08-24 14:29:48 UTC
TRIGGER:schedule
