---METADATA---
HTTP_STATUS:200
TIME_TOTAL:3.513018
TIME_CONNECT:0.247005
SIZE_DOWNLOAD:1292
TIMESTAMP:2025-08-24 19:40:57 UTC
TRIGGER:schedule
