---METADATA---
HTTP_STATUS:200
TIME_TOTAL:3.486533
TIME_CONNECT:0.246905
SIZE_DOWNLOAD:1292
TIMESTAMP:2025-08-24 17:11:19 UTC
TRIGGER:schedule
