---METADATA---
HTTP_STATUS:200
TIME_TOTAL:3.503510
TIME_CONNECT:0.221871
SIZE_DOWNLOAD:1296
TIMESTAMP:2025-08-24 13:27:50 UTC
TRIGGER:schedule
