---METADATA---
HTTP_STATUS:200
TIME_TOTAL:3.415727
TIME_CONNECT:0.282526
SIZE_DOWNLOAD:1292
TIMESTAMP:2025-08-24 16:56:52 UTC
TRIGGER:schedule
