---METADATA---
HTTP_STATUS:200
TIME_TOTAL:3.453320
TIME_CONNECT:0.232134
SIZE_DOWNLOAD:1292
TIMESTAMP:2025-08-24 20:42:23 UTC
TRIGGER:schedule
