---METADATA---
HTTP_STATUS:200
TIME_TOTAL:3.446663
TIME_CONNECT:0.281198
SIZE_DOWNLOAD:1292
TIMESTAMP:2025-08-24 14:11:33 UTC
TRIGGER:schedule
