---METADATA---
HTTP_STATUS:200
TIME_TOTAL:3.564298
TIME_CONNECT:0.279045
SIZE_DOWNLOAD:1298
TIMESTAMP:2025-08-24 05:48:09 UTC
TRIGGER:schedule
