---METADATA---
HTTP_STATUS:200
TIME_TOTAL:3.452141
TIME_CONNECT:0.237122
SIZE_DOWNLOAD:1292
TIMESTAMP:2025-08-24 18:44:18 UTC
TRIGGER:schedule
