---METADATA---
HTTP_STATUS:200
TIME_TOTAL:3.543607
TIME_CONNECT:0.306082
SIZE_DOWNLOAD:1292
TIMESTAMP:2025-08-24 14:22:36 UTC
TRIGGER:schedule
