---METADATA---
HTTP_STATUS:200
TIME_TOTAL:3.536582
TIME_CONNECT:0.287929
SIZE_DOWNLOAD:1305
TIMESTAMP:2025-08-24 04:36:53 UTC
TRIGGER:schedule
