---METADATA---
HTTP_STATUS:200
TIME_TOTAL:3.628998
TIME_CONNECT:0.373069
SIZE_DOWNLOAD:1294
TIMESTAMP:2025-08-24 10:12:49 UTC
TRIGGER:schedule
