---METADATA---
HTTP_STATUS:200
TIME_TOTAL:3.583738
TIME_CONNECT:0.272466
SIZE_DOWNLOAD:1309
TIMESTAMP:2025-08-24 09:24:11 UTC
TRIGGER:schedule
