---METADATA---
HTTP_STATUS:200
TIME_TOTAL:3.440865
TIME_CONNECT:0.282529
SIZE_DOWNLOAD:1296
TIMESTAMP:2025-08-24 12:59:47 UTC
TRIGGER:schedule
