---METADATA---
HTTP_STATUS:200
TIME_TOTAL:3.363854
TIME_CONNECT:0.227372
SIZE_DOWNLOAD:1306
TIMESTAMP:2025-08-24 06:46:31 UTC
TRIGGER:schedule
