---METADATA---
HTTP_STATUS:200
TIME_TOTAL:3.427063
TIME_CONNECT:0.289186
SIZE_DOWNLOAD:1298
TIMESTAMP:2025-08-24 03:33:32 UTC
TRIGGER:schedule
