---METADATA---
HTTP_STATUS:200
TIME_TOTAL:3.413991
TIME_CONNECT:0.306436
SIZE_DOWNLOAD:1292
TIMESTAMP:2025-08-24 15:48:12 UTC
TRIGGER:schedule
