---METADATA---
HTTP_STATUS:200
TIME_TOTAL:3.379256
TIME_CONNECT:0.304424
SIZE_DOWNLOAD:1294
TIMESTAMP:2025-08-24 07:12:30 UTC
TRIGGER:schedule
