---METADATA---
HTTP_STATUS:200
TIME_TOTAL:3.502736
TIME_CONNECT:0.282603
SIZE_DOWNLOAD:1309
TIMESTAMP:2025-08-24 01:12:51 UTC
TRIGGER:schedule
