---METADATA---
HTTP_STATUS:200
TIME_TOTAL:3.559210
TIME_CONNECT:0.288634
SIZE_DOWNLOAD:1294
TIMESTAMP:2025-08-24 11:47:05 UTC
TRIGGER:schedule
