---METADATA---
HTTP_STATUS:200
TIME_TOTAL:3.379967
TIME_CONNECT:0.282863
SIZE_DOWNLOAD:1309
TIMESTAMP:2025-08-24 04:52:00 UTC
TRIGGER:schedule
