---METADATA---
HTTP_STATUS:200
TIME_TOTAL:3.356320
TIME_CONNECT:0.277487
SIZE_DOWNLOAD:1292
TIMESTAMP:2025-08-24 23:23:47 UTC
TRIGGER:schedule
