---METADATA---
HTTP_STATUS:200
TIME_TOTAL:3.728041
TIME_CONNECT:0.287199
SIZE_DOWNLOAD:1309
TIMESTAMP:2025-08-24 08:44:29 UTC
TRIGGER:schedule
