---METADATA---
HTTP_STATUS:200
TIME_TOTAL:3.565400
TIME_CONNECT:0.324958
SIZE_DOWNLOAD:1292
TIMESTAMP:2025-08-24 23:39:59 UTC
TRIGGER:schedule
