---METADATA---
HTTP_STATUS:200
TIME_TOTAL:3.485743
TIME_CONNECT:0.244920
SIZE_DOWNLOAD:1298
TIMESTAMP:2025-08-24 02:56:36 UTC
TRIGGER:schedule
