---METADATA---
HTTP_STATUS:200
TIME_TOTAL:3.473863
TIME_CONNECT:0.290294
SIZE_DOWNLOAD:1298
TIMESTAMP:2025-08-24 02:19:45 UTC
TRIGGER:schedule
