---METADATA---
HTTP_STATUS:200
TIME_TOTAL:3.660041
TIME_CONNECT:0.291072
SIZE_DOWNLOAD:1292
TIMESTAMP:2025-08-24 15:52:05 UTC
TRIGGER:schedule
