---METADATA---
HTTP_STATUS:200
TIME_TOTAL:3.842517
TIME_CONNECT:0.287254
SIZE_DOWNLOAD:1292
TIMESTAMP:2025-08-24 13:56:59 UTC
TRIGGER:schedule
