---METADATA---
HTTP_STATUS:200
TIME_TOTAL:3.404107
TIME_CONNECT:0.240031
SIZE_DOWNLOAD:1292
TIMESTAMP:2025-08-24 22:32:02 UTC
TRIGGER:schedule
