---METADATA---
HTTP_STATUS:200
TIME_TOTAL:3.608650
TIME_CONNECT:0.284512
SIZE_DOWNLOAD:1307
TIMESTAMP:2025-08-24 11:19:53 UTC
TRIGGER:schedule
