---METADATA---
HTTP_STATUS:200
TIME_TOTAL:3.512754
TIME_CONNECT:0.254665
SIZE_DOWNLOAD:1294
TIMESTAMP:2025-08-24 11:32:35 UTC
TRIGGER:schedule
