---METADATA---
HTTP_STATUS:200
TIME_TOTAL:3.439431
TIME_CONNECT:0.279368
SIZE_DOWNLOAD:1292
TIMESTAMP:2025-08-24 15:28:47 UTC
TRIGGER:schedule
