---METADATA---
HTTP_STATUS:200
TIME_TOTAL:3.486586
TIME_CONNECT:0.252254
SIZE_DOWNLOAD:1309
TIMESTAMP:2025-08-24 05:32:28 UTC
TRIGGER:schedule
