---METADATA---
HTTP_STATUS:200
TIME_TOTAL:3.485509
TIME_CONNECT:0.244512
SIZE_DOWNLOAD:1307
TIMESTAMP:2025-08-24 03:46:03 UTC
TRIGGER:schedule
