---METADATA---
HTTP_STATUS:200
TIME_TOTAL:3.559206
TIME_CONNECT:0.281919
SIZE_DOWNLOAD:1292
TIMESTAMP:2025-08-24 23:48:14 UTC
TRIGGER:schedule
