---METADATA---
HTTP_STATUS:200
TIME_TOTAL:1.015158
TIME_CONNECT:0.229476
SIZE_DOWNLOAD:1292
TIMESTAMP:2025-08-24 17:40:13 UTC
TRIGGER:schedule
