---METADATA---
HTTP_STATUS:200
TIME_TOTAL:3.631560
TIME_CONNECT:0.280975
SIZE_DOWNLOAD:1292
TIMESTAMP:2025-08-24 19:23:25 UTC
TRIGGER:schedule
