---METADATA---
HTTP_STATUS:200
TIME_TOTAL:3.412158
TIME_CONNECT:0.220014
SIZE_DOWNLOAD:1309
TIMESTAMP:2025-08-24 09:28:49 UTC
TRIGGER:schedule
