---METADATA---
HTTP_STATUS:200
TIME_TOTAL:3.550505
TIME_CONNECT:0.298922
SIZE_DOWNLOAD:1307
TIMESTAMP:2025-08-24 11:24:10 UTC
TRIGGER:schedule
