---METADATA---
HTTP_STATUS:200
TIME_TOTAL:3.464388
TIME_CONNECT:0.283053
SIZE_DOWNLOAD:1294
TIMESTAMP:2025-08-24 08:26:25 UTC
TRIGGER:schedule
