---METADATA---
HTTP_STATUS:200
TIME_TOTAL:3.646059
TIME_CONNECT:0.250501
SIZE_DOWNLOAD:1307
TIMESTAMP:2025-08-24 07:27:41 UTC
TRIGGER:schedule
