---METADATA---
HTTP_STATUS:200
TIME_TOTAL:3.754216
TIME_CONNECT:0.302556
SIZE_DOWNLOAD:1292
TIMESTAMP:2025-08-24 13:41:50 UTC
TRIGGER:schedule
