---METADATA---
HTTP_STATUS:200
TIME_TOTAL:3.562659
TIME_CONNECT:0.252390
SIZE_DOWNLOAD:1292
TIMESTAMP:2025-08-24 21:37:12 UTC
TRIGGER:schedule
