---METADATA---
HTTP_STATUS:200
TIME_TOTAL:1.013852
TIME_CONNECT:0.208281
SIZE_DOWNLOAD:1292
TIMESTAMP:2025-08-24 19:28:49 UTC
TRIGGER:schedule
