---METADATA---
HTTP_STATUS:200
TIME_TOTAL:3.611606
TIME_CONNECT:0.236240
SIZE_DOWNLOAD:1309
TIMESTAMP:2025-08-24 10:48:09 UTC
TRIGGER:schedule
