---METADATA---
HTTP_STATUS:200
TIME_TOTAL:3.453690
TIME_CONNECT:0.257057
SIZE_DOWNLOAD:1309
TIMESTAMP:2025-08-24 10:33:00 UTC
TRIGGER:schedule
