---METADATA---
HTTP_STATUS:200
TIME_TOTAL:3.513636
TIME_CONNECT:0.276798
SIZE_DOWNLOAD:1292
TIMESTAMP:2025-08-24 16:25:57 UTC
TRIGGER:schedule
