---METADATA---
HTTP_STATUS:200
TIME_TOTAL:3.396487
TIME_CONNECT:0.245420
SIZE_DOWNLOAD:1292
TIMESTAMP:2025-08-24 16:14:56 UTC
TRIGGER:schedule
