---METADATA---
HTTP_STATUS:200
TIME_TOTAL:3.538207
TIME_CONNECT:0.277411
SIZE_DOWNLOAD:1292
TIMESTAMP:2025-08-24 18:53:28 UTC
TRIGGER:schedule
