---METADATA---
HTTP_STATUS:200
TIME_TOTAL:3.311450
TIME_CONNECT:0.281298
SIZE_DOWNLOAD:1292
TIMESTAMP:2025-08-24 10:57:01 UTC
TRIGGER:schedule
