---METADATA---
HTTP_STATUS:200
TIME_TOTAL:0.991900
TIME_CONNECT:0.268127
SIZE_DOWNLOAD:1309
TIMESTAMP:2025-08-24 04:54:14 UTC
TRIGGER:schedule
