---METADATA---
HTTP_STATUS:200
TIME_TOTAL:0.973650
TIME_CONNECT:0.232115
SIZE_DOWNLOAD:1292
TIMESTAMP:2025-08-24 13:42:43 UTC
TRIGGER:schedule
