---METADATA---
HTTP_STATUS:200
TIME_TOTAL:3.582319
TIME_CONNECT:0.294209
SIZE_DOWNLOAD:1311
TIMESTAMP:2025-08-24 08:56:49 UTC
TRIGGER:schedule
