---METADATA---
HTTP_STATUS:200
TIME_TOTAL:3.679861
TIME_CONNECT:0.278220
SIZE_DOWNLOAD:1296
TIMESTAMP:2025-08-24 09:51:32 UTC
TRIGGER:schedule
