---METADATA---
HTTP_STATUS:200
TIME_TOTAL:3.580587
TIME_CONNECT:0.273710
SIZE_DOWNLOAD:1292
TIMESTAMP:2025-08-24 13:49:39 UTC
TRIGGER:schedule
