---METADATA---
HTTP_STATUS:200
TIME_TOTAL:3.526747
TIME_CONNECT:0.234895
SIZE_DOWNLOAD:1298
TIMESTAMP:2025-08-24 04:02:36 UTC
TRIGGER:schedule
