---METADATA---
HTTP_STATUS:200
TIME_TOTAL:3.365255
TIME_CONNECT:0.240385
SIZE_DOWNLOAD:1296
TIMESTAMP:2025-08-24 12:50:53 UTC
TRIGGER:schedule
