---METADATA---
HTTP_STATUS:200
TIME_TOTAL:3.317670
TIME_CONNECT:0.278014
SIZE_DOWNLOAD:1292
TIMESTAMP:2025-08-24 20:26:45 UTC
TRIGGER:schedule
