---METADATA---
HTTP_STATUS:200
TIME_TOTAL:3.391823
TIME_CONNECT:0.259843
SIZE_DOWNLOAD:1292
TIMESTAMP:2025-08-24 17:39:39 UTC
TRIGGER:schedule
