---METADATA---
HTTP_STATUS:200
TIME_TOTAL:3.292714
TIME_CONNECT:0.225096
SIZE_DOWNLOAD:1292
TIMESTAMP:2025-08-24 20:48:22 UTC
TRIGGER:schedule
