---METADATA---
HTTP_STATUS:200
TIME_TOTAL:3.505667
TIME_CONNECT:0.271292
SIZE_DOWNLOAD:1296
TIMESTAMP:2025-08-24 09:12:40 UTC
TRIGGER:schedule
