---METADATA---
HTTP_STATUS:200
TIME_TOTAL:3.387981
TIME_CONNECT:0.276843
SIZE_DOWNLOAD:1292
TIMESTAMP:2025-08-24 17:56:48 UTC
TRIGGER:schedule
