---METADATA---
HTTP_STATUS:200
TIME_TOTAL:3.390256
TIME_CONNECT:0.244050
SIZE_DOWNLOAD:1292
TIMESTAMP:2025-08-24 21:11:38 UTC
TRIGGER:schedule
