---METADATA---
HTTP_STATUS:200
TIME_TOTAL:3.337620
TIME_CONNECT:0.237104
SIZE_DOWNLOAD:1292
TIMESTAMP:2025-08-24 22:12:38 UTC
TRIGGER:schedule
