---METADATA---
HTTP_STATUS:200
TIME_TOTAL:3.610501
TIME_CONNECT:0.252052
SIZE_DOWNLOAD:1307
TIMESTAMP:2025-08-24 05:42:04 UTC
TRIGGER:schedule
