---METADATA---
HTTP_STATUS:200
TIME_TOTAL:3.438513
TIME_CONNECT:0.237745
SIZE_DOWNLOAD:1293
TIMESTAMP:2025-08-24 05:13:19 UTC
TRIGGER:schedule
