---METADATA---
HTTP_STATUS:200
TIME_TOTAL:3.638575
TIME_CONNECT:0.224662
SIZE_DOWNLOAD:1307
TIMESTAMP:2025-08-24 07:48:06 UTC
TRIGGER:schedule
