---METADATA---
HTTP_STATUS:200
TIME_TOTAL:3.364398
TIME_CONNECT:0.266097
SIZE_DOWNLOAD:1292
TIMESTAMP:2025-08-24 19:48:11 UTC
TRIGGER:schedule
