---METADATA---
HTTP_STATUS:200
TIME_TOTAL:3.462756
TIME_CONNECT:0.275042
SIZE_DOWNLOAD:1292
TIMESTAMP:2025-08-24 21:50:54 UTC
TRIGGER:schedule
