---METADATA---
HTTP_STATUS:200
TIME_TOTAL:1.064905
TIME_CONNECT:0.294527
SIZE_DOWNLOAD:1294
TIMESTAMP:2025-08-24 13:29:33 UTC
TRIGGER:schedule
