---METADATA---
HTTP_STATUS:200
TIME_TOTAL:3.160351
TIME_CONNECT:0.211163
SIZE_DOWNLOAD:1292
TIMESTAMP:2025-08-24 20:14:22 UTC
TRIGGER:schedule
