---METADATA---
HTTP_STATUS:200
TIME_TOTAL:0.948206
TIME_CONNECT:0.287407
SIZE_DOWNLOAD:1292
TIMESTAMP:2025-08-24 23:40:12 UTC
TRIGGER:schedule
