---METADATA---
HTTP_STATUS:200
TIME_TOTAL:3.507596
TIME_CONNECT:0.286045
SIZE_DOWNLOAD:1309
TIMESTAMP:2025-08-24 04:44:22 UTC
TRIGGER:schedule
