---METADATA---
HTTP_STATUS:200
TIME_TOTAL:0.990827
TIME_CONNECT:0.282290
SIZE_DOWNLOAD:1307
TIMESTAMP:2025-08-24 07:39:07 UTC
TRIGGER:schedule
