---METADATA---
HTTP_STATUS:200
TIME_TOTAL:3.445250
TIME_CONNECT:0.238829
SIZE_DOWNLOAD:1292
TIMESTAMP:2025-08-24 15:24:23 UTC
TRIGGER:schedule
