---METADATA---
HTTP_STATUS:200
TIME_TOTAL:3.327795
TIME_CONNECT:0.283987
SIZE_DOWNLOAD:1292
TIMESTAMP:2025-08-24 23:12:40 UTC
TRIGGER:schedule
