---METADATA---
HTTP_STATUS:200
TIME_TOTAL:3.534424
TIME_CONNECT:0.290910
SIZE_DOWNLOAD:1294
TIMESTAMP:2025-08-24 11:10:31 UTC
TRIGGER:schedule
