---METADATA---
HTTP_STATUS:200
TIME_TOTAL:3.596070
TIME_CONNECT:0.282811
SIZE_DOWNLOAD:1292
TIMESTAMP:2025-08-24 14:56:50 UTC
TRIGGER:schedule
