---METADATA---
HTTP_STATUS:200
TIME_TOTAL:3.546776
TIME_CONNECT:0.248611
SIZE_DOWNLOAD:1292
TIMESTAMP:2025-08-24 23:57:01 UTC
TRIGGER:schedule
