---METADATA---
HTTP_STATUS:200
TIME_TOTAL:3.353839
TIME_CONNECT:0.289267
SIZE_DOWNLOAD:1292
TIMESTAMP:2025-08-24 20:56:52 UTC
TRIGGER:schedule
