---METADATA---
HTTP_STATUS:200
TIME_TOTAL:3.283001
TIME_CONNECT:0.237280
SIZE_DOWNLOAD:1292
TIMESTAMP:2025-08-24 22:20:37 UTC
TRIGGER:schedule
