---METADATA---
HTTP_STATUS:200
TIME_TOTAL:3.485393
TIME_CONNECT:0.340298
SIZE_DOWNLOAD:1307
TIMESTAMP:2025-08-24 07:51:02 UTC
TRIGGER:schedule
