---METADATA---
HTTP_STATUS:200
TIME_TOTAL:3.488363
TIME_CONNECT:0.244318
SIZE_DOWNLOAD:1307
TIMESTAMP:2025-08-24 05:21:49 UTC
TRIGGER:schedule
