---METADATA---
HTTP_STATUS:200
TIME_TOTAL:3.574032
TIME_CONNECT:0.242178
SIZE_DOWNLOAD:1296
TIMESTAMP:2025-08-24 10:41:47 UTC
TRIGGER:schedule
