---METADATA---
HTTP_STATUS:200
TIME_TOTAL:3.371575
TIME_CONNECT:0.283432
SIZE_DOWNLOAD:1292
TIMESTAMP:2025-08-24 18:51:23 UTC
TRIGGER:schedule
