---METADATA---
HTTP_STATUS:200
TIME_TOTAL:3.186482
TIME_CONNECT:0.231146
SIZE_DOWNLOAD:1306
TIMESTAMP:2025-06-09 15:58:29 UTC
TRIGGER:schedule
