---METADATA---
HTTP_STATUS:200
TIME_TOTAL:3.225658
TIME_CONNECT:0.264765
SIZE_DOWNLOAD:1306
TIMESTAMP:2025-06-09 18:20:06 UTC
TRIGGER:schedule
