---METADATA---
HTTP_STATUS:200
TIME_TOTAL:3.645313
TIME_CONNECT:0.265791
SIZE_DOWNLOAD:1304
TIMESTAMP:2025-06-09 09:45:44 UTC
TRIGGER:schedule
