---METADATA---
HTTP_STATUS:200
TIME_TOTAL:3.748752
TIME_CONNECT:0.283673
SIZE_DOWNLOAD:1292
TIMESTAMP:2025-06-09 07:48:12 UTC
TRIGGER:schedule
