---METADATA---
HTTP_STATUS:200
TIME_TOTAL:3.596602
TIME_CONNECT:0.280335
SIZE_DOWNLOAD:1292
TIMESTAMP:2025-06-09 12:56:54 UTC
TRIGGER:schedule
