---METADATA---
HTTP_STATUS:200
TIME_TOTAL:3.355384
TIME_CONNECT:0.286960
SIZE_DOWNLOAD:1306
TIMESTAMP:2025-06-09 23:57:08 UTC
TRIGGER:schedule
