---METADATA---
HTTP_STATUS:200
TIME_TOTAL:1.095408
TIME_CONNECT:0.300628
SIZE_DOWNLOAD:1306
TIMESTAMP:2025-06-09 13:54:43 UTC
TRIGGER:schedule
