---METADATA---
HTTP_STATUS:200
TIME_TOTAL:3.349064
TIME_CONNECT:0.277565
SIZE_DOWNLOAD:1306
TIMESTAMP:2025-06-09 19:59:00 UTC
TRIGGER:schedule
