---METADATA---
HTTP_STATUS:200
TIME_TOTAL:3.271239
TIME_CONNECT:0.259782
SIZE_DOWNLOAD:1306
TIMESTAMP:2025-06-09 22:35:16 UTC
TRIGGER:schedule
