---METADATA---
HTTP_STATUS:200
TIME_TOTAL:1.037740
TIME_CONNECT:0.237397
SIZE_DOWNLOAD:1292
TIMESTAMP:2025-06-09 07:32:34 UTC
TRIGGER:schedule
