---METADATA---
HTTP_STATUS:200
TIME_TOTAL:3.435390
TIME_CONNECT:0.264737
SIZE_DOWNLOAD:1294
TIMESTAMP:2025-06-09 06:58:29 UTC
TRIGGER:schedule
