---METADATA---
HTTP_STATUS:200
TIME_TOTAL:3.313783
TIME_CONNECT:0.265677
SIZE_DOWNLOAD:1292
TIMESTAMP:2025-06-09 08:37:01 UTC
TRIGGER:schedule
