---METADATA---
HTTP_STATUS:200
TIME_TOTAL:1.127546
TIME_CONNECT:0.247109
SIZE_DOWNLOAD:1306
TIMESTAMP:2025-06-09 15:51:13 UTC
TRIGGER:schedule
