---METADATA---
HTTP_STATUS:200
TIME_TOTAL:3.616714
TIME_CONNECT:0.287206
SIZE_DOWNLOAD:1306
TIMESTAMP:2025-06-09 17:57:05 UTC
TRIGGER:schedule
