---METADATA---
HTTP_STATUS:200
TIME_TOTAL:3.377614
TIME_CONNECT:0.298519
SIZE_DOWNLOAD:1309
TIMESTAMP:2025-06-09 05:52:18 UTC
TRIGGER:schedule
