---METADATA---
HTTP_STATUS:200
TIME_TOTAL:3.516449
TIME_CONNECT:0.287672
SIZE_DOWNLOAD:1290
TIMESTAMP:2025-06-09 07:27:52 UTC
TRIGGER:schedule
