---METADATA---
HTTP_STATUS:200
TIME_TOTAL:3.242767
TIME_CONNECT:0.225042
SIZE_DOWNLOAD:1306
TIMESTAMP:2025-06-09 21:30:37 UTC
TRIGGER:schedule
