---METADATA---
HTTP_STATUS:200
TIME_TOTAL:3.251829
TIME_CONNECT:0.278548
SIZE_DOWNLOAD:1306
TIMESTAMP:2025-06-09 22:46:50 UTC
TRIGGER:schedule
