---METADATA---
HTTP_STATUS:200
TIME_TOTAL:3.302723
TIME_CONNECT:0.240496
SIZE_DOWNLOAD:1294
TIMESTAMP:2025-06-09 05:10:13 UTC
TRIGGER:schedule
