---METADATA---
HTTP_STATUS:200
TIME_TOTAL:3.385913
TIME_CONNECT:0.283510
SIZE_DOWNLOAD:1292
TIMESTAMP:2025-06-09 12:28:24 UTC
TRIGGER:schedule
