---METADATA---
HTTP_STATUS:200
TIME_TOTAL:3.582913
TIME_CONNECT:0.327830
SIZE_DOWNLOAD:1296
TIMESTAMP:2025-06-09 06:39:51 UTC
TRIGGER:schedule
