---METADATA---
HTTP_STATUS:200
TIME_TOTAL:3.269505
TIME_CONNECT:0.326045
SIZE_DOWNLOAD:1306
TIMESTAMP:2025-06-09 19:18:33 UTC
TRIGGER:schedule
