---METADATA---
HTTP_STATUS:200
TIME_TOTAL:0.997970
TIME_CONNECT:0.290116
SIZE_DOWNLOAD:1307
TIMESTAMP:2025-06-09 05:43:06 UTC
TRIGGER:schedule
