---METADATA---
HTTP_STATUS:200
TIME_TOTAL:3.454131
TIME_CONNECT:0.241602
SIZE_DOWNLOAD:1306
TIMESTAMP:2025-06-09 22:13:33 UTC
TRIGGER:schedule
