---METADATA---
HTTP_STATUS:200
TIME_TOTAL:3.137339
TIME_CONNECT:0.219043
SIZE_DOWNLOAD:1305
TIMESTAMP:2025-06-09 01:12:30 UTC
TRIGGER:schedule
