---METADATA---
HTTP_STATUS:200
TIME_TOTAL:3.469167
TIME_CONNECT:0.302513
SIZE_DOWNLOAD:1291
TIMESTAMP:2025-06-09 09:57:44 UTC
TRIGGER:schedule
