---METADATA---
HTTP_STATUS:200
TIME_TOTAL:3.597263
TIME_CONNECT:0.234319
SIZE_DOWNLOAD:1292
TIMESTAMP:2025-06-09 11:12:28 UTC
TRIGGER:schedule
