---METADATA---
HTTP_STATUS:200
TIME_TOTAL:3.268360
TIME_CONNECT:0.228980
SIZE_DOWNLOAD:1306
TIMESTAMP:2025-06-09 15:41:23 UTC
TRIGGER:schedule
