---METADATA---
HTTP_STATUS:200
TIME_TOTAL:3.526912
TIME_CONNECT:0.388707
SIZE_DOWNLOAD:1304
TIMESTAMP:2025-06-09 09:41:14 UTC
TRIGGER:schedule
