---METADATA---
HTTP_STATUS:200
TIME_TOTAL:1.067985
TIME_CONNECT:0.294160
SIZE_DOWNLOAD:1292
TIMESTAMP:2025-06-09 11:39:41 UTC
TRIGGER:schedule
