---METADATA---
HTTP_STATUS:200
TIME_TOTAL:3.444172
TIME_CONNECT:0.260764
SIZE_DOWNLOAD:1306
TIMESTAMP:2025-06-09 22:50:46 UTC
TRIGGER:schedule
