---METADATA---
HTTP_STATUS:200
TIME_TOTAL:3.234628
TIME_CONNECT:0.268476
SIZE_DOWNLOAD:1306
TIMESTAMP:2025-06-09 17:48:33 UTC
TRIGGER:schedule
