---METADATA---
HTTP_STATUS:200
TIME_TOTAL:3.261003
TIME_CONNECT:0.238771
SIZE_DOWNLOAD:1306
TIMESTAMP:2025-06-09 17:12:33 UTC
TRIGGER:schedule
