---METADATA---
HTTP_STATUS:200
TIME_TOTAL:3.438309
TIME_CONNECT:0.289122
SIZE_DOWNLOAD:1306
TIMESTAMP:2025-06-09 14:38:40 UTC
TRIGGER:schedule
