---METADATA---
HTTP_STATUS:200
TIME_TOTAL:1.091498
TIME_CONNECT:0.249826
SIZE_DOWNLOAD:1292
TIMESTAMP:2025-06-09 13:43:06 UTC
TRIGGER:schedule
