---METADATA---
HTTP_STATUS:200
TIME_TOTAL:3.326441
TIME_CONNECT:0.299196
SIZE_DOWNLOAD:1292
TIMESTAMP:2025-06-09 13:38:18 UTC
TRIGGER:schedule
