---METADATA---
HTTP_STATUS:200
TIME_TOTAL:3.211225
TIME_CONNECT:0.230598
SIZE_DOWNLOAD:1306
TIMESTAMP:2025-06-09 17:41:20 UTC
TRIGGER:schedule
