---METADATA---
HTTP_STATUS:200
TIME_TOTAL:3.177153
TIME_CONNECT:0.235815
SIZE_DOWNLOAD:1306
TIMESTAMP:2025-06-09 22:28:22 UTC
TRIGGER:schedule
