---METADATA---
HTTP_STATUS:200
TIME_TOTAL:3.526431
TIME_CONNECT:0.308063
SIZE_DOWNLOAD:1290
TIMESTAMP:2025-06-09 03:54:18 UTC
TRIGGER:schedule
