---METADATA---
HTTP_STATUS:200
TIME_TOTAL:3.298973
TIME_CONNECT:0.233524
SIZE_DOWNLOAD:1306
TIMESTAMP:2025-06-09 16:35:31 UTC
TRIGGER:schedule
