---METADATA---
HTTP_STATUS:200
TIME_TOTAL:3.288004
TIME_CONNECT:0.243402
SIZE_DOWNLOAD:1305
TIMESTAMP:2025-06-09 08:56:16 UTC
TRIGGER:schedule
