---METADATA---
HTTP_STATUS:200
TIME_TOTAL:3.333088
TIME_CONNECT:0.303119
SIZE_DOWNLOAD:1292
TIMESTAMP:2025-06-09 11:59:44 UTC
TRIGGER:schedule
