---METADATA---
HTTP_STATUS:200
TIME_TOTAL:3.205470
TIME_CONNECT:0.340838
SIZE_DOWNLOAD:1306
TIMESTAMP:2025-06-09 21:58:53 UTC
TRIGGER:schedule
