---METADATA---
HTTP_STATUS:200
TIME_TOTAL:1.043813
TIME_CONNECT:0.238155
SIZE_DOWNLOAD:1306
TIMESTAMP:2025-06-09 21:48:16 UTC
TRIGGER:schedule
