---METADATA---
HTTP_STATUS:200
TIME_TOTAL:3.607970
TIME_CONNECT:0.313531
SIZE_DOWNLOAD:1292
TIMESTAMP:2025-06-09 09:16:12 UTC
TRIGGER:schedule
