---METADATA---
HTTP_STATUS:200
TIME_TOTAL:3.397852
TIME_CONNECT:0.226031
SIZE_DOWNLOAD:1306
TIMESTAMP:2025-06-09 16:55:34 UTC
TRIGGER:schedule
