---METADATA---
HTTP_STATUS:200
TIME_TOTAL:3.178156
TIME_CONNECT:0.309667
SIZE_DOWNLOAD:1292
TIMESTAMP:2025-06-09 11:19:54 UTC
TRIGGER:schedule
