---METADATA---
HTTP_STATUS:200
TIME_TOTAL:3.367654
TIME_CONNECT:0.296118
SIZE_DOWNLOAD:1306
TIMESTAMP:2025-06-09 19:10:57 UTC
TRIGGER:schedule
