---METADATA---
HTTP_STATUS:200
TIME_TOTAL:3.519720
TIME_CONNECT:0.238538
SIZE_DOWNLOAD:1306
TIMESTAMP:2025-06-09 16:18:06 UTC
TRIGGER:schedule
