---METADATA---
HTTP_STATUS:200
TIME_TOTAL:3.576685
TIME_CONNECT:0.279190
SIZE_DOWNLOAD:1292
TIMESTAMP:2025-06-09 04:18:05 UTC
TRIGGER:schedule
