---METADATA---
HTTP_STATUS:200
TIME_TOTAL:3.385603
TIME_CONNECT:0.303940
SIZE_DOWNLOAD:1306
TIMESTAMP:2025-06-09 15:29:48 UTC
TRIGGER:schedule
