---METADATA---
HTTP_STATUS:200
TIME_TOTAL:3.345483
TIME_CONNECT:0.267361
SIZE_DOWNLOAD:1306
TIMESTAMP:2025-06-09 17:31:23 UTC
TRIGGER:schedule
