---METADATA---
HTTP_STATUS:200
TIME_TOTAL:3.403189
TIME_CONNECT:0.276943
SIZE_DOWNLOAD:1306
TIMESTAMP:2025-06-09 20:49:40 UTC
TRIGGER:schedule
