---METADATA---
HTTP_STATUS:200
TIME_TOTAL:3.079096
TIME_CONNECT:0.268663
SIZE_DOWNLOAD:1295
TIMESTAMP:2025-06-09 06:50:56 UTC
TRIGGER:schedule
