---METADATA---
HTTP_STATUS:200
TIME_TOTAL:3.613969
TIME_CONNECT:0.247196
SIZE_DOWNLOAD:1292
TIMESTAMP:2025-06-09 10:44:47 UTC
TRIGGER:schedule
