---METADATA---
HTTP_STATUS:200
TIME_TOTAL:3.297548
TIME_CONNECT:0.307127
SIZE_DOWNLOAD:1292
TIMESTAMP:2025-06-09 04:26:09 UTC
TRIGGER:schedule
