---METADATA---
HTTP_STATUS:200
TIME_TOTAL:1.141106
TIME_CONNECT:0.277179
SIZE_DOWNLOAD:1306
TIMESTAMP:2025-06-09 19:35:52 UTC
TRIGGER:schedule
