---METADATA---
HTTP_STATUS:200
TIME_TOTAL:1.237662
TIME_CONNECT:0.296243
SIZE_DOWNLOAD:1292
TIMESTAMP:2025-06-09 05:15:41 UTC
TRIGGER:schedule
