---METADATA---
HTTP_STATUS:200
TIME_TOTAL:3.544151
TIME_CONNECT:0.236422
SIZE_DOWNLOAD:1306
TIMESTAMP:2025-06-09 15:15:17 UTC
TRIGGER:schedule
