---METADATA---
HTTP_STATUS:200
TIME_TOTAL:3.436756
TIME_CONNECT:0.255365
SIZE_DOWNLOAD:1307
TIMESTAMP:2025-06-09 05:40:38 UTC
TRIGGER:schedule
