---METADATA---
HTTP_STATUS:200
TIME_TOTAL:3.484586
TIME_CONNECT:0.210869
SIZE_DOWNLOAD:1292
TIMESTAMP:2025-06-09 11:35:55 UTC
TRIGGER:schedule
