---METADATA---
HTTP_STATUS:200
TIME_TOTAL:1.117254
TIME_CONNECT:0.296432
SIZE_DOWNLOAD:1306
TIMESTAMP:2025-06-09 19:30:54 UTC
TRIGGER:schedule
