---METADATA---
HTTP_STATUS:200
TIME_TOTAL:3.206202
TIME_CONNECT:0.236740
SIZE_DOWNLOAD:1296
TIMESTAMP:2025-06-09 05:57:03 UTC
TRIGGER:schedule
