---METADATA---
HTTP_STATUS:200
TIME_TOTAL:3.324047
TIME_CONNECT:0.278096
SIZE_DOWNLOAD:1306
TIMESTAMP:2025-06-09 19:46:59 UTC
TRIGGER:schedule
