---METADATA---
HTTP_STATUS:200
TIME_TOTAL:3.663154
TIME_CONNECT:0.290682
SIZE_DOWNLOAD:1290
TIMESTAMP:2025-06-09 13:08:07 UTC
TRIGGER:schedule
