---METADATA---
HTTP_STATUS:200
TIME_TOTAL:1.157724
TIME_CONNECT:0.279726
SIZE_DOWNLOAD:1294
TIMESTAMP:2025-06-09 09:50:19 UTC
TRIGGER:schedule
