---METADATA---
HTTP_STATUS:200
TIME_TOTAL:3.323392
TIME_CONNECT:0.275916
SIZE_DOWNLOAD:1306
TIMESTAMP:2025-06-09 23:25:45 UTC
TRIGGER:schedule
