---METADATA---
HTTP_STATUS:200
TIME_TOTAL:3.365287
TIME_CONNECT:0.243037
SIZE_DOWNLOAD:1290
TIMESTAMP:2025-06-09 02:20:34 UTC
TRIGGER:schedule
