---METADATA---
HTTP_STATUS:200
TIME_TOTAL:3.440627
TIME_CONNECT:0.245157
SIZE_DOWNLOAD:1292
TIMESTAMP:2025-06-09 08:20:48 UTC
TRIGGER:schedule
