---METADATA---
HTTP_STATUS:200
TIME_TOTAL:3.450155
TIME_CONNECT:0.281126
SIZE_DOWNLOAD:1292
TIMESTAMP:2025-06-09 11:47:59 UTC
TRIGGER:schedule
