---METADATA---
HTTP_STATUS:200
TIME_TOTAL:3.499147
TIME_CONNECT:0.223283
SIZE_DOWNLOAD:1306
TIMESTAMP:2025-06-09 04:47:52 UTC
TRIGGER:schedule
