---METADATA---
HTTP_STATUS:200
TIME_TOTAL:3.649410
TIME_CONNECT:0.282790
SIZE_DOWNLOAD:1306
TIMESTAMP:2025-06-09 18:46:52 UTC
TRIGGER:schedule
