---METADATA---
HTTP_STATUS:200
TIME_TOTAL:3.015877
TIME_CONNECT:0.238741
SIZE_DOWNLOAD:1306
TIMESTAMP:2025-06-09 22:58:29 UTC
TRIGGER:schedule
