---METADATA---
HTTP_STATUS:200
TIME_TOTAL:3.527852
TIME_CONNECT:0.270475
SIZE_DOWNLOAD:1306
TIMESTAMP:2025-06-09 14:14:24 UTC
TRIGGER:schedule
