---METADATA---
HTTP_STATUS:200
TIME_TOTAL:3.178095
TIME_CONNECT:0.245060
SIZE_DOWNLOAD:1306
TIMESTAMP:2025-06-09 18:53:39 UTC
TRIGGER:schedule
