---METADATA---
HTTP_STATUS:200
TIME_TOTAL:3.443764
TIME_CONNECT:0.276783
SIZE_DOWNLOAD:1292
TIMESTAMP:2025-06-09 07:43:25 UTC
TRIGGER:schedule
