---METADATA---
HTTP_STATUS:200
TIME_TOTAL:3.505530
TIME_CONNECT:0.302035
SIZE_DOWNLOAD:1306
TIMESTAMP:2025-06-09 20:51:01 UTC
TRIGGER:schedule
