---METADATA---
HTTP_STATUS:200
TIME_TOTAL:3.480935
TIME_CONNECT:0.297588
SIZE_DOWNLOAD:1305
TIMESTAMP:2025-06-09 07:15:07 UTC
TRIGGER:schedule
