---METADATA---
HTTP_STATUS:200
TIME_TOTAL:3.172569
TIME_CONNECT:0.269512
SIZE_DOWNLOAD:1306
TIMESTAMP:2025-06-09 20:40:34 UTC
TRIGGER:schedule
