---METADATA---
HTTP_STATUS:200
TIME_TOTAL:3.484712
TIME_CONNECT:0.276339
SIZE_DOWNLOAD:1292
TIMESTAMP:2025-06-09 10:51:56 UTC
TRIGGER:schedule
