---METADATA---
HTTP_STATUS:200
TIME_TOTAL:3.379398
TIME_CONNECT:0.348362
SIZE_DOWNLOAD:1306
TIMESTAMP:2025-06-09 18:36:02 UTC
TRIGGER:schedule
