---METADATA---
HTTP_STATUS:200
TIME_TOTAL:3.339997
TIME_CONNECT:0.288299
SIZE_DOWNLOAD:1306
TIMESTAMP:2025-06-09 16:48:42 UTC
TRIGGER:schedule
