---METADATA---
HTTP_STATUS:200
TIME_TOTAL:3.322563
TIME_CONNECT:0.283749
SIZE_DOWNLOAD:1306
TIMESTAMP:2025-06-09 14:46:50 UTC
TRIGGER:schedule
