---METADATA---
HTTP_STATUS:200
TIME_TOTAL:3.279263
TIME_CONNECT:0.350699
SIZE_DOWNLOAD:1306
TIMESTAMP:2025-06-09 17:20:53 UTC
TRIGGER:schedule
