---METADATA---
HTTP_STATUS:200
TIME_TOTAL:3.280024
TIME_CONNECT:0.241558
SIZE_DOWNLOAD:1293
TIMESTAMP:2025-06-09 06:21:51 UTC
TRIGGER:schedule
