---METADATA---
HTTP_STATUS:200
TIME_TOTAL:3.278885
TIME_CONNECT:0.278032
SIZE_DOWNLOAD:1306
TIMESTAMP:2025-06-09 23:30:39 UTC
TRIGGER:schedule
