---METADATA---
HTTP_STATUS:200
TIME_TOTAL:3.504920
TIME_CONNECT:0.238981
SIZE_DOWNLOAD:1306
TIMESTAMP:2025-06-09 19:25:36 UTC
TRIGGER:schedule
