---METADATA---
HTTP_STATUS:200
TIME_TOTAL:3.606723
TIME_CONNECT:0.239243
SIZE_DOWNLOAD:1290
TIMESTAMP:2025-06-09 10:15:50 UTC
TRIGGER:schedule
