---METADATA---
HTTP_STATUS:200
TIME_TOTAL:0.993765
TIME_CONNECT:0.251765
SIZE_DOWNLOAD:1292
TIMESTAMP:2025-06-09 11:48:12 UTC
TRIGGER:schedule
