---METADATA---
HTTP_STATUS:200
TIME_TOTAL:3.446985
TIME_CONNECT:0.302910
SIZE_DOWNLOAD:1306
TIMESTAMP:2025-06-09 13:54:01 UTC
TRIGGER:schedule
