---METADATA---
HTTP_STATUS:200
TIME_TOTAL:3.198552
TIME_CONNECT:0.290489
SIZE_DOWNLOAD:1306
TIMESTAMP:2025-06-09 14:58:28 UTC
TRIGGER:schedule
