---METADATA---
HTTP_STATUS:200
TIME_TOTAL:3.399616
TIME_CONNECT:0.270139
SIZE_DOWNLOAD:1306
TIMESTAMP:2025-06-09 21:13:12 UTC
TRIGGER:schedule
