---METADATA---
HTTP_STATUS:200
TIME_TOTAL:3.221100
TIME_CONNECT:0.219252
SIZE_DOWNLOAD:1290
TIMESTAMP:2025-06-09 03:38:49 UTC
TRIGGER:schedule
