---METADATA---
HTTP_STATUS:200
TIME_TOTAL:3.416752
TIME_CONNECT:0.213263
SIZE_DOWNLOAD:1290
TIMESTAMP:2025-06-09 03:00:04 UTC
TRIGGER:schedule
