---METADATA---
HTTP_STATUS:200
TIME_TOTAL:3.234081
TIME_CONNECT:0.236138
SIZE_DOWNLOAD:1306
TIMESTAMP:2025-06-09 14:23:55 UTC
TRIGGER:schedule
