---METADATA---
HTTP_STATUS:200
TIME_TOTAL:3.337849
TIME_CONNECT:0.261032
SIZE_DOWNLOAD:1292
TIMESTAMP:2025-06-09 11:28:17 UTC
TRIGGER:schedule
