---METADATA---
HTTP_STATUS:200
TIME_TOTAL:3.404390
TIME_CONNECT:0.241202
SIZE_DOWNLOAD:1305
TIMESTAMP:2025-06-09 09:28:41 UTC
TRIGGER:schedule
