---METADATA---
HTTP_STATUS:200
TIME_TOTAL:3.439124
TIME_CONNECT:0.308905
SIZE_DOWNLOAD:1296
TIMESTAMP:2025-06-09 08:47:58 UTC
TRIGGER:schedule
