---METADATA---
HTTP_STATUS:200
TIME_TOTAL:3.416064
TIME_CONNECT:0.291139
SIZE_DOWNLOAD:1306
TIMESTAMP:2025-06-09 20:15:36 UTC
TRIGGER:schedule
