---METADATA---
HTTP_STATUS:200
TIME_TOTAL:3.118278
TIME_CONNECT:0.221356
SIZE_DOWNLOAD:1306
TIMESTAMP:2025-06-09 20:30:45 UTC
TRIGGER:schedule
