---METADATA---
HTTP_STATUS:200
TIME_TOTAL:3.404177
TIME_CONNECT:0.241640
SIZE_DOWNLOAD:1306
TIMESTAMP:2025-06-09 04:50:49 UTC
TRIGGER:schedule
