---METADATA---
HTTP_STATUS:200
TIME_TOTAL:3.227748
TIME_CONNECT:0.205355
SIZE_DOWNLOAD:1306
TIMESTAMP:2025-06-09 21:47:14 UTC
TRIGGER:schedule
