---METADATA---
HTTP_STATUS:200
TIME_TOTAL:3.321359
TIME_CONNECT:0.232604
SIZE_DOWNLOAD:1292
TIMESTAMP:2025-06-09 10:54:10 UTC
TRIGGER:schedule
