---METADATA---
HTTP_STATUS:200
TIME_TOTAL:3.315703
TIME_CONNECT:0.255594
SIZE_DOWNLOAD:1306
TIMESTAMP:2025-06-09 23:41:50 UTC
TRIGGER:schedule
