---METADATA---
HTTP_STATUS:200
TIME_TOTAL:3.482278
TIME_CONNECT:0.236643
SIZE_DOWNLOAD:1306
TIMESTAMP:2025-06-09 23:48:33 UTC
TRIGGER:schedule
