---METADATA---
HTTP_STATUS:200
TIME_TOTAL:3.415985
TIME_CONNECT:0.286793
SIZE_DOWNLOAD:1306
TIMESTAMP:2025-06-09 15:46:42 UTC
TRIGGER:schedule
