---METADATA---
HTTP_STATUS:200
TIME_TOTAL:3.253725
TIME_CONNECT:0.234050
SIZE_DOWNLOAD:1306
TIMESTAMP:2025-06-09 23:13:12 UTC
TRIGGER:schedule
