---METADATA---
HTTP_STATUS:200
TIME_TOTAL:3.143935
TIME_CONNECT:0.262408
SIZE_DOWNLOAD:1293
TIMESTAMP:2025-06-09 10:31:27 UTC
TRIGGER:schedule
