---METADATA---
HTTP_STATUS:200
TIME_TOTAL:3.639982
TIME_CONNECT:0.282601
SIZE_DOWNLOAD:1306
TIMESTAMP:2025-06-09 14:52:36 UTC
TRIGGER:schedule
