---METADATA---
HTTP_STATUS:200
TIME_TOTAL:3.639573
TIME_CONNECT:0.281386
SIZE_DOWNLOAD:1292
TIMESTAMP:2025-06-09 07:57:01 UTC
TRIGGER:schedule
