---METADATA---
HTTP_STATUS:200
TIME_TOTAL:3.311190
TIME_CONNECT:0.295458
SIZE_DOWNLOAD:1306
TIMESTAMP:2025-06-09 19:48:17 UTC
TRIGGER:schedule
