---METADATA---
HTTP_STATUS:200
TIME_TOTAL:3.514622
TIME_CONNECT:0.267101
SIZE_DOWNLOAD:1294
TIMESTAMP:2025-07-22 03:00:39 UTC
TRIGGER:schedule
