---METADATA---
HTTP_STATUS:200
TIME_TOTAL:3.367510
TIME_CONNECT:0.263392
SIZE_DOWNLOAD:1305
TIMESTAMP:2025-07-22 17:29:02 UTC
TRIGGER:schedule
