---METADATA---
HTTP_STATUS:200
TIME_TOTAL:3.664591
TIME_CONNECT:0.293974
SIZE_DOWNLOAD:1305
TIMESTAMP:2025-07-22 14:12:29 UTC
TRIGGER:schedule
