---METADATA---
HTTP_STATUS:200
TIME_TOTAL:3.649315
TIME_CONNECT:0.256064
SIZE_DOWNLOAD:1296
TIMESTAMP:2025-07-22 06:36:55 UTC
TRIGGER:schedule
