---METADATA---
HTTP_STATUS:200
TIME_TOTAL:3.455384
TIME_CONNECT:0.259136
SIZE_DOWNLOAD:1296
TIMESTAMP:2025-07-22 08:21:15 UTC
TRIGGER:schedule
