---METADATA---
HTTP_STATUS:200
TIME_TOTAL:3.503311
TIME_CONNECT:0.284627
SIZE_DOWNLOAD:1294
TIMESTAMP:2025-07-22 04:06:15 UTC
TRIGGER:schedule
