---METADATA---
HTTP_STATUS:200
TIME_TOTAL:3.420785
TIME_CONNECT:0.282789
SIZE_DOWNLOAD:1305
TIMESTAMP:2025-07-22 20:52:46 UTC
TRIGGER:schedule
