---METADATA---
HTTP_STATUS:200
TIME_TOTAL:3.526024
TIME_CONNECT:0.299888
SIZE_DOWNLOAD:1296
TIMESTAMP:2025-07-22 06:59:35 UTC
TRIGGER:schedule
