---METADATA---
HTTP_STATUS:200
TIME_TOTAL:3.473719
TIME_CONNECT:0.275666
SIZE_DOWNLOAD:1305
TIMESTAMP:2025-07-22 16:32:45 UTC
TRIGGER:schedule
