---METADATA---
HTTP_STATUS:200
TIME_TOTAL:1.202378
TIME_CONNECT:0.268950
SIZE_DOWNLOAD:1305
TIMESTAMP:2025-07-22 17:49:00 UTC
TRIGGER:schedule
