---METADATA---
HTTP_STATUS:200
TIME_TOTAL:3.520291
TIME_CONNECT:0.294383
SIZE_DOWNLOAD:1305
TIMESTAMP:2025-07-22 21:14:07 UTC
TRIGGER:schedule
