---METADATA---
HTTP_STATUS:200
TIME_TOTAL:3.622525
TIME_CONNECT:0.290181
SIZE_DOWNLOAD:1296
TIMESTAMP:2025-07-22 07:41:59 UTC
TRIGGER:schedule
