---METADATA---
HTTP_STATUS:200
TIME_TOTAL:3.686493
TIME_CONNECT:0.276136
SIZE_DOWNLOAD:1305
TIMESTAMP:2025-07-22 16:50:45 UTC
TRIGGER:schedule
