---METADATA---
HTTP_STATUS:200
TIME_TOTAL:3.559706
TIME_CONNECT:0.293687
SIZE_DOWNLOAD:1296
TIMESTAMP:2025-07-22 10:51:38 UTC
TRIGGER:schedule
