---METADATA---
HTTP_STATUS:200
TIME_TOTAL:3.480843
TIME_CONNECT:0.267876
SIZE_DOWNLOAD:1305
TIMESTAMP:2025-07-22 14:42:21 UTC
TRIGGER:schedule
