---METADATA---
HTTP_STATUS:200
TIME_TOTAL:1.088855
TIME_CONNECT:0.267679
SIZE_DOWNLOAD:1305
TIMESTAMP:2025-07-22 19:31:57 UTC
TRIGGER:schedule
