---METADATA---
HTTP_STATUS:200
TIME_TOTAL:3.482188
TIME_CONNECT:0.231735
SIZE_DOWNLOAD:1296
TIMESTAMP:2025-07-22 09:53:12 UTC
TRIGGER:schedule
