---METADATA---
HTTP_STATUS:200
TIME_TOTAL:3.567777
TIME_CONNECT:0.275970
SIZE_DOWNLOAD:1305
TIMESTAMP:2025-07-22 19:29:39 UTC
TRIGGER:schedule
