---METADATA---
HTTP_STATUS:200
TIME_TOTAL:3.548024
TIME_CONNECT:0.274010
SIZE_DOWNLOAD:1305
TIMESTAMP:2025-07-22 20:32:13 UTC
TRIGGER:schedule
