---METADATA---
HTTP_STATUS:200
TIME_TOTAL:3.366340
TIME_CONNECT:0.275364
SIZE_DOWNLOAD:1305
TIMESTAMP:2025-07-22 19:10:17 UTC
TRIGGER:schedule
