---METADATA---
HTTP_STATUS:200
TIME_TOTAL:3.483707
TIME_CONNECT:0.282414
SIZE_DOWNLOAD:1305
TIMESTAMP:2025-07-22 21:50:09 UTC
TRIGGER:schedule
