---METADATA---
HTTP_STATUS:200
TIME_TOTAL:3.435192
TIME_CONNECT:0.292253
SIZE_DOWNLOAD:1296
TIMESTAMP:2025-07-22 07:18:22 UTC
TRIGGER:schedule
