---METADATA---
HTTP_STATUS:200
TIME_TOTAL:3.339710
TIME_CONNECT:0.234381
SIZE_DOWNLOAD:1296
TIMESTAMP:2025-07-22 06:53:30 UTC
TRIGGER:schedule
