---METADATA---
HTTP_STATUS:200
TIME_TOTAL:1.223083
TIME_CONNECT:0.308164
SIZE_DOWNLOAD:1305
TIMESTAMP:2025-07-22 14:16:45 UTC
TRIGGER:schedule
