---METADATA---
HTTP_STATUS:200
TIME_TOTAL:3.418088
TIME_CONNECT:0.271275
SIZE_DOWNLOAD:1305
TIMESTAMP:2025-07-22 21:57:09 UTC
TRIGGER:schedule
