---METADATA---
HTTP_STATUS:200
TIME_TOTAL:3.721377
TIME_CONNECT:0.279746
SIZE_DOWNLOAD:1296
TIMESTAMP:2025-07-22 08:50:42 UTC
TRIGGER:schedule
