---METADATA---
HTTP_STATUS:200
TIME_TOTAL:3.479848
TIME_CONNECT:0.302600
SIZE_DOWNLOAD:1305
TIMESTAMP:2025-07-22 21:42:59 UTC
TRIGGER:schedule
