---METADATA---
HTTP_STATUS:200
TIME_TOTAL:3.541733
TIME_CONNECT:0.278314
SIZE_DOWNLOAD:1305
TIMESTAMP:2025-07-22 15:56:08 UTC
TRIGGER:schedule
