---METADATA---
HTTP_STATUS:200
TIME_TOTAL:3.429078
TIME_CONNECT:0.292675
SIZE_DOWNLOAD:1296
TIMESTAMP:2025-07-22 11:57:04 UTC
TRIGGER:schedule
