---METADATA---
HTTP_STATUS:200
TIME_TOTAL:3.520759
TIME_CONNECT:0.284015
SIZE_DOWNLOAD:1296
TIMESTAMP:2025-07-22 10:47:14 UTC
TRIGGER:schedule
