---METADATA---
HTTP_STATUS:200
TIME_TOTAL:3.355679
TIME_CONNECT:0.239307
SIZE_DOWNLOAD:1305
TIMESTAMP:2025-07-22 22:48:09 UTC
TRIGGER:schedule
