---METADATA---
HTTP_STATUS:200
TIME_TOTAL:3.433231
TIME_CONNECT:0.233075
SIZE_DOWNLOAD:1294
TIMESTAMP:2025-07-22 01:13:50 UTC
TRIGGER:schedule
