---METADATA---
HTTP_STATUS:200
TIME_TOTAL:3.405808
TIME_CONNECT:0.239286
SIZE_DOWNLOAD:1305
TIMESTAMP:2025-07-22 15:15:52 UTC
TRIGGER:schedule
