---METADATA---
HTTP_STATUS:200
TIME_TOTAL:3.626141
TIME_CONNECT:0.312376
SIZE_DOWNLOAD:1290
TIMESTAMP:2025-07-22 05:20:07 UTC
TRIGGER:schedule
