---METADATA---
HTTP_STATUS:200
TIME_TOTAL:3.458526
TIME_CONNECT:0.283807
SIZE_DOWNLOAD:1305
TIMESTAMP:2025-07-22 23:50:51 UTC
TRIGGER:schedule
