---METADATA---
HTTP_STATUS:200
TIME_TOTAL:3.622548
TIME_CONNECT:0.277102
SIZE_DOWNLOAD:1296
TIMESTAMP:2025-07-22 09:19:47 UTC
TRIGGER:schedule
