---METADATA---
HTTP_STATUS:200
TIME_TOTAL:3.473992
TIME_CONNECT:0.311675
SIZE_DOWNLOAD:1305
TIMESTAMP:2025-07-22 23:14:36 UTC
TRIGGER:schedule
