---METADATA---
HTTP_STATUS:200
TIME_TOTAL:3.517612
TIME_CONNECT:0.311221
SIZE_DOWNLOAD:1305
TIMESTAMP:2025-07-22 20:42:59 UTC
TRIGGER:schedule
