---METADATA---
HTTP_STATUS:200
TIME_TOTAL:3.391768
TIME_CONNECT:0.213048
SIZE_DOWNLOAD:1296
TIMESTAMP:2025-07-22 10:27:45 UTC
TRIGGER:schedule
