---METADATA---
HTTP_STATUS:200
TIME_TOTAL:3.392720
TIME_CONNECT:0.235037
SIZE_DOWNLOAD:1305
TIMESTAMP:2025-07-22 19:13:46 UTC
TRIGGER:schedule
