---METADATA---
HTTP_STATUS:200
TIME_TOTAL:1.040959
TIME_CONNECT:0.287729
SIZE_DOWNLOAD:1305
TIMESTAMP:2025-07-22 19:48:25 UTC
TRIGGER:schedule
