---METADATA---
HTTP_STATUS:200
TIME_TOTAL:3.472392
TIME_CONNECT:0.256704
SIZE_DOWNLOAD:1305
TIMESTAMP:2025-07-22 20:54:35 UTC
TRIGGER:schedule
