---METADATA---
HTTP_STATUS:200
TIME_TOTAL:3.551612
TIME_CONNECT:0.289043
SIZE_DOWNLOAD:1305
TIMESTAMP:2025-07-22 19:58:40 UTC
TRIGGER:schedule
