---METADATA---
HTTP_STATUS:200
TIME_TOTAL:3.583016
TIME_CONNECT:0.272015
SIZE_DOWNLOAD:1296
TIMESTAMP:2025-07-22 11:30:18 UTC
TRIGGER:schedule
