---METADATA---
HTTP_STATUS:200
TIME_TOTAL:3.560269
TIME_CONNECT:0.241818
SIZE_DOWNLOAD:1296
TIMESTAMP:2025-07-22 13:00:17 UTC
TRIGGER:schedule
