---METADATA---
HTTP_STATUS:200
TIME_TOTAL:3.673066
TIME_CONNECT:0.280935
SIZE_DOWNLOAD:1305
TIMESTAMP:2025-07-22 14:58:04 UTC
TRIGGER:schedule
