---METADATA---
HTTP_STATUS:200
TIME_TOTAL:3.366433
TIME_CONNECT:0.251832
SIZE_DOWNLOAD:1305
TIMESTAMP:2025-07-22 18:13:51 UTC
TRIGGER:schedule
