---METADATA---
HTTP_STATUS:200
TIME_TOTAL:3.403323
TIME_CONNECT:0.289549
SIZE_DOWNLOAD:1296
TIMESTAMP:2025-07-22 11:49:48 UTC
TRIGGER:schedule
