---METADATA---
HTTP_STATUS:200
TIME_TOTAL:3.523712
TIME_CONNECT:0.223978
SIZE_DOWNLOAD:1296
TIMESTAMP:2025-07-22 12:30:47 UTC
TRIGGER:schedule
