---METADATA---
HTTP_STATUS:200
TIME_TOTAL:3.551891
TIME_CONNECT:0.277344
SIZE_DOWNLOAD:1305
TIMESTAMP:2025-07-22 18:21:09 UTC
TRIGGER:schedule
