---METADATA---
HTTP_STATUS:200
TIME_TOTAL:3.403029
TIME_CONNECT:0.257158
SIZE_DOWNLOAD:1296
TIMESTAMP:2025-07-22 09:45:34 UTC
TRIGGER:schedule
