---METADATA---
HTTP_STATUS:200
TIME_TOTAL:3.404458
TIME_CONNECT:0.294623
SIZE_DOWNLOAD:1305
TIMESTAMP:2025-07-22 22:59:53 UTC
TRIGGER:schedule
