---METADATA---
HTTP_STATUS:200
TIME_TOTAL:3.478286
TIME_CONNECT:0.258004
SIZE_DOWNLOAD:1305
TIMESTAMP:2025-07-22 21:24:02 UTC
TRIGGER:schedule
