---METADATA---
HTTP_STATUS:200
TIME_TOTAL:3.447753
TIME_CONNECT:0.284162
SIZE_DOWNLOAD:1305
TIMESTAMP:2025-07-22 19:39:57 UTC
TRIGGER:schedule
