---METADATA---
HTTP_STATUS:200
TIME_TOTAL:3.494657
TIME_CONNECT:0.291486
SIZE_DOWNLOAD:1305
TIMESTAMP:2025-07-22 22:27:43 UTC
TRIGGER:schedule
