---METADATA---
HTTP_STATUS:200
TIME_TOTAL:3.397498
TIME_CONNECT:0.302182
SIZE_DOWNLOAD:1305
TIMESTAMP:2025-07-22 23:46:04 UTC
TRIGGER:schedule
