---METADATA---
HTTP_STATUS:200
TIME_TOTAL:3.283334
TIME_CONNECT:0.257528
SIZE_DOWNLOAD:1305
TIMESTAMP:2025-07-22 18:52:23 UTC
TRIGGER:schedule
