---METADATA---
HTTP_STATUS:200
TIME_TOTAL:3.403019
TIME_CONNECT:0.283633
SIZE_DOWNLOAD:1305
TIMESTAMP:2025-07-22 20:17:05 UTC
TRIGGER:schedule
