---METADATA---
HTTP_STATUS:200
TIME_TOTAL:1.131942
TIME_CONNECT:0.298253
SIZE_DOWNLOAD:1305
TIMESTAMP:2025-07-22 23:33:15 UTC
TRIGGER:schedule
