---METADATA---
HTTP_STATUS:200
TIME_TOTAL:1.228764
TIME_CONNECT:0.289785
SIZE_DOWNLOAD:1305
TIMESTAMP:2025-07-22 17:54:12 UTC
TRIGGER:schedule
