---METADATA---
HTTP_STATUS:200
TIME_TOTAL:3.484322
TIME_CONNECT:0.275469
SIZE_DOWNLOAD:1305
TIMESTAMP:2025-07-22 22:14:12 UTC
TRIGGER:schedule
