---METADATA---
HTTP_STATUS:200
TIME_TOTAL:3.470725
TIME_CONNECT:0.299822
SIZE_DOWNLOAD:1305
TIMESTAMP:2025-07-22 23:57:51 UTC
TRIGGER:schedule
