---METADATA---
HTTP_STATUS:200
TIME_TOTAL:3.593509
TIME_CONNECT:0.279242
SIZE_DOWNLOAD:1305
TIMESTAMP:2025-07-22 17:15:56 UTC
TRIGGER:schedule
