---METADATA---
HTTP_STATUS:200
TIME_TOTAL:1.228653
TIME_CONNECT:0.297749
SIZE_DOWNLOAD:1294
TIMESTAMP:2025-07-22 05:51:39 UTC
TRIGGER:schedule
