---METADATA---
HTTP_STATUS:200
TIME_TOTAL:3.548406
TIME_CONNECT:0.298297
SIZE_DOWNLOAD:1305
TIMESTAMP:2025-07-22 18:49:09 UTC
TRIGGER:schedule
