---METADATA---
HTTP_STATUS:200
TIME_TOTAL:3.599385
TIME_CONNECT:0.279003
SIZE_DOWNLOAD:1305
TIMESTAMP:2025-07-22 16:21:04 UTC
TRIGGER:schedule
