---METADATA---
HTTP_STATUS:200
TIME_TOTAL:3.460044
TIME_CONNECT:0.264118
SIZE_DOWNLOAD:1296
TIMESTAMP:2025-07-22 11:21:13 UTC
TRIGGER:schedule
