---METADATA---
HTTP_STATUS:200
TIME_TOTAL:3.539552
TIME_CONNECT:0.247724
SIZE_DOWNLOAD:1296
TIMESTAMP:2025-07-22 11:42:37 UTC
TRIGGER:schedule
