---METADATA---
HTTP_STATUS:200
TIME_TOTAL:3.408163
TIME_CONNECT:0.230928
SIZE_DOWNLOAD:1296
TIMESTAMP:2025-07-22 08:34:20 UTC
TRIGGER:schedule
