---METADATA---
HTTP_STATUS:200
TIME_TOTAL:3.535264
TIME_CONNECT:0.240886
SIZE_DOWNLOAD:1305
TIMESTAMP:2025-07-22 17:44:05 UTC
TRIGGER:schedule
