---METADATA---
HTTP_STATUS:200
TIME_TOTAL:3.509869
TIME_CONNECT:0.284798
SIZE_DOWNLOAD:1305
TIMESTAMP:2025-07-22 15:32:23 UTC
TRIGGER:schedule
