---METADATA---
HTTP_STATUS:200
TIME_TOTAL:3.512382
TIME_CONNECT:0.269896
SIZE_DOWNLOAD:1296
TIMESTAMP:2025-07-22 07:52:08 UTC
TRIGGER:schedule
