---METADATA---
HTTP_STATUS:200
TIME_TOTAL:3.400203
TIME_CONNECT:0.222586
SIZE_DOWNLOAD:1305
TIMESTAMP:2025-07-22 23:28:41 UTC
TRIGGER:schedule
