---METADATA---
HTTP_STATUS:200
TIME_TOTAL:3.454379
TIME_CONNECT:0.267029
SIZE_DOWNLOAD:1307
TIMESTAMP:2025-07-22 13:49:03 UTC
TRIGGER:schedule
