---METADATA---
HTTP_STATUS:200
TIME_TOTAL:3.540491
TIME_CONNECT:0.254182
SIZE_DOWNLOAD:1305
TIMESTAMP:2025-07-22 22:52:59 UTC
TRIGGER:schedule
