---METADATA---
HTTP_STATUS:200
TIME_TOTAL:3.522356
TIME_CONNECT:0.235522
SIZE_DOWNLOAD:1296
TIMESTAMP:2025-07-22 08:58:28 UTC
TRIGGER:schedule
