---METADATA---
HTTP_STATUS:200
TIME_TOTAL:3.414534
TIME_CONNECT:0.254289
SIZE_DOWNLOAD:1296
TIMESTAMP:2025-07-22 10:16:11 UTC
TRIGGER:schedule
