---METADATA---
HTTP_STATUS:200
TIME_TOTAL:3.343235
TIME_CONNECT:0.244352
SIZE_DOWNLOAD:1305
TIMESTAMP:2025-07-22 15:43:59 UTC
TRIGGER:schedule
