---METADATA---
HTTP_STATUS:200
TIME_TOTAL:3.594089
TIME_CONNECT:0.290715
SIZE_DOWNLOAD:1294
TIMESTAMP:2025-07-22 06:22:18 UTC
TRIGGER:schedule
