---METADATA---
HTTP_STATUS:200
TIME_TOTAL:3.380756
TIME_CONNECT:0.236839
SIZE_DOWNLOAD:1294
TIMESTAMP:2025-07-22 13:24:38 UTC
TRIGGER:schedule
