---METADATA---
HTTP_STATUS:200
TIME_TOTAL:3.316372
TIME_CONNECT:0.290933
SIZE_DOWNLOAD:1305
TIMESTAMP:2025-07-22 22:36:13 UTC
TRIGGER:schedule
