---METADATA---
HTTP_STATUS:200
TIME_TOTAL:3.465116
TIME_CONNECT:0.229738
SIZE_DOWNLOAD:1296
TIMESTAMP:2025-07-22 07:50:37 UTC
TRIGGER:schedule
