---METADATA---
HTTP_STATUS:200
TIME_TOTAL:3.430182
TIME_CONNECT:0.271165
SIZE_DOWNLOAD:1305
TIMESTAMP:2025-07-22 15:52:45 UTC
TRIGGER:schedule
