---METADATA---
HTTP_STATUS:200
TIME_TOTAL:3.609737
TIME_CONNECT:0.279532
SIZE_DOWNLOAD:1296
TIMESTAMP:2025-07-22 11:12:51 UTC
TRIGGER:schedule
