---METADATA---
HTTP_STATUS:200
TIME_TOTAL:3.608781
TIME_CONNECT:0.260925
SIZE_DOWNLOAD:1307
TIMESTAMP:2025-07-22 05:47:07 UTC
TRIGGER:schedule
