---METADATA---
HTTP_STATUS:200
TIME_TOTAL:3.423120
TIME_CONNECT:0.276596
SIZE_DOWNLOAD:1294
TIMESTAMP:2025-07-22 00:56:07 UTC
TRIGGER:schedule
