---METADATA---
HTTP_STATUS:200
TIME_TOTAL:3.539335
TIME_CONNECT:0.279458
SIZE_DOWNLOAD:1305
TIMESTAMP:2025-07-22 21:33:07 UTC
TRIGGER:schedule
