---METADATA---
HTTP_STATUS:200
TIME_TOTAL:3.447630
TIME_CONNECT:0.215407
SIZE_DOWNLOAD:1296
TIMESTAMP:2025-07-22 04:50:26 UTC
TRIGGER:schedule
