---METADATA---
HTTP_STATUS:200
TIME_TOTAL:3.494860
TIME_CONNECT:0.288884
SIZE_DOWNLOAD:1296
TIMESTAMP:2025-07-22 07:31:22 UTC
TRIGGER:schedule
