---METADATA---
HTTP_STATUS:200
TIME_TOTAL:1.114643
TIME_CONNECT:0.276061
SIZE_DOWNLOAD:1307
TIMESTAMP:2025-07-22 13:53:53 UTC
TRIGGER:schedule
