---METADATA---
HTTP_STATUS:200
TIME_TOTAL:3.443206
TIME_CONNECT:0.268066
SIZE_DOWNLOAD:1305
TIMESTAMP:2025-07-22 19:46:50 UTC
TRIGGER:schedule
