---METADATA---
HTTP_STATUS:200
TIME_TOTAL:3.388614
TIME_CONNECT:0.243859
SIZE_DOWNLOAD:1296
TIMESTAMP:2025-07-22 09:34:32 UTC
TRIGGER:schedule
