---METADATA---
HTTP_STATUS:200
TIME_TOTAL:3.551306
TIME_CONNECT:0.283731
SIZE_DOWNLOAD:1296
TIMESTAMP:2025-07-22 05:28:36 UTC
TRIGGER:schedule
