---METADATA---
HTTP_STATUS:200
TIME_TOTAL:1.094382
TIME_CONNECT:0.285416
SIZE_DOWNLOAD:1294
TIMESTAMP:2025-07-22 04:06:33 UTC
TRIGGER:schedule
