---METADATA---
HTTP_STATUS:200
TIME_TOTAL:3.497429
TIME_CONNECT:0.271085
SIZE_DOWNLOAD:1294
TIMESTAMP:2025-07-22 03:08:08 UTC
TRIGGER:schedule
