---METADATA---
HTTP_STATUS:200
TIME_TOTAL:3.520209
TIME_CONNECT:0.355605
SIZE_DOWNLOAD:1305
TIMESTAMP:2025-07-22 16:57:44 UTC
TRIGGER:schedule
