---METADATA---
HTTP_STATUS:200
TIME_TOTAL:3.479789
TIME_CONNECT:0.277271
SIZE_DOWNLOAD:1305
TIMESTAMP:2025-07-22 14:45:19 UTC
TRIGGER:schedule
