---METADATA---
HTTP_STATUS:200
TIME_TOTAL:3.454216
TIME_CONNECT:0.278245
SIZE_DOWNLOAD:1294
TIMESTAMP:2025-08-26 14:56:57 UTC
TRIGGER:schedule
