---METADATA---
HTTP_STATUS:200
TIME_TOTAL:3.687681
TIME_CONNECT:0.283234
SIZE_DOWNLOAD:1294
TIMESTAMP:2025-08-26 14:13:09 UTC
TRIGGER:schedule
