---METADATA---
HTTP_STATUS:200
TIME_TOTAL:3.635633
TIME_CONNECT:0.305815
SIZE_DOWNLOAD:1294
TIMESTAMP:2025-08-26 09:25:45 UTC
TRIGGER:schedule
