---METADATA---
HTTP_STATUS:200
TIME_TOTAL:1.076295
TIME_CONNECT:0.236309
SIZE_DOWNLOAD:1307
TIMESTAMP:2025-08-26 23:27:13 UTC
TRIGGER:schedule
