---METADATA---
HTTP_STATUS:200
TIME_TOTAL:3.555552
TIME_CONNECT:0.276133
SIZE_DOWNLOAD:1306
TIMESTAMP:2025-08-26 07:57:00 UTC
TRIGGER:schedule
