---METADATA---
HTTP_STATUS:200
TIME_TOTAL:3.489050
TIME_CONNECT:0.253264
SIZE_DOWNLOAD:1294
TIMESTAMP:2025-08-26 07:25:51 UTC
TRIGGER:schedule
