---METADATA---
HTTP_STATUS:200
TIME_TOTAL:3.379871
TIME_CONNECT:0.243499
SIZE_DOWNLOAD:1307
TIMESTAMP:2025-08-26 23:38:53 UTC
TRIGGER:schedule
