---METADATA---
HTTP_STATUS:200
TIME_TOTAL:3.487874
TIME_CONNECT:0.261159
SIZE_DOWNLOAD:1294
TIMESTAMP:2025-08-26 18:18:56 UTC
TRIGGER:schedule
