---METADATA---
HTTP_STATUS:200
TIME_TOTAL:3.444226
TIME_CONNECT:0.278365
SIZE_DOWNLOAD:1294
TIMESTAMP:2025-08-26 17:48:50 UTC
TRIGGER:schedule
