---METADATA---
HTTP_STATUS:200
TIME_TOTAL:3.306021
TIME_CONNECT:0.289547
SIZE_DOWNLOAD:1307
TIMESTAMP:2025-08-26 21:38:53 UTC
TRIGGER:schedule
