---METADATA---
HTTP_STATUS:200
TIME_TOTAL:3.459038
TIME_CONNECT:0.280796
SIZE_DOWNLOAD:1307
TIMESTAMP:2025-08-26 20:56:50 UTC
TRIGGER:schedule
