---METADATA---
HTTP_STATUS:200
TIME_TOTAL:3.390202
TIME_CONNECT:0.284656
SIZE_DOWNLOAD:1294
TIMESTAMP:2025-08-26 19:48:19 UTC
TRIGGER:schedule
