---METADATA---
HTTP_STATUS:200
TIME_TOTAL:3.563287
TIME_CONNECT:0.248254
SIZE_DOWNLOAD:1294
TIMESTAMP:2025-08-26 03:58:40 UTC
TRIGGER:schedule
