---METADATA---
HTTP_STATUS:200
TIME_TOTAL:3.189434
TIME_CONNECT:0.212996
SIZE_DOWNLOAD:1294
TIMESTAMP:2025-08-26 01:06:34 UTC
TRIGGER:schedule
