---METADATA---
HTTP_STATUS:200
TIME_TOTAL:3.525451
TIME_CONNECT:0.244017
SIZE_DOWNLOAD:1307
TIMESTAMP:2025-08-26 20:38:07 UTC
TRIGGER:schedule
