---METADATA---
HTTP_STATUS:200
TIME_TOTAL:3.374742
TIME_CONNECT:0.216661
SIZE_DOWNLOAD:1307
TIMESTAMP:2025-08-26 23:22:23 UTC
TRIGGER:schedule
