---METADATA---
HTTP_STATUS:200
TIME_TOTAL:3.443132
TIME_CONNECT:0.258677
SIZE_DOWNLOAD:1307
TIMESTAMP:2025-08-26 21:27:13 UTC
TRIGGER:schedule
