---METADATA---
HTTP_STATUS:200
TIME_TOTAL:3.376580
TIME_CONNECT:0.215135
SIZE_DOWNLOAD:1294
TIMESTAMP:2025-08-26 15:33:02 UTC
TRIGGER:schedule
