---METADATA---
HTTP_STATUS:200
TIME_TOTAL:3.431095
TIME_CONNECT:0.247241
SIZE_DOWNLOAD:1294
TIMESTAMP:2025-08-26 19:10:20 UTC
TRIGGER:schedule
