---METADATA---
HTTP_STATUS:200
TIME_TOTAL:3.490062
TIME_CONNECT:0.229942
SIZE_DOWNLOAD:1294
TIMESTAMP:2025-08-26 16:32:16 UTC
TRIGGER:schedule
