---METADATA---
HTTP_STATUS:200
TIME_TOTAL:3.568125
TIME_CONNECT:0.258795
SIZE_DOWNLOAD:1307
TIMESTAMP:2025-08-26 22:31:44 UTC
TRIGGER:schedule
