---METADATA---
HTTP_STATUS:200
TIME_TOTAL:3.421225
TIME_CONNECT:0.288516
SIZE_DOWNLOAD:1307
TIMESTAMP:2025-08-26 23:50:46 UTC
TRIGGER:schedule
