---METADATA---
HTTP_STATUS:200
TIME_TOTAL:3.701134
TIME_CONNECT:0.348565
SIZE_DOWNLOAD:1298
TIMESTAMP:2025-08-26 06:39:24 UTC
TRIGGER:schedule
