---METADATA---
HTTP_STATUS:200
TIME_TOTAL:3.287881
TIME_CONNECT:0.284307
SIZE_DOWNLOAD:1294
TIMESTAMP:2025-08-26 17:30:18 UTC
TRIGGER:schedule
