---METADATA---
HTTP_STATUS:200
TIME_TOTAL:3.514039
TIME_CONNECT:0.287662
SIZE_DOWNLOAD:1294
TIMESTAMP:2025-08-26 17:48:13 UTC
TRIGGER:schedule
