---METADATA---
HTTP_STATUS:200
TIME_TOTAL:3.316286
TIME_CONNECT:0.275979
SIZE_DOWNLOAD:1294
TIMESTAMP:2025-08-26 18:43:31 UTC
TRIGGER:schedule
