---METADATA---
HTTP_STATUS:200
TIME_TOTAL:3.386224
TIME_CONNECT:0.239686
SIZE_DOWNLOAD:1307
TIMESTAMP:2025-08-26 21:12:02 UTC
TRIGGER:schedule
