---METADATA---
HTTP_STATUS:200
TIME_TOTAL:3.526253
TIME_CONNECT:0.231384
SIZE_DOWNLOAD:1296
TIMESTAMP:2025-08-26 05:28:14 UTC
TRIGGER:schedule
