---METADATA---
HTTP_STATUS:200
TIME_TOTAL:3.522154
TIME_CONNECT:0.233320
SIZE_DOWNLOAD:1295
TIMESTAMP:2025-08-26 07:14:08 UTC
TRIGGER:schedule
