---METADATA---
HTTP_STATUS:200
TIME_TOTAL:3.441374
TIME_CONNECT:0.263857
SIZE_DOWNLOAD:1309
TIMESTAMP:2025-08-26 05:56:50 UTC
TRIGGER:schedule
