---METADATA---
HTTP_STATUS:200
TIME_TOTAL:3.279241
TIME_CONNECT:0.274399
SIZE_DOWNLOAD:1294
TIMESTAMP:2025-08-26 10:47:39 UTC
TRIGGER:schedule
