---METADATA---
HTTP_STATUS:200
TIME_TOTAL:3.425156
TIME_CONNECT:0.215479
SIZE_DOWNLOAD:1294
TIMESTAMP:2025-08-26 11:38:41 UTC
TRIGGER:schedule
