---METADATA---
HTTP_STATUS:200
TIME_TOTAL:3.516980
TIME_CONNECT:0.238299
SIZE_DOWNLOAD:1294
TIMESTAMP:2025-08-26 13:51:14 UTC
TRIGGER:schedule
