---METADATA---
HTTP_STATUS:200
TIME_TOTAL:3.441184
TIME_CONNECT:0.213118
SIZE_DOWNLOAD:1307
TIMESTAMP:2025-08-26 21:22:31 UTC
TRIGGER:schedule
