---METADATA---
HTTP_STATUS:200
TIME_TOTAL:3.346942
TIME_CONNECT:0.225982
SIZE_DOWNLOAD:1294
TIMESTAMP:2025-08-26 18:56:49 UTC
TRIGGER:schedule
