---METADATA---
HTTP_STATUS:200
TIME_TOTAL:3.576272
TIME_CONNECT:0.284510
SIZE_DOWNLOAD:1294
TIMESTAMP:2025-08-26 11:40:04 UTC
TRIGGER:schedule
