---METADATA---
HTTP_STATUS:200
TIME_TOTAL:3.350576
TIME_CONNECT:0.237258
SIZE_DOWNLOAD:1294
TIMESTAMP:2025-08-26 03:50:07 UTC
TRIGGER:schedule
