---METADATA---
HTTP_STATUS:200
TIME_TOTAL:3.276307
TIME_CONNECT:0.207769
SIZE_DOWNLOAD:1307
TIMESTAMP:2025-08-26 21:37:04 UTC
TRIGGER:schedule
