---METADATA---
HTTP_STATUS:200
TIME_TOTAL:3.427821
TIME_CONNECT:0.264465
SIZE_DOWNLOAD:1294
TIMESTAMP:2025-08-26 20:28:21 UTC
TRIGGER:schedule
