---METADATA---
HTTP_STATUS:200
TIME_TOTAL:3.556841
TIME_CONNECT:0.233962
SIZE_DOWNLOAD:1294
TIMESTAMP:2025-08-26 14:43:29 UTC
TRIGGER:schedule
