---METADATA---
HTTP_STATUS:200
TIME_TOTAL:3.375968
TIME_CONNECT:0.241674
SIZE_DOWNLOAD:1305
TIMESTAMP:2025-08-26 07:48:13 UTC
TRIGGER:schedule
