---METADATA---
HTTP_STATUS:200
TIME_TOTAL:3.473053
TIME_CONNECT:0.235939
SIZE_DOWNLOAD:1296
TIMESTAMP:2025-08-26 06:57:39 UTC
TRIGGER:schedule
