---METADATA---
HTTP_STATUS:200
TIME_TOTAL:3.446228
TIME_CONNECT:0.285244
SIZE_DOWNLOAD:1307
TIMESTAMP:2025-08-26 23:37:03 UTC
TRIGGER:schedule
