---METADATA---
HTTP_STATUS:200
TIME_TOTAL:3.365142
TIME_CONNECT:0.273671
SIZE_DOWNLOAD:1307
TIMESTAMP:2025-08-26 23:12:16 UTC
TRIGGER:schedule
