---METADATA---
HTTP_STATUS:200
TIME_TOTAL:1.135629
TIME_CONNECT:0.286110
SIZE_DOWNLOAD:1311
TIMESTAMP:2025-08-26 07:31:02 UTC
TRIGGER:schedule
