---METADATA---
HTTP_STATUS:200
TIME_TOTAL:3.509458
TIME_CONNECT:0.262573
SIZE_DOWNLOAD:1307
TIMESTAMP:2025-08-26 21:50:57 UTC
TRIGGER:schedule
