---METADATA---
HTTP_STATUS:200
TIME_TOTAL:3.413512
TIME_CONNECT:0.237318
SIZE_DOWNLOAD:1296
TIMESTAMP:2025-08-26 04:46:28 UTC
TRIGGER:schedule
