---METADATA---
HTTP_STATUS:200
TIME_TOTAL:3.315169
TIME_CONNECT:0.234545
SIZE_DOWNLOAD:1307
TIMESTAMP:2025-08-26 22:20:22 UTC
TRIGGER:schedule
