---METADATA---
HTTP_STATUS:200
TIME_TOTAL:3.474093
TIME_CONNECT:0.273856
SIZE_DOWNLOAD:1295
TIMESTAMP:2025-08-26 07:41:20 UTC
TRIGGER:schedule
