---METADATA---
HTTP_STATUS:200
TIME_TOTAL:3.536162
TIME_CONNECT:0.282587
SIZE_DOWNLOAD:1294
TIMESTAMP:2025-08-26 15:48:17 UTC
TRIGGER:schedule
