---METADATA---
HTTP_STATUS:200
TIME_TOTAL:3.427805
TIME_CONNECT:0.283132
SIZE_DOWNLOAD:1296
TIMESTAMP:2025-08-26 04:52:48 UTC
TRIGGER:schedule
