---METADATA---
HTTP_STATUS:200
TIME_TOTAL:3.639269
TIME_CONNECT:0.292848
SIZE_DOWNLOAD:1293
TIMESTAMP:2025-08-26 20:43:42 UTC
TRIGGER:schedule
