---METADATA---
HTTP_STATUS:200
TIME_TOTAL:3.450949
TIME_CONNECT:0.262909
SIZE_DOWNLOAD:1294
TIMESTAMP:2025-08-26 17:19:37 UTC
TRIGGER:schedule
