---METADATA---
HTTP_STATUS:200
TIME_TOTAL:3.652895
TIME_CONNECT:0.314382
SIZE_DOWNLOAD:1307
TIMESTAMP:2025-08-26 22:12:48 UTC
TRIGGER:schedule
