---METADATA---
HTTP_STATUS:200
TIME_TOTAL:3.363619
TIME_CONNECT:0.285510
SIZE_DOWNLOAD:1294
TIMESTAMP:2025-08-26 02:03:44 UTC
TRIGGER:schedule
