---METADATA---
HTTP_STATUS:200
TIME_TOTAL:1.023029
TIME_CONNECT:0.278098
SIZE_DOWNLOAD:1294
TIMESTAMP:2025-08-26 04:27:09 UTC
TRIGGER:schedule
