---METADATA---
HTTP_STATUS:200
TIME_TOTAL:3.513294
TIME_CONNECT:0.283966
SIZE_DOWNLOAD:1294
TIMESTAMP:2025-08-26 11:51:51 UTC
TRIGGER:schedule
