---METADATA---
HTTP_STATUS:200
TIME_TOTAL:3.504747
TIME_CONNECT:0.265623
SIZE_DOWNLOAD:1294
TIMESTAMP:2025-08-26 11:12:41 UTC
TRIGGER:schedule
