---METADATA---
HTTP_STATUS:200
TIME_TOTAL:3.479068
TIME_CONNECT:0.242830
SIZE_DOWNLOAD:1294
TIMESTAMP:2025-08-26 11:24:11 UTC
TRIGGER:schedule
