---METADATA---
HTTP_STATUS:200
TIME_TOTAL:3.592659
TIME_CONNECT:0.244350
SIZE_DOWNLOAD:1296
TIMESTAMP:2025-08-26 09:50:14 UTC
TRIGGER:schedule
