---METADATA---
HTTP_STATUS:200
TIME_TOTAL:1.029005
TIME_CONNECT:0.234623
SIZE_DOWNLOAD:1294
TIMESTAMP:2025-08-26 19:23:36 UTC
TRIGGER:schedule
