---METADATA---
HTTP_STATUS:200
TIME_TOTAL:3.559920
TIME_CONNECT:0.274744
SIZE_DOWNLOAD:1294
TIMESTAMP:2025-08-26 16:16:32 UTC
TRIGGER:schedule
