---METADATA---
HTTP_STATUS:200
TIME_TOTAL:3.532750
TIME_CONNECT:0.251182
SIZE_DOWNLOAD:1294
TIMESTAMP:2025-08-26 14:33:31 UTC
TRIGGER:schedule
