---METADATA---
HTTP_STATUS:200
TIME_TOTAL:3.515541
TIME_CONNECT:0.287936
SIZE_DOWNLOAD:1307
TIMESTAMP:2025-08-26 09:57:06 UTC
TRIGGER:schedule
