---METADATA---
HTTP_STATUS:200
TIME_TOTAL:1.126198
TIME_CONNECT:0.277662
SIZE_DOWNLOAD:1294
TIMESTAMP:2025-08-26 20:48:15 UTC
TRIGGER:schedule
