---METADATA---
HTTP_STATUS:200
TIME_TOTAL:3.730947
TIME_CONNECT:0.371978
SIZE_DOWNLOAD:1294
TIMESTAMP:2025-08-26 20:15:18 UTC
TRIGGER:schedule
