---METADATA---
HTTP_STATUS:200
TIME_TOTAL:3.384108
TIME_CONNECT:0.275117
SIZE_DOWNLOAD:1307
TIMESTAMP:2025-08-26 22:56:50 UTC
TRIGGER:schedule
