---METADATA---
HTTP_STATUS:200
TIME_TOTAL:3.510475
TIME_CONNECT:0.257569
SIZE_DOWNLOAD:1294
TIMESTAMP:2025-08-26 16:54:40 UTC
TRIGGER:schedule
