---METADATA---
HTTP_STATUS:200
TIME_TOTAL:3.774544
TIME_CONNECT:0.271240
SIZE_DOWNLOAD:1294
TIMESTAMP:2025-08-26 19:47:12 UTC
TRIGGER:schedule
