---METADATA---
HTTP_STATUS:200
TIME_TOTAL:3.607971
TIME_CONNECT:0.275171
SIZE_DOWNLOAD:1294
TIMESTAMP:2025-08-26 17:12:25 UTC
TRIGGER:schedule
