---METADATA---
HTTP_STATUS:200
TIME_TOTAL:3.572817
TIME_CONNECT:0.261198
SIZE_DOWNLOAD:1298
TIMESTAMP:2025-08-26 04:43:08 UTC
TRIGGER:schedule
