---METADATA---
HTTP_STATUS:200
TIME_TOTAL:3.677275
TIME_CONNECT:0.257670
SIZE_DOWNLOAD:1307
TIMESTAMP:2025-08-26 13:35:06 UTC
TRIGGER:schedule
