---METADATA---
HTTP_STATUS:200
TIME_TOTAL:3.719281
TIME_CONNECT:0.224230
SIZE_DOWNLOAD:1296
TIMESTAMP:2025-08-26 13:08:52 UTC
TRIGGER:schedule
