---METADATA---
HTTP_STATUS:200
TIME_TOTAL:3.656668
TIME_CONNECT:0.291650
SIZE_DOWNLOAD:1294
TIMESTAMP:2025-08-26 16:44:06 UTC
TRIGGER:schedule
