---METADATA---
HTTP_STATUS:200
TIME_TOTAL:3.550032
TIME_CONNECT:0.271449
SIZE_DOWNLOAD:1294
TIMESTAMP:2025-08-26 06:21:13 UTC
TRIGGER:schedule
