---METADATA---
HTTP_STATUS:200
TIME_TOTAL:3.440618
TIME_CONNECT:0.248226
SIZE_DOWNLOAD:1307
TIMESTAMP:2025-08-26 05:14:24 UTC
TRIGGER:schedule
