---METADATA---
HTTP_STATUS:200
TIME_TOTAL:1.188761
TIME_CONNECT:0.314722
SIZE_DOWNLOAD:1294
TIMESTAMP:2025-08-26 10:52:42 UTC
TRIGGER:schedule
