---METADATA---
HTTP_STATUS:200
TIME_TOTAL:3.538732
TIME_CONNECT:0.236873
SIZE_DOWNLOAD:1294
TIMESTAMP:2025-08-26 10:42:54 UTC
TRIGGER:schedule
