---METADATA---
HTTP_STATUS:200
TIME_TOTAL:3.291102
TIME_CONNECT:0.254696
SIZE_DOWNLOAD:1307
TIMESTAMP:2025-08-26 23:48:25 UTC
TRIGGER:schedule
