---METADATA---
HTTP_STATUS:200
TIME_TOTAL:3.454827
TIME_CONNECT:0.265430
SIZE_DOWNLOAD:1294
TIMESTAMP:2025-08-26 19:32:29 UTC
TRIGGER:schedule
