---METADATA---
HTTP_STATUS:200
TIME_TOTAL:3.466976
TIME_CONNECT:0.261595
SIZE_DOWNLOAD:1294
TIMESTAMP:2025-08-26 08:35:41 UTC
TRIGGER:schedule
