---METADATA---
HTTP_STATUS:200
TIME_TOTAL:3.518262
TIME_CONNECT:0.286328
SIZE_DOWNLOAD:1294
TIMESTAMP:2025-08-26 03:38:11 UTC
TRIGGER:schedule
