---METADATA---
HTTP_STATUS:200
TIME_TOTAL:3.661578
TIME_CONNECT:0.243861
SIZE_DOWNLOAD:1292
TIMESTAMP:2025-08-26 06:50:00 UTC
TRIGGER:schedule
