---METADATA---
HTTP_STATUS:200
TIME_TOTAL:3.440602
TIME_CONNECT:0.245713
SIZE_DOWNLOAD:1294
TIMESTAMP:2025-08-26 19:59:09 UTC
TRIGGER:schedule
