---METADATA---
HTTP_STATUS:200
TIME_TOTAL:3.667784
TIME_CONNECT:0.273953
SIZE_DOWNLOAD:1296
TIMESTAMP:2025-08-26 05:45:01 UTC
TRIGGER:schedule
