---METADATA---
HTTP_STATUS:200
TIME_TOTAL:3.472158
TIME_CONNECT:0.285543
SIZE_DOWNLOAD:1294
TIMESTAMP:2025-08-26 14:49:58 UTC
TRIGGER:schedule
