---METADATA---
HTTP_STATUS:200
TIME_TOTAL:3.612618
TIME_CONNECT:0.285312
SIZE_DOWNLOAD:1309
TIMESTAMP:2025-08-26 08:55:19 UTC
TRIGGER:schedule
