---METADATA---
HTTP_STATUS:200
TIME_TOTAL:3.498322
TIME_CONNECT:0.305671
SIZE_DOWNLOAD:1294
TIMESTAMP:2025-08-26 12:29:52 UTC
TRIGGER:schedule
