---METADATA---
HTTP_STATUS:200
TIME_TOTAL:3.410672
TIME_CONNECT:0.280273
SIZE_DOWNLOAD:1294
TIMESTAMP:2025-08-26 17:37:06 UTC
TRIGGER:schedule
