---METADATA---
HTTP_STATUS:200
TIME_TOTAL:3.457261
TIME_CONNECT:0.276836
SIZE_DOWNLOAD:1294
TIMESTAMP:2025-08-26 16:52:36 UTC
TRIGGER:schedule
