---METADATA---
HTTP_STATUS:200
TIME_TOTAL:1.011051
TIME_CONNECT:0.240039
SIZE_DOWNLOAD:1294
TIMESTAMP:2025-08-26 13:52:33 UTC
TRIGGER:schedule
