---METADATA---
HTTP_STATUS:200
TIME_TOTAL:3.533365
TIME_CONNECT:0.270403
SIZE_DOWNLOAD:1294
TIMESTAMP:2025-08-26 03:15:26 UTC
TRIGGER:schedule
