---METADATA---
HTTP_STATUS:200
TIME_TOTAL:3.521694
TIME_CONNECT:0.281517
SIZE_DOWNLOAD:1294
TIMESTAMP:2025-08-26 04:26:17 UTC
TRIGGER:schedule
