---METADATA---
HTTP_STATUS:200
TIME_TOTAL:3.541306
TIME_CONNECT:0.231504
SIZE_DOWNLOAD:1294
TIMESTAMP:2025-08-26 12:50:22 UTC
TRIGGER:schedule
