---METADATA---
HTTP_STATUS:200
TIME_TOTAL:3.558436
TIME_CONNECT:0.239290
SIZE_DOWNLOAD:1296
TIMESTAMP:2025-08-26 05:34:20 UTC
TRIGGER:schedule
