---METADATA---
HTTP_STATUS:200
TIME_TOTAL:3.482341
TIME_CONNECT:0.289686
SIZE_DOWNLOAD:1307
TIMESTAMP:2025-08-26 22:41:33 UTC
TRIGGER:schedule
