---METADATA---
HTTP_STATUS:200
TIME_TOTAL:3.446509
TIME_CONNECT:0.247255
SIZE_DOWNLOAD:1307
TIMESTAMP:2025-08-26 21:48:17 UTC
TRIGGER:schedule
