---METADATA---
HTTP_STATUS:200
TIME_TOTAL:3.275445
TIME_CONNECT:0.225689
SIZE_DOWNLOAD:1294
TIMESTAMP:2025-08-26 15:14:19 UTC
TRIGGER:schedule
