---METADATA---
HTTP_STATUS:200
TIME_TOTAL:3.583477
TIME_CONNECT:0.258944
SIZE_DOWNLOAD:1294
TIMESTAMP:2025-08-26 11:27:49 UTC
TRIGGER:schedule
