---METADATA---
HTTP_STATUS:200
TIME_TOTAL:3.486984
TIME_CONNECT:0.236444
SIZE_DOWNLOAD:1294
TIMESTAMP:2025-08-26 15:43:09 UTC
TRIGGER:schedule
