---METADATA---
HTTP_STATUS:200
TIME_TOTAL:3.501714
TIME_CONNECT:0.245049
SIZE_DOWNLOAD:1310
TIMESTAMP:2025-08-26 08:46:52 UTC
TRIGGER:schedule
