---METADATA---
HTTP_STATUS:200
TIME_TOTAL:3.542537
TIME_CONNECT:0.259575
SIZE_DOWNLOAD:1292
TIMESTAMP:2025-08-26 05:49:26 UTC
TRIGGER:schedule
