---METADATA---
HTTP_STATUS:200
TIME_TOTAL:3.484320
TIME_CONNECT:0.259253
SIZE_DOWNLOAD:1294
TIMESTAMP:2025-08-26 15:58:05 UTC
TRIGGER:schedule
