---METADATA---
HTTP_STATUS:200
TIME_TOTAL:3.383557
TIME_CONNECT:0.227014
SIZE_DOWNLOAD:1294
TIMESTAMP:2025-08-26 10:15:18 UTC
TRIGGER:schedule
