---METADATA---
HTTP_STATUS:200
TIME_TOTAL:3.558320
TIME_CONNECT:0.255908
SIZE_DOWNLOAD:1294
TIMESTAMP:2025-08-26 04:58:31 UTC
TRIGGER:schedule
