---METADATA---
HTTP_STATUS:200
TIME_TOTAL:3.497332
TIME_CONNECT:0.278288
SIZE_DOWNLOAD:1294
TIMESTAMP:2025-08-26 09:40:56 UTC
TRIGGER:schedule
