---METADATA---
HTTP_STATUS:200
TIME_TOTAL:3.315175
TIME_CONNECT:0.218521
SIZE_DOWNLOAD:1294
TIMESTAMP:2025-08-26 19:19:41 UTC
TRIGGER:schedule
