---METADATA---
HTTP_STATUS:200
TIME_TOTAL:3.619060
TIME_CONNECT:0.308590
SIZE_DOWNLOAD:1294
TIMESTAMP:2025-08-26 11:48:08 UTC
TRIGGER:schedule
