---METADATA---
HTTP_STATUS:200
TIME_TOTAL:3.479155
TIME_CONNECT:0.246857
SIZE_DOWNLOAD:1306
TIMESTAMP:2025-08-26 13:42:50 UTC
TRIGGER:schedule
