---METADATA---
HTTP_STATUS:200
TIME_TOTAL:3.622768
TIME_CONNECT:0.295680
SIZE_DOWNLOAD:1294
TIMESTAMP:2025-08-26 09:44:27 UTC
TRIGGER:schedule
