---METADATA---
HTTP_STATUS:200
TIME_TOTAL:3.584010
TIME_CONNECT:0.305828
SIZE_DOWNLOAD:1307
TIMESTAMP:2025-08-26 22:48:23 UTC
TRIGGER:schedule
