---METADATA---
HTTP_STATUS:200
TIME_TOTAL:1.064090
TIME_CONNECT:0.278013
SIZE_DOWNLOAD:1294
TIMESTAMP:2025-08-26 19:34:52 UTC
TRIGGER:schedule
