---METADATA---
HTTP_STATUS:200
TIME_TOTAL:3.484624
TIME_CONNECT:0.291619
SIZE_DOWNLOAD:1294
TIMESTAMP:2025-08-26 10:59:28 UTC
TRIGGER:schedule
