---METADATA---
HTTP_STATUS:200
TIME_TOTAL:1.063983
TIME_CONNECT:0.238117
SIZE_DOWNLOAD:1294
TIMESTAMP:2025-08-26 18:45:49 UTC
TRIGGER:schedule
