---METADATA---
HTTP_STATUS:200
TIME_TOTAL:3.524615
TIME_CONNECT:0.306500
SIZE_DOWNLOAD:1307
TIMESTAMP:2025-08-26 08:20:02 UTC
TRIGGER:schedule
