---METADATA---
HTTP_STATUS:200
TIME_TOTAL:3.472277
TIME_CONNECT:0.209637
SIZE_DOWNLOAD:1294
TIMESTAMP:2025-08-26 15:27:02 UTC
TRIGGER:schedule
