---METADATA---
HTTP_STATUS:200
TIME_TOTAL:3.531289
TIME_CONNECT:0.241195
SIZE_DOWNLOAD:1293
TIMESTAMP:2025-08-26 09:15:36 UTC
TRIGGER:schedule
