---METADATA---
HTTP_STATUS:200
TIME_TOTAL:3.652908
TIME_CONNECT:0.312515
SIZE_DOWNLOAD:1294
TIMESTAMP:2025-08-26 18:12:16 UTC
TRIGGER:schedule
