---METADATA---
HTTP_STATUS:200
TIME_TOTAL:3.209190
TIME_CONNECT:0.309614
SIZE_DOWNLOAD:1292
TIMESTAMP:2025-06-06 20:30:18 UTC
TRIGGER:schedule
