---METADATA---
HTTP_STATUS:200
TIME_TOTAL:3.261717
TIME_CONNECT:0.247455
SIZE_DOWNLOAD:1292
TIMESTAMP:2025-06-06 17:57:06 UTC
TRIGGER:schedule
