---METADATA---
HTTP_STATUS:200
TIME_TOTAL:3.315017
TIME_CONNECT:0.240744
SIZE_DOWNLOAD:1292
TIMESTAMP:2025-06-06 14:42:49 UTC
TRIGGER:schedule
