---METADATA---
HTTP_STATUS:200
TIME_TOTAL:1.105340
TIME_CONNECT:0.247014
SIZE_DOWNLOAD:1294
TIMESTAMP:2025-06-06 04:03:14 UTC
TRIGGER:schedule
