---METADATA---
HTTP_STATUS:200
TIME_TOTAL:3.340868
TIME_CONNECT:0.299838
SIZE_DOWNLOAD:1306
TIMESTAMP:2025-06-06 13:53:15 UTC
TRIGGER:schedule
