---METADATA---
HTTP_STATUS:200
TIME_TOTAL:3.656880
TIME_CONNECT:0.260444
SIZE_DOWNLOAD:1306
TIMESTAMP:2025-06-06 08:34:01 UTC
TRIGGER:schedule
