---METADATA---
HTTP_STATUS:200
TIME_TOTAL:3.362261
TIME_CONNECT:0.252038
SIZE_DOWNLOAD:1296
TIMESTAMP:2025-06-06 08:54:11 UTC
TRIGGER:schedule
