---METADATA---
HTTP_STATUS:200
TIME_TOTAL:3.331557
TIME_CONNECT:0.278769
SIZE_DOWNLOAD:1292
TIMESTAMP:2025-06-06 18:54:06 UTC
TRIGGER:schedule
