---METADATA---
HTTP_STATUS:200
TIME_TOTAL:3.434419
TIME_CONNECT:0.300111
SIZE_DOWNLOAD:1292
TIMESTAMP:2025-06-06 23:41:07 UTC
TRIGGER:schedule
