---METADATA---
HTTP_STATUS:200
TIME_TOTAL:3.325494
TIME_CONNECT:0.228470
SIZE_DOWNLOAD:1292
TIMESTAMP:2025-06-06 18:19:30 UTC
TRIGGER:schedule
