---METADATA---
HTTP_STATUS:200
TIME_TOTAL:3.305609
TIME_CONNECT:0.260696
SIZE_DOWNLOAD:1294
TIMESTAMP:2025-06-06 04:53:31 UTC
TRIGGER:schedule
