---METADATA---
HTTP_STATUS:200
TIME_TOTAL:3.314486
TIME_CONNECT:0.230132
SIZE_DOWNLOAD:1306
TIMESTAMP:2025-06-06 09:34:01 UTC
TRIGGER:schedule
