---METADATA---
HTTP_STATUS:200
TIME_TOTAL:1.029551
TIME_CONNECT:0.303834
SIZE_DOWNLOAD:1292
TIMESTAMP:2025-06-06 19:48:02 UTC
TRIGGER:schedule
