---METADATA---
HTTP_STATUS:200
TIME_TOTAL:3.312878
TIME_CONNECT:0.282670
SIZE_DOWNLOAD:1292
TIMESTAMP:2025-06-06 14:13:36 UTC
TRIGGER:schedule
