---METADATA---
HTTP_STATUS:200
TIME_TOTAL:3.671693
TIME_CONNECT:0.297888
SIZE_DOWNLOAD:1294
TIMESTAMP:2025-06-06 05:46:32 UTC
TRIGGER:schedule
