---METADATA---
HTTP_STATUS:200
TIME_TOTAL:3.730960
TIME_CONNECT:0.288744
SIZE_DOWNLOAD:1292
TIMESTAMP:2025-06-06 15:42:56 UTC
TRIGGER:schedule
