---METADATA---
HTTP_STATUS:200
TIME_TOTAL:3.628251
TIME_CONNECT:0.262801
SIZE_DOWNLOAD:1294
TIMESTAMP:2025-06-06 06:39:27 UTC
TRIGGER:schedule
