---METADATA---
HTTP_STATUS:200
TIME_TOTAL:3.479965
TIME_CONNECT:0.247815
SIZE_DOWNLOAD:1305
TIMESTAMP:2025-06-06 11:58:44 UTC
TRIGGER:schedule
