---METADATA---
HTTP_STATUS:200
TIME_TOTAL:3.168645
TIME_CONNECT:0.238856
SIZE_DOWNLOAD:1292
TIMESTAMP:2025-06-06 17:13:06 UTC
TRIGGER:schedule
