---METADATA---
HTTP_STATUS:200
TIME_TOTAL:3.237853
TIME_CONNECT:0.256886
SIZE_DOWNLOAD:1292
TIMESTAMP:2025-06-06 16:47:20 UTC
TRIGGER:schedule
