---METADATA---
HTTP_STATUS:200
TIME_TOTAL:3.506279
TIME_CONNECT:0.258966
SIZE_DOWNLOAD:1292
TIMESTAMP:2025-06-06 05:58:31 UTC
TRIGGER:schedule
