---METADATA---
HTTP_STATUS:200
TIME_TOTAL:3.300545
TIME_CONNECT:0.300555
SIZE_DOWNLOAD:1292
TIMESTAMP:2025-06-06 17:21:20 UTC
TRIGGER:schedule
