---METADATA---
HTTP_STATUS:200
TIME_TOTAL:3.496354
TIME_CONNECT:0.220094
SIZE_DOWNLOAD:1305
TIMESTAMP:2025-06-06 11:28:10 UTC
TRIGGER:schedule
