---METADATA---
HTTP_STATUS:200
TIME_TOTAL:3.439651
TIME_CONNECT:0.283309
SIZE_DOWNLOAD:1292
TIMESTAMP:2025-06-06 07:40:57 UTC
TRIGGER:schedule
