---METADATA---
HTTP_STATUS:200
TIME_TOTAL:3.358805
TIME_CONNECT:0.246862
SIZE_DOWNLOAD:1294
TIMESTAMP:2025-06-06 10:15:33 UTC
TRIGGER:schedule
