---METADATA---
HTTP_STATUS:200
TIME_TOTAL:3.274984
TIME_CONNECT:0.279817
SIZE_DOWNLOAD:1305
TIMESTAMP:2025-06-06 11:48:16 UTC
TRIGGER:schedule
