---METADATA---
HTTP_STATUS:200
TIME_TOTAL:3.490858
TIME_CONNECT:0.275479
SIZE_DOWNLOAD:1290
TIMESTAMP:2025-06-06 13:41:54 UTC
TRIGGER:schedule
