---METADATA---
HTTP_STATUS:200
TIME_TOTAL:0.991326
TIME_CONNECT:0.245066
SIZE_DOWNLOAD:1294
TIMESTAMP:2025-06-06 04:54:04 UTC
TRIGGER:schedule
