---METADATA---
HTTP_STATUS:200
TIME_TOTAL:3.533277
TIME_CONNECT:0.260326
SIZE_DOWNLOAD:1307
TIMESTAMP:2025-06-06 06:50:31 UTC
TRIGGER:schedule
