---METADATA---
HTTP_STATUS:200
TIME_TOTAL:3.277125
TIME_CONNECT:0.277065
SIZE_DOWNLOAD:1292
TIMESTAMP:2025-06-06 19:47:16 UTC
TRIGGER:schedule
