---METADATA---
HTTP_STATUS:200
TIME_TOTAL:3.470380
TIME_CONNECT:0.298680
SIZE_DOWNLOAD:1305
TIMESTAMP:2025-06-06 11:20:01 UTC
TRIGGER:schedule
