---METADATA---
HTTP_STATUS:200
TIME_TOTAL:3.266763
TIME_CONNECT:0.309418
SIZE_DOWNLOAD:1292
TIMESTAMP:2025-06-06 21:49:29 UTC
TRIGGER:schedule
