---METADATA---
HTTP_STATUS:200
TIME_TOTAL:3.285081
TIME_CONNECT:0.323072
SIZE_DOWNLOAD:1305
TIMESTAMP:2025-06-06 09:14:50 UTC
TRIGGER:schedule
