---METADATA---
HTTP_STATUS:200
TIME_TOTAL:3.456706
TIME_CONNECT:0.247087
SIZE_DOWNLOAD:1294
TIMESTAMP:2025-06-06 10:44:29 UTC
TRIGGER:schedule
