---METADATA---
HTTP_STATUS:200
TIME_TOTAL:1.113922
TIME_CONNECT:0.236572
SIZE_DOWNLOAD:1293
TIMESTAMP:2025-06-06 04:40:48 UTC
TRIGGER:schedule
