---METADATA---
HTTP_STATUS:200
TIME_TOTAL:3.478378
TIME_CONNECT:0.227427
SIZE_DOWNLOAD:1292
TIMESTAMP:2025-06-06 21:57:03 UTC
TRIGGER:schedule
