---METADATA---
HTTP_STATUS:200
TIME_TOTAL:3.433540
TIME_CONNECT:0.276922
SIZE_DOWNLOAD:1305
TIMESTAMP:2025-06-06 10:54:04 UTC
TRIGGER:schedule
