---METADATA---
HTTP_STATUS:200
TIME_TOTAL:3.217724
TIME_CONNECT:0.272083
SIZE_DOWNLOAD:1292
TIMESTAMP:2025-06-06 15:31:08 UTC
TRIGGER:schedule
