---METADATA---
HTTP_STATUS:200
TIME_TOTAL:3.409372
TIME_CONNECT:0.304037
SIZE_DOWNLOAD:1292
TIMESTAMP:2025-06-06 21:43:05 UTC
TRIGGER:schedule
