---METADATA---
HTTP_STATUS:200
TIME_TOTAL:1.248566
TIME_CONNECT:0.357508
SIZE_DOWNLOAD:1292
TIMESTAMP:2025-06-06 19:35:20 UTC
TRIGGER:schedule
