---METADATA---
HTTP_STATUS:200
TIME_TOTAL:3.556345
TIME_CONNECT:0.281901
SIZE_DOWNLOAD:1292
TIMESTAMP:2025-06-06 19:25:41 UTC
TRIGGER:schedule
