---METADATA---
HTTP_STATUS:200
TIME_TOTAL:1.102489
TIME_CONNECT:0.300678
SIZE_DOWNLOAD:1309
TIMESTAMP:2025-06-06 05:51:39 UTC
TRIGGER:schedule
