---METADATA---
HTTP_STATUS:200
TIME_TOTAL:1.213991
TIME_CONNECT:0.281460
SIZE_DOWNLOAD:1292
TIMESTAMP:2025-06-06 19:30:27 UTC
TRIGGER:schedule
