---METADATA---
HTTP_STATUS:200
TIME_TOTAL:0.977441
TIME_CONNECT:0.239484
SIZE_DOWNLOAD:1292
TIMESTAMP:2025-06-06 20:50:48 UTC
TRIGGER:schedule
