---METADATA---
HTTP_STATUS:200
TIME_TOTAL:3.638415
TIME_CONNECT:0.256493
SIZE_DOWNLOAD:1292
TIMESTAMP:2025-06-06 16:33:49 UTC
TRIGGER:schedule
