---METADATA---
HTTP_STATUS:200
TIME_TOTAL:3.432197
TIME_CONNECT:0.264243
SIZE_DOWNLOAD:1292
TIMESTAMP:2025-06-06 17:43:03 UTC
TRIGGER:schedule
