---METADATA---
HTTP_STATUS:200
TIME_TOTAL:3.382686
TIME_CONNECT:0.257304
SIZE_DOWNLOAD:1305
TIMESTAMP:2025-06-06 11:35:00 UTC
TRIGGER:schedule
