---METADATA---
HTTP_STATUS:200
TIME_TOTAL:3.247530
TIME_CONNECT:0.277635
SIZE_DOWNLOAD:1292
TIMESTAMP:2025-06-06 21:09:51 UTC
TRIGGER:schedule
