---METADATA---
HTTP_STATUS:200
TIME_TOTAL:3.365216
TIME_CONNECT:0.304562
SIZE_DOWNLOAD:1292
TIMESTAMP:2025-06-06 22:13:01 UTC
TRIGGER:schedule
