---METADATA---
HTTP_STATUS:200
TIME_TOTAL:3.297722
TIME_CONNECT:0.267910
SIZE_DOWNLOAD:1292
TIMESTAMP:2025-06-06 23:49:56 UTC
TRIGGER:schedule
