---METADATA---
HTTP_STATUS:200
TIME_TOTAL:3.405975
TIME_CONNECT:0.270270
SIZE_DOWNLOAD:1292
TIMESTAMP:2025-06-06 14:34:40 UTC
TRIGGER:schedule
