---METADATA---
HTTP_STATUS:200
TIME_TOTAL:3.414392
TIME_CONNECT:0.252794
SIZE_DOWNLOAD:1292
TIMESTAMP:2025-06-06 15:48:10 UTC
TRIGGER:schedule
