---METADATA---
HTTP_STATUS:200
TIME_TOTAL:3.272679
TIME_CONNECT:0.238905
SIZE_DOWNLOAD:1292
TIMESTAMP:2025-06-06 14:22:24 UTC
TRIGGER:schedule
