---METADATA---
HTTP_STATUS:200
TIME_TOTAL:3.528063
TIME_CONNECT:0.250676
SIZE_DOWNLOAD:1295
TIMESTAMP:2025-06-06 09:57:19 UTC
TRIGGER:schedule
