---METADATA---
HTTP_STATUS:200
TIME_TOTAL:3.251950
TIME_CONNECT:0.240323
SIZE_DOWNLOAD:1292
TIMESTAMP:2025-06-06 23:25:25 UTC
TRIGGER:schedule
