---METADATA---
HTTP_STATUS:200
TIME_TOTAL:3.451583
TIME_CONNECT:0.270565
SIZE_DOWNLOAD:1305
TIMESTAMP:2025-06-06 12:54:22 UTC
TRIGGER:schedule
