---METADATA---
HTTP_STATUS:200
TIME_TOTAL:3.261413
TIME_CONNECT:0.278234
SIZE_DOWNLOAD:1292
TIMESTAMP:2025-06-06 13:33:40 UTC
TRIGGER:schedule
