---METADATA---
HTTP_STATUS:200
TIME_TOTAL:1.055900
TIME_CONNECT:0.280387
SIZE_DOWNLOAD:1292
TIMESTAMP:2025-06-06 23:41:49 UTC
TRIGGER:schedule
