---METADATA---
HTTP_STATUS:200
TIME_TOTAL:3.587959
TIME_CONNECT:0.286295
SIZE_DOWNLOAD:1294
TIMESTAMP:2025-06-06 05:14:29 UTC
TRIGGER:schedule
