---METADATA---
HTTP_STATUS:200
TIME_TOTAL:3.303554
TIME_CONNECT:0.261187
SIZE_DOWNLOAD:1292
TIMESTAMP:2025-06-06 15:25:38 UTC
TRIGGER:schedule
