---METADATA---
HTTP_STATUS:200
TIME_TOTAL:3.340748
TIME_CONNECT:0.235191
SIZE_DOWNLOAD:1292
TIMESTAMP:2025-06-06 23:13:13 UTC
TRIGGER:schedule
