---METADATA---
HTTP_STATUS:200
TIME_TOTAL:3.312501
TIME_CONNECT:0.251382
SIZE_DOWNLOAD:1292
TIMESTAMP:2025-06-06 21:12:51 UTC
TRIGGER:schedule
