---METADATA---
HTTP_STATUS:200
TIME_TOTAL:3.434531
TIME_CONNECT:0.278340
SIZE_DOWNLOAD:1308
TIMESTAMP:2025-06-06 09:49:35 UTC
TRIGGER:schedule
