---METADATA---
HTTP_STATUS:200
TIME_TOTAL:3.411300
TIME_CONNECT:0.239532
SIZE_DOWNLOAD:1292
TIMESTAMP:2025-06-06 15:56:55 UTC
TRIGGER:schedule
