---METADATA---
HTTP_STATUS:200
TIME_TOTAL:3.402226
TIME_CONNECT:0.249657
SIZE_DOWNLOAD:1305
TIMESTAMP:2025-06-06 02:52:42 UTC
TRIGGER:schedule
