---METADATA---
HTTP_STATUS:200
TIME_TOTAL:3.340995
TIME_CONNECT:0.243983
SIZE_DOWNLOAD:1292
TIMESTAMP:2025-06-06 19:58:59 UTC
TRIGGER:schedule
