---METADATA---
HTTP_STATUS:200
TIME_TOTAL:3.409344
TIME_CONNECT:0.297955
SIZE_DOWNLOAD:1294
TIMESTAMP:2025-06-06 03:59:00 UTC
TRIGGER:schedule
