---METADATA---
HTTP_STATUS:200
TIME_TOTAL:3.515768
TIME_CONNECT:0.270093
SIZE_DOWNLOAD:1292
TIMESTAMP:2025-06-06 23:57:07 UTC
TRIGGER:schedule
