---METADATA---
HTTP_STATUS:200
TIME_TOTAL:3.593598
TIME_CONNECT:0.297174
SIZE_DOWNLOAD:1307
TIMESTAMP:2025-06-06 07:25:44 UTC
TRIGGER:schedule
