---METADATA---
HTTP_STATUS:200
TIME_TOTAL:3.454924
TIME_CONNECT:0.336632
SIZE_DOWNLOAD:1307
TIMESTAMP:2025-06-06 03:42:48 UTC
TRIGGER:schedule
