---METADATA---
HTTP_STATUS:200
TIME_TOTAL:3.133521
TIME_CONNECT:0.248540
SIZE_DOWNLOAD:1292
TIMESTAMP:2025-06-06 20:49:48 UTC
TRIGGER:schedule
