---METADATA---
HTTP_STATUS:200
TIME_TOTAL:3.351623
TIME_CONNECT:0.274750
SIZE_DOWNLOAD:1292
TIMESTAMP:2025-06-06 13:05:33 UTC
TRIGGER:schedule
