---METADATA---
HTTP_STATUS:200
TIME_TOTAL:3.606060
TIME_CONNECT:0.241425
SIZE_DOWNLOAD:1292
TIMESTAMP:2025-06-06 17:33:08 UTC
TRIGGER:schedule
