---METADATA---
HTTP_STATUS:200
TIME_TOTAL:3.321026
TIME_CONNECT:0.308267
SIZE_DOWNLOAD:1292
TIMESTAMP:2025-06-06 20:16:08 UTC
TRIGGER:schedule
