---METADATA---
HTTP_STATUS:200
TIME_TOTAL:3.396119
TIME_CONNECT:0.313635
SIZE_DOWNLOAD:1305
TIMESTAMP:2025-06-06 07:48:16 UTC
TRIGGER:schedule
