---METADATA---
HTTP_STATUS:200
TIME_TOTAL:3.312381
TIME_CONNECT:0.275302
SIZE_DOWNLOAD:1292
TIMESTAMP:2025-06-06 20:40:25 UTC
TRIGGER:schedule
