---METADATA---
HTTP_STATUS:200
TIME_TOTAL:3.311226
TIME_CONNECT:0.282438
SIZE_DOWNLOAD:1292
TIMESTAMP:2025-06-06 22:43:21 UTC
TRIGGER:schedule
