---METADATA---
HTTP_STATUS:200
TIME_TOTAL:3.497886
TIME_CONNECT:0.276594
SIZE_DOWNLOAD:1296
TIMESTAMP:2025-06-06 06:21:03 UTC
TRIGGER:schedule
