---METADATA---
HTTP_STATUS:200
TIME_TOTAL:3.277200
TIME_CONNECT:0.270841
SIZE_DOWNLOAD:1292
TIMESTAMP:2025-06-06 22:57:02 UTC
TRIGGER:schedule
