---METADATA---
HTTP_STATUS:200
TIME_TOTAL:3.676065
TIME_CONNECT:0.280406
SIZE_DOWNLOAD:1305
TIMESTAMP:2025-06-06 02:07:06 UTC
TRIGGER:schedule
