---METADATA---
HTTP_STATUS:200
TIME_TOTAL:3.427375
TIME_CONNECT:0.270283
SIZE_DOWNLOAD:1292
TIMESTAMP:2025-06-06 15:12:28 UTC
TRIGGER:schedule
