---METADATA---
HTTP_STATUS:200
TIME_TOTAL:3.478064
TIME_CONNECT:0.237903
SIZE_DOWNLOAD:1292
TIMESTAMP:2025-06-06 19:11:20 UTC
TRIGGER:schedule
