---METADATA---
HTTP_STATUS:200
TIME_TOTAL:3.386548
TIME_CONNECT:0.266707
SIZE_DOWNLOAD:1306
TIMESTAMP:2025-06-06 09:43:16 UTC
TRIGGER:schedule
