---METADATA---
HTTP_STATUS:200
TIME_TOTAL:3.441067
TIME_CONNECT:0.286670
SIZE_DOWNLOAD:1292
TIMESTAMP:2025-06-06 13:51:47 UTC
TRIGGER:schedule
