---METADATA---
HTTP_STATUS:200
TIME_TOTAL:3.073557
TIME_CONNECT:0.249122
SIZE_DOWNLOAD:1292
TIMESTAMP:2025-06-06 18:36:37 UTC
TRIGGER:schedule
