---METADATA---
HTTP_STATUS:200
TIME_TOTAL:1.088548
TIME_CONNECT:0.253668
SIZE_DOWNLOAD:1305
TIMESTAMP:2025-06-06 11:39:13 UTC
TRIGGER:schedule
