---METADATA---
HTTP_STATUS:200
TIME_TOTAL:3.279365
TIME_CONNECT:0.252887
SIZE_DOWNLOAD:1292
TIMESTAMP:2025-06-06 23:29:57 UTC
TRIGGER:schedule
