---METADATA---
HTTP_STATUS:200
TIME_TOTAL:3.446748
TIME_CONNECT:0.343031
SIZE_DOWNLOAD:1292
TIMESTAMP:2025-06-06 18:47:36 UTC
TRIGGER:schedule
