---METADATA---
HTTP_STATUS:200
TIME_TOTAL:3.335160
TIME_CONNECT:0.280868
SIZE_DOWNLOAD:1307
TIMESTAMP:2025-06-06 09:25:01 UTC
TRIGGER:schedule
