---METADATA---
HTTP_STATUS:200
TIME_TOTAL:3.447972
TIME_CONNECT:0.301524
SIZE_DOWNLOAD:1292
TIMESTAMP:2025-06-06 14:49:06 UTC
TRIGGER:schedule
