---METADATA---
HTTP_STATUS:200
TIME_TOTAL:3.235731
TIME_CONNECT:0.243632
SIZE_DOWNLOAD:1292
TIMESTAMP:2025-06-06 19:18:45 UTC
TRIGGER:schedule
