---METADATA---
HTTP_STATUS:200
TIME_TOTAL:3.381774
TIME_CONNECT:0.257306
SIZE_DOWNLOAD:1294
TIMESTAMP:2025-06-06 05:38:19 UTC
TRIGGER:schedule
