---METADATA---
HTTP_STATUS:200
TIME_TOTAL:3.539168
TIME_CONNECT:0.278722
SIZE_DOWNLOAD:1305
TIMESTAMP:2025-06-06 03:21:06 UTC
TRIGGER:schedule
