---METADATA---
HTTP_STATUS:200
TIME_TOTAL:3.577785
TIME_CONNECT:0.395033
SIZE_DOWNLOAD:1292
TIMESTAMP:2025-06-06 08:18:44 UTC
TRIGGER:schedule
