---METADATA---
HTTP_STATUS:200
TIME_TOTAL:3.388330
TIME_CONNECT:0.295392
SIZE_DOWNLOAD:1305
TIMESTAMP:2025-06-06 01:08:10 UTC
TRIGGER:schedule
