---METADATA---
HTTP_STATUS:200
TIME_TOTAL:3.395009
TIME_CONNECT:0.240346
SIZE_DOWNLOAD:1305
TIMESTAMP:2025-06-06 11:12:22 UTC
TRIGGER:schedule
