---METADATA---
HTTP_STATUS:200
TIME_TOTAL:3.369347
TIME_CONNECT:0.234775
SIZE_DOWNLOAD:1296
TIMESTAMP:2025-06-06 08:45:15 UTC
TRIGGER:schedule
