---METADATA---
HTTP_STATUS:200
TIME_TOTAL:3.433807
TIME_CONNECT:0.275376
SIZE_DOWNLOAD:1294
TIMESTAMP:2025-06-06 10:51:48 UTC
TRIGGER:schedule
