---METADATA---
HTTP_STATUS:200
TIME_TOTAL:3.559210
TIME_CONNECT:0.282560
SIZE_DOWNLOAD:1294
TIMESTAMP:2025-06-06 04:35:37 UTC
TRIGGER:schedule
