---METADATA---
HTTP_STATUS:200
TIME_TOTAL:3.258885
TIME_CONNECT:0.238115
SIZE_DOWNLOAD:1292
TIMESTAMP:2025-06-06 21:29:58 UTC
TRIGGER:schedule
