---METADATA---
HTTP_STATUS:200
TIME_TOTAL:3.451111
TIME_CONNECT:0.256658
SIZE_DOWNLOAD:1291
TIMESTAMP:2025-06-06 07:13:26 UTC
TRIGGER:schedule
