---METADATA---
HTTP_STATUS:200
TIME_TOTAL:3.412166
TIME_CONNECT:0.288521
SIZE_DOWNLOAD:1292
TIMESTAMP:2025-06-06 22:26:32 UTC
TRIGGER:schedule
