---METADATA---
HTTP_STATUS:200
TIME_TOTAL:3.670558
TIME_CONNECT:0.301645
SIZE_DOWNLOAD:1305
TIMESTAMP:2025-06-06 10:30:28 UTC
TRIGGER:schedule
