---METADATA---
HTTP_STATUS:200
TIME_TOTAL:3.572971
TIME_CONNECT:0.290687
SIZE_DOWNLOAD:1292
TIMESTAMP:2025-06-06 16:18:12 UTC
TRIGGER:schedule
