---METADATA---
HTTP_STATUS:200
TIME_TOTAL:3.635973
TIME_CONNECT:0.290975
SIZE_DOWNLOAD:1307
TIMESTAMP:2025-06-06 06:57:54 UTC
TRIGGER:schedule
