---METADATA---
HTTP_STATUS:200
TIME_TOTAL:3.445800
TIME_CONNECT:0.280269
SIZE_DOWNLOAD:1292
TIMESTAMP:2025-06-06 17:48:42 UTC
TRIGGER:schedule
