---METADATA---
HTTP_STATUS:200
TIME_TOTAL:3.505226
TIME_CONNECT:0.236892
SIZE_DOWNLOAD:1292
TIMESTAMP:2025-06-06 16:54:15 UTC
TRIGGER:schedule
