---METADATA---
HTTP_STATUS:200
TIME_TOTAL:3.268393
TIME_CONNECT:0.244667
SIZE_DOWNLOAD:1305
TIMESTAMP:2025-06-06 11:46:57 UTC
TRIGGER:schedule
