---METADATA---
HTTP_STATUS:200
TIME_TOTAL:3.444032
TIME_CONNECT:0.344096
SIZE_DOWNLOAD:1292
TIMESTAMP:2025-06-06 22:34:27 UTC
TRIGGER:schedule
