---METADATA---
HTTP_STATUS:200
TIME_TOTAL:1.151447
TIME_CONNECT:0.241585
SIZE_DOWNLOAD:1307
TIMESTAMP:2025-06-06 07:30:14 UTC
TRIGGER:schedule
