---METADATA---
HTTP_STATUS:200
TIME_TOTAL:3.415415
TIME_CONNECT:0.237771
SIZE_DOWNLOAD:1292
TIMESTAMP:2025-06-06 22:47:58 UTC
TRIGGER:schedule
