---METADATA---
HTTP_STATUS:200
TIME_TOTAL:3.399187
TIME_CONNECT:0.331786
SIZE_DOWNLOAD:1307
TIMESTAMP:2025-06-06 07:56:55 UTC
TRIGGER:schedule
