---METADATA---
HTTP_STATUS:200
TIME_TOTAL:3.214137
TIME_CONNECT:0.280085
SIZE_DOWNLOAD:1292
TIMESTAMP:2025-06-11 23:14:49 UTC
TRIGGER:schedule
