---METADATA---
HTTP_STATUS:200
TIME_TOTAL:3.488599
TIME_CONNECT:0.256746
SIZE_DOWNLOAD:1292
TIMESTAMP:2025-06-11 14:51:47 UTC
TRIGGER:schedule
