---METADATA---
HTTP_STATUS:200
TIME_TOTAL:3.496726
TIME_CONNECT:0.283773
SIZE_DOWNLOAD:1290
TIMESTAMP:2025-06-11 11:48:32 UTC
TRIGGER:schedule
