---METADATA---
HTTP_STATUS:200
TIME_TOTAL:3.303338
TIME_CONNECT:0.252747
SIZE_DOWNLOAD:1292
TIMESTAMP:2025-06-11 14:35:37 UTC
TRIGGER:schedule
