---METADATA---
HTTP_STATUS:200
TIME_TOTAL:3.255802
TIME_CONNECT:0.261834
SIZE_DOWNLOAD:1292
TIMESTAMP:2025-06-11 21:30:31 UTC
TRIGGER:schedule
