---METADATA---
HTTP_STATUS:200
TIME_TOTAL:3.535295
TIME_CONNECT:0.290552
SIZE_DOWNLOAD:1305
TIMESTAMP:2025-06-11 04:40:58 UTC
TRIGGER:schedule
