---METADATA---
HTTP_STATUS:200
TIME_TOTAL:3.313967
TIME_CONNECT:0.396068
SIZE_DOWNLOAD:1292
TIMESTAMP:2025-06-11 01:09:37 UTC
TRIGGER:schedule
