---METADATA---
HTTP_STATUS:200
TIME_TOTAL:0.976159
TIME_CONNECT:0.289238
SIZE_DOWNLOAD:1290
TIMESTAMP:2025-06-11 05:51:55 UTC
TRIGGER:schedule
