---METADATA---
HTTP_STATUS:200
TIME_TOTAL:3.239352
TIME_CONNECT:0.277560
SIZE_DOWNLOAD:1292
TIMESTAMP:2025-06-11 20:50:33 UTC
TRIGGER:schedule
