---METADATA---
HTTP_STATUS:200
TIME_TOTAL:3.352143
TIME_CONNECT:0.311592
SIZE_DOWNLOAD:1290
TIMESTAMP:2025-06-11 08:55:50 UTC
TRIGGER:schedule
