---METADATA---
HTTP_STATUS:200
TIME_TOTAL:3.586388
TIME_CONNECT:0.248917
SIZE_DOWNLOAD:1290
TIMESTAMP:2025-06-11 05:42:37 UTC
TRIGGER:schedule
