---METADATA---
HTTP_STATUS:200
TIME_TOTAL:3.592163
TIME_CONNECT:0.237056
SIZE_DOWNLOAD:1290
TIMESTAMP:2025-06-11 06:55:22 UTC
TRIGGER:schedule
