---METADATA---
HTTP_STATUS:200
TIME_TOTAL:3.288561
TIME_CONNECT:0.262573
SIZE_DOWNLOAD:1292
TIMESTAMP:2025-06-11 18:48:40 UTC
TRIGGER:schedule
