---METADATA---
HTTP_STATUS:200
TIME_TOTAL:3.603656
TIME_CONNECT:0.259602
SIZE_DOWNLOAD:1292
TIMESTAMP:2025-06-11 19:25:47 UTC
TRIGGER:schedule
