---METADATA---
HTTP_STATUS:200
TIME_TOTAL:3.323958
TIME_CONNECT:0.261654
SIZE_DOWNLOAD:1290
TIMESTAMP:2025-06-11 07:56:51 UTC
TRIGGER:schedule
