---METADATA---
HTTP_STATUS:200
TIME_TOTAL:3.443277
TIME_CONNECT:0.280561
SIZE_DOWNLOAD:1292
TIMESTAMP:2025-06-11 19:19:04 UTC
TRIGGER:schedule
