---METADATA---
HTTP_STATUS:200
TIME_TOTAL:3.320531
TIME_CONNECT:0.250768
SIZE_DOWNLOAD:1290
TIMESTAMP:2025-06-11 09:41:07 UTC
TRIGGER:schedule
