---METADATA---
HTTP_STATUS:200
TIME_TOTAL:3.830872
TIME_CONNECT:0.236333
SIZE_DOWNLOAD:1290
TIMESTAMP:2025-06-11 09:27:18 UTC
TRIGGER:schedule
