---METADATA---
HTTP_STATUS:200
TIME_TOTAL:3.168351
TIME_CONNECT:0.282188
SIZE_DOWNLOAD:1292
TIMESTAMP:2025-06-11 19:32:08 UTC
TRIGGER:schedule
