---METADATA---
HTTP_STATUS:200
TIME_TOTAL:3.320282
TIME_CONNECT:0.212054
SIZE_DOWNLOAD:1290
TIMESTAMP:2025-06-11 06:33:57 UTC
TRIGGER:schedule
