---METADATA---
HTTP_STATUS:200
TIME_TOTAL:3.423592
TIME_CONNECT:0.241923
SIZE_DOWNLOAD:1292
TIMESTAMP:2025-06-11 15:57:42 UTC
TRIGGER:schedule
