---METADATA---
HTTP_STATUS:200
TIME_TOTAL:3.293127
TIME_CONNECT:0.280927
SIZE_DOWNLOAD:1290
TIMESTAMP:2025-06-11 10:44:02 UTC
TRIGGER:schedule
