---METADATA---
HTTP_STATUS:200
TIME_TOTAL:3.345047
TIME_CONNECT:0.281091
SIZE_DOWNLOAD:1292
TIMESTAMP:2025-06-11 16:47:51 UTC
TRIGGER:schedule
