---METADATA---
HTTP_STATUS:200
TIME_TOTAL:3.252927
TIME_CONNECT:0.306995
SIZE_DOWNLOAD:1290
TIMESTAMP:2025-06-11 09:57:10 UTC
TRIGGER:schedule
