---METADATA---
HTTP_STATUS:200
TIME_TOTAL:3.617909
TIME_CONNECT:0.277087
SIZE_DOWNLOAD:1292
TIMESTAMP:2025-06-11 12:28:37 UTC
TRIGGER:schedule
