---METADATA---
HTTP_STATUS:200
TIME_TOTAL:3.276736
TIME_CONNECT:0.232150
SIZE_DOWNLOAD:1292
TIMESTAMP:2025-06-11 22:13:09 UTC
TRIGGER:schedule
