---METADATA---
HTTP_STATUS:200
TIME_TOTAL:3.711512
TIME_CONNECT:0.290939
SIZE_DOWNLOAD:1290
TIMESTAMP:2025-06-11 05:33:44 UTC
TRIGGER:schedule
