---METADATA---
HTTP_STATUS:200
TIME_TOTAL:1.007177
TIME_CONNECT:0.239257
SIZE_DOWNLOAD:1290
TIMESTAMP:2025-06-11 10:53:44 UTC
TRIGGER:schedule
