---METADATA---
HTTP_STATUS:200
TIME_TOTAL:3.346400
TIME_CONNECT:0.247144
SIZE_DOWNLOAD:1292
TIMESTAMP:2025-06-11 21:41:55 UTC
TRIGGER:schedule
