---METADATA---
HTTP_STATUS:200
TIME_TOTAL:3.275487
TIME_CONNECT:0.226350
SIZE_DOWNLOAD:1292
TIMESTAMP:2025-06-11 17:43:07 UTC
TRIGGER:schedule
