---METADATA---
HTTP_STATUS:200
TIME_TOTAL:1.019768
TIME_CONNECT:0.245307
SIZE_DOWNLOAD:1290
TIMESTAMP:2025-06-11 09:50:19 UTC
TRIGGER:schedule
