---METADATA---
HTTP_STATUS:200
TIME_TOTAL:3.482538
TIME_CONNECT:0.290980
SIZE_DOWNLOAD:1292
TIMESTAMP:2025-06-11 18:19:44 UTC
TRIGGER:schedule
