---METADATA---
HTTP_STATUS:200
TIME_TOTAL:3.250008
TIME_CONNECT:0.281686
SIZE_DOWNLOAD:1292
TIMESTAMP:2025-06-11 20:14:03 UTC
TRIGGER:schedule
