---METADATA---
HTTP_STATUS:200
TIME_TOTAL:3.535200
TIME_CONNECT:0.270539
SIZE_DOWNLOAD:1292
TIMESTAMP:2025-06-11 22:26:07 UTC
TRIGGER:schedule
