---METADATA---
HTTP_STATUS:200
TIME_TOTAL:3.629598
TIME_CONNECT:0.289710
SIZE_DOWNLOAD:1290
TIMESTAMP:2025-06-11 07:41:27 UTC
TRIGGER:schedule
