---METADATA---
HTTP_STATUS:200
TIME_TOTAL:3.550475
TIME_CONNECT:0.258387
SIZE_DOWNLOAD:1292
TIMESTAMP:2025-06-11 22:34:20 UTC
TRIGGER:schedule
