---METADATA---
HTTP_STATUS:200
TIME_TOTAL:3.593874
TIME_CONNECT:0.289434
SIZE_DOWNLOAD:1292
TIMESTAMP:2025-06-11 19:58:58 UTC
TRIGGER:schedule
