---METADATA---
HTTP_STATUS:200
TIME_TOTAL:3.397987
TIME_CONNECT:0.282269
SIZE_DOWNLOAD:1292
TIMESTAMP:2025-06-11 14:21:30 UTC
TRIGGER:schedule
