---METADATA---
HTTP_STATUS:200
TIME_TOTAL:3.350777
TIME_CONNECT:0.270243
SIZE_DOWNLOAD:1292
TIMESTAMP:2025-06-11 15:15:32 UTC
TRIGGER:schedule
