---METADATA---
HTTP_STATUS:200
TIME_TOTAL:3.331826
TIME_CONNECT:0.278530
SIZE_DOWNLOAD:1292
TIMESTAMP:2025-06-11 19:35:56 UTC
TRIGGER:schedule
