---METADATA---
HTTP_STATUS:200
TIME_TOTAL:3.401804
TIME_CONNECT:0.285092
SIZE_DOWNLOAD:1292
TIMESTAMP:2025-06-11 19:10:55 UTC
TRIGGER:schedule
