---METADATA---
HTTP_STATUS:200
TIME_TOTAL:3.336688
TIME_CONNECT:0.265677
SIZE_DOWNLOAD:1292
TIMESTAMP:2025-06-11 22:45:07 UTC
TRIGGER:schedule
