---METADATA---
HTTP_STATUS:200
TIME_TOTAL:3.496577
TIME_CONNECT:0.320288
SIZE_DOWNLOAD:1292
TIMESTAMP:2025-06-11 17:32:45 UTC
TRIGGER:schedule
