---METADATA---
HTTP_STATUS:200
TIME_TOTAL:3.627216
TIME_CONNECT:0.289815
SIZE_DOWNLOAD:1290
TIMESTAMP:2025-06-11 07:13:56 UTC
TRIGGER:schedule
