---METADATA---
HTTP_STATUS:200
TIME_TOTAL:3.309338
TIME_CONNECT:0.248254
SIZE_DOWNLOAD:1307
TIMESTAMP:2025-06-11 03:30:53 UTC
TRIGGER:schedule
