---METADATA---
HTTP_STATUS:200
TIME_TOTAL:3.480649
TIME_CONNECT:0.288894
SIZE_DOWNLOAD:1290
TIMESTAMP:2025-06-11 07:48:09 UTC
TRIGGER:schedule
