---METADATA---
HTTP_STATUS:200
TIME_TOTAL:3.498816
TIME_CONNECT:0.299896
SIZE_DOWNLOAD:1305
TIMESTAMP:2025-06-11 13:43:56 UTC
TRIGGER:schedule
