---METADATA---
HTTP_STATUS:200
TIME_TOTAL:3.338570
TIME_CONNECT:0.249800
SIZE_DOWNLOAD:1290
TIMESTAMP:2025-06-11 05:15:26 UTC
TRIGGER:schedule
