---METADATA---
HTTP_STATUS:200
TIME_TOTAL:3.564938
TIME_CONNECT:0.277354
SIZE_DOWNLOAD:1292
TIMESTAMP:2025-06-11 23:57:15 UTC
TRIGGER:schedule
