---METADATA---
HTTP_STATUS:200
TIME_TOTAL:1.197696
TIME_CONNECT:0.263303
SIZE_DOWNLOAD:1290
TIMESTAMP:2025-06-11 10:49:21 UTC
TRIGGER:schedule
