---METADATA---
HTTP_STATUS:200
TIME_TOTAL:3.361922
TIME_CONNECT:0.249989
SIZE_DOWNLOAD:1292
TIMESTAMP:2025-06-11 23:43:04 UTC
TRIGGER:schedule
