---METADATA---
HTTP_STATUS:200
TIME_TOTAL:3.323706
TIME_CONNECT:0.313777
SIZE_DOWNLOAD:1292
TIMESTAMP:2025-06-11 21:57:00 UTC
TRIGGER:schedule
