---METADATA---
HTTP_STATUS:200
TIME_TOTAL:3.227365
TIME_CONNECT:0.250841
SIZE_DOWNLOAD:1292
TIMESTAMP:2025-06-11 21:13:23 UTC
TRIGGER:schedule
