---METADATA---
HTTP_STATUS:200
TIME_TOTAL:3.607449
TIME_CONNECT:0.243112
SIZE_DOWNLOAD:1294
TIMESTAMP:2025-06-11 04:16:15 UTC
TRIGGER:schedule
