---METADATA---
HTTP_STATUS:200
TIME_TOTAL:3.282235
TIME_CONNECT:0.240864
SIZE_DOWNLOAD:1290
TIMESTAMP:2025-06-11 07:31:30 UTC
TRIGGER:schedule
