---METADATA---
HTTP_STATUS:200
TIME_TOTAL:3.516285
TIME_CONNECT:0.569089
SIZE_DOWNLOAD:1292
TIMESTAMP:2025-06-11 22:56:58 UTC
TRIGGER:schedule
