---METADATA---
HTTP_STATUS:200
TIME_TOTAL:3.463312
TIME_CONNECT:0.280647
SIZE_DOWNLOAD:1305
TIMESTAMP:2025-06-11 05:00:24 UTC
TRIGGER:schedule
