---METADATA---
HTTP_STATUS:200
TIME_TOTAL:3.317545
TIME_CONNECT:0.237678
SIZE_DOWNLOAD:1294
TIMESTAMP:2025-06-11 04:04:18 UTC
TRIGGER:schedule
