---METADATA---
HTTP_STATUS:200
TIME_TOTAL:3.659584
TIME_CONNECT:0.270911
SIZE_DOWNLOAD:1292
TIMESTAMP:2025-06-11 17:56:59 UTC
TRIGGER:schedule
