---METADATA---
HTTP_STATUS:200
TIME_TOTAL:3.444044
TIME_CONNECT:0.246712
SIZE_DOWNLOAD:1292
TIMESTAMP:2025-06-11 13:08:45 UTC
TRIGGER:schedule
