---METADATA---
HTTP_STATUS:200
TIME_TOTAL:3.496723
TIME_CONNECT:0.282196
SIZE_DOWNLOAD:1305
TIMESTAMP:2025-06-11 04:48:11 UTC
TRIGGER:schedule
