---METADATA---
HTTP_STATUS:200
TIME_TOTAL:3.306772
TIME_CONNECT:0.366209
SIZE_DOWNLOAD:1290
TIMESTAMP:2025-06-11 05:50:39 UTC
TRIGGER:schedule
