---METADATA---
HTTP_STATUS:200
TIME_TOTAL:3.235387
TIME_CONNECT:0.234864
SIZE_DOWNLOAD:1290
TIMESTAMP:2025-06-11 07:23:22 UTC
TRIGGER:schedule
