---METADATA---
HTTP_STATUS:200
TIME_TOTAL:3.480168
TIME_CONNECT:0.281266
SIZE_DOWNLOAD:1307
TIMESTAMP:2025-06-11 03:44:24 UTC
TRIGGER:schedule
