---METADATA---
HTTP_STATUS:200
TIME_TOTAL:3.359019
TIME_CONNECT:0.302516
SIZE_DOWNLOAD:1292
TIMESTAMP:2025-06-11 19:48:17 UTC
TRIGGER:schedule
