---METADATA---
HTTP_STATUS:200
TIME_TOTAL:3.413595
TIME_CONNECT:0.241149
SIZE_DOWNLOAD:1292
TIMESTAMP:2025-06-11 17:20:33 UTC
TRIGGER:schedule
