---METADATA---
HTTP_STATUS:200
TIME_TOTAL:1.085037
TIME_CONNECT:0.261994
SIZE_DOWNLOAD:1290
TIMESTAMP:2025-06-11 11:12:49 UTC
TRIGGER:schedule
