---METADATA---
HTTP_STATUS:200
TIME_TOTAL:3.593066
TIME_CONNECT:0.286084
SIZE_DOWNLOAD:1292
TIMESTAMP:2025-06-11 14:13:32 UTC
TRIGGER:schedule
