---METADATA---
HTTP_STATUS:200
TIME_TOTAL:3.448932
TIME_CONNECT:0.264630
SIZE_DOWNLOAD:1290
TIMESTAMP:2025-06-11 11:42:43 UTC
TRIGGER:schedule
