---METADATA---
HTTP_STATUS:200
TIME_TOTAL:3.231052
TIME_CONNECT:0.241299
SIZE_DOWNLOAD:1292
TIMESTAMP:2025-06-11 23:48:49 UTC
TRIGGER:schedule
