---METADATA---
HTTP_STATUS:200
TIME_TOTAL:3.361832
TIME_CONNECT:0.293591
SIZE_DOWNLOAD:1290
TIMESTAMP:2025-06-11 11:57:06 UTC
TRIGGER:schedule
