---METADATA---
HTTP_STATUS:200
TIME_TOTAL:3.149333
TIME_CONNECT:0.264368
SIZE_DOWNLOAD:1290
TIMESTAMP:2025-06-11 06:49:12 UTC
TRIGGER:schedule
