---METADATA---
HTTP_STATUS:200
TIME_TOTAL:3.452232
TIME_CONNECT:0.237525
SIZE_DOWNLOAD:1292
TIMESTAMP:2025-06-11 23:26:04 UTC
TRIGGER:schedule
