---METADATA---
HTTP_STATUS:200
TIME_TOTAL:3.705553
TIME_CONNECT:0.468200
SIZE_DOWNLOAD:1290
TIMESTAMP:2025-06-11 09:45:26 UTC
TRIGGER:schedule
