---METADATA---
HTTP_STATUS:200
TIME_TOTAL:3.690951
TIME_CONNECT:0.412393
SIZE_DOWNLOAD:1307
TIMESTAMP:2025-06-11 02:55:01 UTC
TRIGGER:schedule
