---METADATA---
HTTP_STATUS:200
TIME_TOTAL:3.699940
TIME_CONNECT:0.283211
SIZE_DOWNLOAD:1292
TIMESTAMP:2025-06-11 16:34:56 UTC
TRIGGER:schedule
