---METADATA---
HTTP_STATUS:200
TIME_TOTAL:3.335760
TIME_CONNECT:0.246276
SIZE_DOWNLOAD:1290
TIMESTAMP:2025-06-11 08:19:20 UTC
TRIGGER:schedule
