---METADATA---
HTTP_STATUS:200
TIME_TOTAL:3.347983
TIME_CONNECT:0.298764
SIZE_DOWNLOAD:1294
TIMESTAMP:2025-06-11 12:55:55 UTC
TRIGGER:schedule
