---METADATA---
HTTP_STATUS:200
TIME_TOTAL:3.506139
TIME_CONNECT:0.279812
SIZE_DOWNLOAD:1292
TIMESTAMP:2025-06-11 21:25:25 UTC
TRIGGER:schedule
