---METADATA---
HTTP_STATUS:200
TIME_TOTAL:3.510725
TIME_CONNECT:0.291574
SIZE_DOWNLOAD:1290
TIMESTAMP:2025-06-11 08:35:16 UTC
TRIGGER:schedule
