---METADATA---
HTTP_STATUS:200
TIME_TOTAL:0.991853
TIME_CONNECT:0.228947
SIZE_DOWNLOAD:1292
TIMESTAMP:2025-06-11 20:33:46 UTC
TRIGGER:schedule
