---METADATA---
HTTP_STATUS:200
TIME_TOTAL:3.303703
TIME_CONNECT:0.284028
SIZE_DOWNLOAD:1290
TIMESTAMP:2025-06-11 11:09:11 UTC
TRIGGER:schedule
