---METADATA---
HTTP_STATUS:200
TIME_TOTAL:3.815091
TIME_CONNECT:0.326886
SIZE_DOWNLOAD:1305
TIMESTAMP:2025-06-11 13:37:02 UTC
TRIGGER:schedule
