---METADATA---
HTTP_STATUS:200
TIME_TOTAL:3.476525
TIME_CONNECT:0.301990
SIZE_DOWNLOAD:1292
TIMESTAMP:2025-06-11 16:18:18 UTC
TRIGGER:schedule
