---METADATA---
HTTP_STATUS:200
TIME_TOTAL:3.171312
TIME_CONNECT:0.252238
SIZE_DOWNLOAD:1290
TIMESTAMP:2025-06-11 11:28:22 UTC
TRIGGER:schedule
