---METADATA---
HTTP_STATUS:200
TIME_TOTAL:1.071222
TIME_CONNECT:0.235668
SIZE_DOWNLOAD:1292
TIMESTAMP:2025-06-11 15:50:28 UTC
TRIGGER:schedule
