---METADATA---
HTTP_STATUS:200
TIME_TOTAL:3.456649
TIME_CONNECT:0.285965
SIZE_DOWNLOAD:1290
TIMESTAMP:2025-06-11 09:15:41 UTC
TRIGGER:schedule
