---METADATA---
HTTP_STATUS:200
TIME_TOTAL:3.194862
TIME_CONNECT:0.227608
SIZE_DOWNLOAD:1290
TIMESTAMP:2025-06-11 11:39:37 UTC
TRIGGER:schedule
