---METADATA---
HTTP_STATUS:200
TIME_TOTAL:3.577448
TIME_CONNECT:0.286289
SIZE_DOWNLOAD:1290
TIMESTAMP:2025-06-11 06:20:48 UTC
TRIGGER:schedule
