---METADATA---
HTTP_STATUS:200
TIME_TOTAL:3.402243
TIME_CONNECT:0.281986
SIZE_DOWNLOAD:1292
TIMESTAMP:2025-06-11 15:40:59 UTC
TRIGGER:schedule
