---METADATA---
HTTP_STATUS:200
TIME_TOTAL:3.251030
TIME_CONNECT:0.236112
SIZE_DOWNLOAD:1307
TIMESTAMP:2025-06-11 02:09:55 UTC
TRIGGER:schedule
