---METADATA---
HTTP_STATUS:200
TIME_TOTAL:3.422672
TIME_CONNECT:0.249473
SIZE_DOWNLOAD:1292
TIMESTAMP:2025-06-11 20:29:23 UTC
TRIGGER:schedule
