---METADATA---
HTTP_STATUS:200
TIME_TOTAL:3.484825
TIME_CONNECT:0.274420
SIZE_DOWNLOAD:1292
TIMESTAMP:2025-06-11 20:57:57 UTC
TRIGGER:schedule
