---METADATA---
HTTP_STATUS:200
TIME_TOTAL:3.337343
TIME_CONNECT:0.268621
SIZE_DOWNLOAD:1292
TIMESTAMP:2025-06-11 13:53:50 UTC
TRIGGER:schedule
