---METADATA---
HTTP_STATUS:200
TIME_TOTAL:3.345327
TIME_CONNECT:0.285661
SIZE_DOWNLOAD:1292
TIMESTAMP:2025-06-11 18:55:43 UTC
TRIGGER:schedule
