---METADATA---
HTTP_STATUS:200
TIME_TOTAL:3.578991
TIME_CONNECT:0.304408
SIZE_DOWNLOAD:1292
TIMESTAMP:2025-06-11 14:45:53 UTC
TRIGGER:schedule
