---METADATA---
HTTP_STATUS:200
TIME_TOTAL:3.343417
TIME_CONNECT:0.286566
SIZE_DOWNLOAD:1292
TIMESTAMP:2025-06-11 17:49:04 UTC
TRIGGER:schedule
