---METADATA---
HTTP_STATUS:200
TIME_TOTAL:3.226219
TIME_CONNECT:0.246701
SIZE_DOWNLOAD:1292
TIMESTAMP:2025-06-11 23:31:53 UTC
TRIGGER:schedule
