---METADATA---
HTTP_STATUS:200
TIME_TOTAL:3.492664
TIME_CONNECT:0.242383
SIZE_DOWNLOAD:1292
TIMESTAMP:2025-06-11 20:46:02 UTC
TRIGGER:schedule
