---METADATA---
HTTP_STATUS:200
TIME_TOTAL:3.325175
TIME_CONNECT:0.280673
SIZE_DOWNLOAD:1292
TIMESTAMP:2025-06-11 15:29:49 UTC
TRIGGER:schedule
