---METADATA---
HTTP_STATUS:200
TIME_TOTAL:3.646698
TIME_CONNECT:0.342686
SIZE_DOWNLOAD:1290
TIMESTAMP:2025-06-11 08:47:03 UTC
TRIGGER:schedule
