---METADATA---
HTTP_STATUS:200
TIME_TOTAL:3.447482
TIME_CONNECT:0.291679
SIZE_DOWNLOAD:1292
TIMESTAMP:2025-06-11 17:12:47 UTC
TRIGGER:schedule
