---METADATA---
HTTP_STATUS:200
TIME_TOTAL:3.277105
TIME_CONNECT:0.247464
SIZE_DOWNLOAD:1292
TIMESTAMP:2025-06-11 19:47:03 UTC
TRIGGER:schedule
