---METADATA---
HTTP_STATUS:200
TIME_TOTAL:3.426052
TIME_CONNECT:0.269830
SIZE_DOWNLOAD:1292
TIMESTAMP:2025-06-11 14:57:32 UTC
TRIGGER:schedule
