---METADATA---
HTTP_STATUS:200
TIME_TOTAL:3.253409
TIME_CONNECT:0.271674
SIZE_DOWNLOAD:1292
TIMESTAMP:2025-06-11 22:50:07 UTC
TRIGGER:schedule
