---METADATA---
HTTP_STATUS:200
TIME_TOTAL:3.650743
TIME_CONNECT:0.267848
SIZE_DOWNLOAD:1292
TIMESTAMP:2025-06-11 13:55:35 UTC
TRIGGER:schedule
