---METADATA---
HTTP_STATUS:200
TIME_TOTAL:3.396454
TIME_CONNECT:0.235490
SIZE_DOWNLOAD:1290
TIMESTAMP:2025-06-11 10:15:36 UTC
TRIGGER:schedule
