---METADATA---
HTTP_STATUS:200
TIME_TOTAL:3.502392
TIME_CONNECT:0.278289
SIZE_DOWNLOAD:1292
TIMESTAMP:2025-06-11 15:45:49 UTC
TRIGGER:schedule
