---METADATA---
HTTP_STATUS:200
TIME_TOTAL:3.372951
TIME_CONNECT:0.324171
SIZE_DOWNLOAD:1292
TIMESTAMP:2025-06-11 16:55:05 UTC
TRIGGER:schedule
