---METADATA---
HTTP_STATUS:200
TIME_TOTAL:3.655106
TIME_CONNECT:0.338248
SIZE_DOWNLOAD:1292
TIMESTAMP:2025-06-11 21:48:18 UTC
TRIGGER:schedule
