---METADATA---
HTTP_STATUS:200
TIME_TOTAL:3.409650
TIME_CONNECT:0.255051
SIZE_DOWNLOAD:1290
TIMESTAMP:2025-06-11 10:30:09 UTC
TRIGGER:schedule
