---METADATA---
HTTP_STATUS:200
TIME_TOTAL:3.557608
TIME_CONNECT:0.233952
SIZE_DOWNLOAD:1292
TIMESTAMP:2025-06-11 18:37:40 UTC
TRIGGER:schedule
