---METADATA---
HTTP_STATUS:200
TIME_TOTAL:3.560650
TIME_CONNECT:0.272117
SIZE_DOWNLOAD:1307
TIMESTAMP:2025-08-31 23:12:13 UTC
TRIGGER:schedule
