---METADATA---
HTTP_STATUS:200
TIME_TOTAL:3.438363
TIME_CONNECT:0.246786
SIZE_DOWNLOAD:1307
TIMESTAMP:2025-08-31 22:59:06 UTC
TRIGGER:schedule
