---METADATA---
HTTP_STATUS:200
TIME_TOTAL:3.584801
TIME_CONNECT:0.240578
SIZE_DOWNLOAD:1307
TIMESTAMP:2025-08-31 14:28:25 UTC
TRIGGER:schedule
