---METADATA---
HTTP_STATUS:200
TIME_TOTAL:3.496703
TIME_CONNECT:0.248004
SIZE_DOWNLOAD:1309
TIMESTAMP:2025-08-31 05:12:34 UTC
TRIGGER:schedule
