---METADATA---
HTTP_STATUS:200
TIME_TOTAL:1.221155
TIME_CONNECT:0.260022
SIZE_DOWNLOAD:1309
TIMESTAMP:2025-08-31 09:27:07 UTC
TRIGGER:schedule
