---METADATA---
HTTP_STATUS:200
TIME_TOTAL:3.341754
TIME_CONNECT:0.247185
SIZE_DOWNLOAD:1307
TIMESTAMP:2025-08-31 17:48:14 UTC
TRIGGER:schedule
