---METADATA---
HTTP_STATUS:200
TIME_TOTAL:3.480279
TIME_CONNECT:0.255359
SIZE_DOWNLOAD:1307
TIMESTAMP:2025-08-31 22:31:15 UTC
TRIGGER:schedule
