---METADATA---
HTTP_STATUS:200
TIME_TOTAL:3.670533
TIME_CONNECT:0.247106
SIZE_DOWNLOAD:1296
TIMESTAMP:2025-08-31 07:12:08 UTC
TRIGGER:schedule
