---METADATA---
HTTP_STATUS:200
TIME_TOTAL:3.279948
TIME_CONNECT:0.236025
SIZE_DOWNLOAD:1307
TIMESTAMP:2025-08-31 21:38:00 UTC
TRIGGER:schedule
