---METADATA---
HTTP_STATUS:200
TIME_TOTAL:3.426406
TIME_CONNECT:0.217684
SIZE_DOWNLOAD:1292
TIMESTAMP:2025-08-31 11:48:24 UTC
TRIGGER:schedule
