---METADATA---
HTTP_STATUS:200
TIME_TOTAL:3.447296
TIME_CONNECT:0.280977
SIZE_DOWNLOAD:1307
TIMESTAMP:2025-08-31 23:38:58 UTC
TRIGGER:schedule
