---METADATA---
HTTP_STATUS:200
TIME_TOTAL:3.628853
TIME_CONNECT:0.279683
SIZE_DOWNLOAD:1309
TIMESTAMP:2025-08-31 09:12:12 UTC
TRIGGER:schedule
