---METADATA---
HTTP_STATUS:200
TIME_TOTAL:3.592868
TIME_CONNECT:0.268284
SIZE_DOWNLOAD:1296
TIMESTAMP:2025-08-31 08:39:28 UTC
TRIGGER:schedule
