---METADATA---
HTTP_STATUS:200
TIME_TOTAL:1.028679
TIME_CONNECT:0.276931
SIZE_DOWNLOAD:1307
TIMESTAMP:2025-08-31 19:48:06 UTC
TRIGGER:schedule
