---METADATA---
HTTP_STATUS:200
TIME_TOTAL:3.381330
TIME_CONNECT:0.275243
SIZE_DOWNLOAD:1307
TIMESTAMP:2025-08-31 15:37:21 UTC
TRIGGER:schedule
