---METADATA---
HTTP_STATUS:200
TIME_TOTAL:3.520430
TIME_CONNECT:0.240320
SIZE_DOWNLOAD:1307
TIMESTAMP:2025-08-31 23:50:51 UTC
TRIGGER:schedule
