---METADATA---
HTTP_STATUS:200
TIME_TOTAL:3.442503
TIME_CONNECT:0.213866
SIZE_DOWNLOAD:1307
TIMESTAMP:2025-08-31 19:09:44 UTC
TRIGGER:schedule
