---METADATA---
HTTP_STATUS:200
TIME_TOTAL:3.446185
TIME_CONNECT:0.271116
SIZE_DOWNLOAD:1307
TIMESTAMP:2025-08-31 06:52:51 UTC
TRIGGER:schedule
