---METADATA---
HTTP_STATUS:200
TIME_TOTAL:3.746072
TIME_CONNECT:0.445334
SIZE_DOWNLOAD:1307
TIMESTAMP:2025-08-31 04:28:54 UTC
TRIGGER:schedule
