---METADATA---
HTTP_STATUS:200
TIME_TOTAL:3.540596
TIME_CONNECT:0.292340
SIZE_DOWNLOAD:1130
TIMESTAMP:2025-08-31 03:28:16 UTC
TRIGGER:schedule
