---METADATA---
HTTP_STATUS:200
TIME_TOTAL:3.629413
TIME_CONNECT:0.271516
SIZE_DOWNLOAD:1295
TIMESTAMP:2025-08-31 10:20:12 UTC
TRIGGER:schedule
