---METADATA---
HTTP_STATUS:200
TIME_TOTAL:3.389919
TIME_CONNECT:0.282017
SIZE_DOWNLOAD:1130
TIMESTAMP:2025-08-31 02:44:39 UTC
TRIGGER:schedule
