---METADATA---
HTTP_STATUS:200
TIME_TOTAL:3.498929
TIME_CONNECT:0.282058
SIZE_DOWNLOAD:1307
TIMESTAMP:2025-08-31 11:58:56 UTC
TRIGGER:schedule
