---METADATA---
HTTP_STATUS:200
TIME_TOTAL:3.414994
TIME_CONNECT:0.247778
SIZE_DOWNLOAD:1307
TIMESTAMP:2025-08-31 20:13:41 UTC
TRIGGER:schedule
