---METADATA---
HTTP_STATUS:200
TIME_TOTAL:0.997759
TIME_CONNECT:0.252652
SIZE_DOWNLOAD:1307
TIMESTAMP:2025-08-31 07:31:24 UTC
TRIGGER:schedule
