---METADATA---
HTTP_STATUS:200
TIME_TOTAL:3.428539
TIME_CONNECT:0.277865
SIZE_DOWNLOAD:1306
TIMESTAMP:2025-08-31 05:23:55 UTC
TRIGGER:schedule
