---METADATA---
HTTP_STATUS:200
TIME_TOTAL:3.540048
TIME_CONNECT:0.275498
SIZE_DOWNLOAD:1294
TIMESTAMP:2025-08-31 09:50:07 UTC
TRIGGER:schedule
