---METADATA---
HTTP_STATUS:200
TIME_TOTAL:3.548323
TIME_CONNECT:0.282193
SIZE_DOWNLOAD:1307
TIMESTAMP:2025-08-31 15:11:45 UTC
TRIGGER:schedule
