---METADATA---
HTTP_STATUS:200
TIME_TOTAL:3.476379
TIME_CONNECT:0.259246
SIZE_DOWNLOAD:1307
TIMESTAMP:2025-08-31 21:11:20 UTC
TRIGGER:schedule
