---METADATA---
HTTP_STATUS:200
TIME_TOTAL:3.572420
TIME_CONNECT:0.288274
SIZE_DOWNLOAD:1307
TIMESTAMP:2025-08-31 22:47:08 UTC
TRIGGER:schedule
