---METADATA---
HTTP_STATUS:200
TIME_TOTAL:3.314918
TIME_CONNECT:0.230104
SIZE_DOWNLOAD:1307
TIMESTAMP:2025-08-31 17:50:36 UTC
TRIGGER:schedule
