---METADATA---
HTTP_STATUS:200
TIME_TOTAL:3.347494
TIME_CONNECT:0.271813
SIZE_DOWNLOAD:1307
TIMESTAMP:2025-08-31 21:48:14 UTC
TRIGGER:schedule
