---METADATA---
HTTP_STATUS:200
TIME_TOTAL:3.498383
TIME_CONNECT:0.280342
SIZE_DOWNLOAD:1130
TIMESTAMP:2025-08-31 03:57:04 UTC
TRIGGER:schedule
