---METADATA---
HTTP_STATUS:200
TIME_TOTAL:3.560277
TIME_CONNECT:0.297413
SIZE_DOWNLOAD:1307
TIMESTAMP:2025-08-31 16:34:59 UTC
TRIGGER:schedule
