---METADATA---
HTTP_STATUS:200
TIME_TOTAL:3.485205
TIME_CONNECT:0.297883
SIZE_DOWNLOAD:1307
TIMESTAMP:2025-08-31 21:35:02 UTC
TRIGGER:schedule
