---METADATA---
HTTP_STATUS:200
TIME_TOTAL:1.005716
TIME_CONNECT:0.233498
SIZE_DOWNLOAD:1307
TIMESTAMP:2025-08-31 18:51:16 UTC
TRIGGER:schedule
