---METADATA---
HTTP_STATUS:200
TIME_TOTAL:3.582081
TIME_CONNECT:0.289181
SIZE_DOWNLOAD:1307
TIMESTAMP:2025-08-31 18:42:36 UTC
TRIGGER:schedule
