---METADATA---
HTTP_STATUS:200
TIME_TOTAL:3.305383
TIME_CONNECT:0.249006
SIZE_DOWNLOAD:1130
TIMESTAMP:2025-08-31 01:51:57 UTC
TRIGGER:schedule
