---METADATA---
HTTP_STATUS:200
TIME_TOTAL:3.562250
TIME_CONNECT:0.279459
SIZE_DOWNLOAD:1307
TIMESTAMP:2025-08-31 17:10:43 UTC
TRIGGER:schedule
