---METADATA---
HTTP_STATUS:200
TIME_TOTAL:3.281167
TIME_CONNECT:0.246454
SIZE_DOWNLOAD:1307
TIMESTAMP:2025-08-31 18:46:50 UTC
TRIGGER:schedule
