---METADATA---
HTTP_STATUS:200
TIME_TOTAL:3.378380
TIME_CONNECT:0.347577
SIZE_DOWNLOAD:1307
TIMESTAMP:2025-08-31 20:48:16 UTC
TRIGGER:schedule
