---METADATA---
HTTP_STATUS:200
TIME_TOTAL:3.429533
TIME_CONNECT:0.275470
SIZE_DOWNLOAD:1130
TIMESTAMP:2025-08-31 03:49:51 UTC
TRIGGER:schedule
