---METADATA---
HTTP_STATUS:200
TIME_TOTAL:3.363229
TIME_CONNECT:0.269260
SIZE_DOWNLOAD:1307
TIMESTAMP:2025-08-31 15:27:43 UTC
TRIGGER:schedule
