---METADATA---
HTTP_STATUS:200
TIME_TOTAL:3.459698
TIME_CONNECT:0.281326
SIZE_DOWNLOAD:1309
TIMESTAMP:2025-08-31 07:47:11 UTC
TRIGGER:schedule
