---METADATA---
HTTP_STATUS:200
TIME_TOTAL:3.432097
TIME_CONNECT:0.283961
SIZE_DOWNLOAD:1307
TIMESTAMP:2025-08-31 17:26:55 UTC
TRIGGER:schedule
