---METADATA---
HTTP_STATUS:200
TIME_TOTAL:1.074927
TIME_CONNECT:0.285371
SIZE_DOWNLOAD:1311
TIMESTAMP:2025-08-31 08:48:39 UTC
TRIGGER:schedule
