---METADATA---
HTTP_STATUS:200
TIME_TOTAL:3.553737
TIME_CONNECT:0.283021
SIZE_DOWNLOAD:1307
TIMESTAMP:2025-08-31 10:40:18 UTC
TRIGGER:schedule
