---METADATA---
HTTP_STATUS:200
TIME_TOTAL:3.354604
TIME_CONNECT:0.282938
SIZE_DOWNLOAD:1307
TIMESTAMP:2025-08-31 19:47:11 UTC
TRIGGER:schedule
