---METADATA---
HTTP_STATUS:200
TIME_TOTAL:3.559683
TIME_CONNECT:0.264256
SIZE_DOWNLOAD:1307
TIMESTAMP:2025-08-31 14:51:31 UTC
TRIGGER:schedule
