---METADATA---
HTTP_STATUS:200
TIME_TOTAL:3.518134
TIME_CONNECT:0.245964
SIZE_DOWNLOAD:1309
TIMESTAMP:2025-08-31 10:12:36 UTC
TRIGGER:schedule
