---METADATA---
HTTP_STATUS:200
TIME_TOTAL:3.425022
TIME_CONNECT:0.248951
SIZE_DOWNLOAD:1307
TIMESTAMP:2025-08-31 20:41:32 UTC
TRIGGER:schedule
