---METADATA---
HTTP_STATUS:200
TIME_TOTAL:3.545725
TIME_CONNECT:0.278026
SIZE_DOWNLOAD:1294
TIMESTAMP:2025-08-31 09:47:58 UTC
TRIGGER:schedule
