---METADATA---
HTTP_STATUS:200
TIME_TOTAL:3.645511
TIME_CONNECT:0.289870
SIZE_DOWNLOAD:1311
TIMESTAMP:2025-08-31 08:45:06 UTC
TRIGGER:schedule
