---METADATA---
HTTP_STATUS:200
TIME_TOTAL:3.390692
TIME_CONNECT:0.232514
SIZE_DOWNLOAD:1307
TIMESTAMP:2025-08-31 17:37:25 UTC
TRIGGER:schedule
