---METADATA---
HTTP_STATUS:200
TIME_TOTAL:1.044655
TIME_CONNECT:0.246284
SIZE_DOWNLOAD:1307
TIMESTAMP:2025-08-31 04:48:46 UTC
TRIGGER:schedule
