---METADATA---
HTTP_STATUS:200
TIME_TOTAL:3.542272
TIME_CONNECT:0.242637
SIZE_DOWNLOAD:1130
TIMESTAMP:2025-08-31 03:44:11 UTC
TRIGGER:schedule
