---METADATA---
HTTP_STATUS:200
TIME_TOTAL:3.354108
TIME_CONNECT:0.236371
SIZE_DOWNLOAD:1307
TIMESTAMP:2025-08-31 10:31:11 UTC
TRIGGER:schedule
