---METADATA---
HTTP_STATUS:200
TIME_TOTAL:3.685881
TIME_CONNECT:0.299879
SIZE_DOWNLOAD:1307
TIMESTAMP:2025-08-31 11:18:47 UTC
TRIGGER:schedule
