---METADATA---
HTTP_STATUS:200
TIME_TOTAL:3.538145
TIME_CONNECT:0.258945
SIZE_DOWNLOAD:1307
TIMESTAMP:2025-08-31 12:57:57 UTC
TRIGGER:schedule
