---METADATA---
HTTP_STATUS:200
TIME_TOTAL:3.256932
TIME_CONNECT:0.216930
SIZE_DOWNLOAD:1307
TIMESTAMP:2025-08-31 22:09:50 UTC
TRIGGER:schedule
