---METADATA---
HTTP_STATUS:200
TIME_TOTAL:3.666358
TIME_CONNECT:0.255536
SIZE_DOWNLOAD:1308
TIMESTAMP:2025-08-31 08:15:42 UTC
TRIGGER:schedule
