---METADATA---
HTTP_STATUS:200
TIME_TOTAL:3.424256
TIME_CONNECT:0.242101
SIZE_DOWNLOAD:1307
TIMESTAMP:2025-08-31 15:48:01 UTC
TRIGGER:schedule
