---METADATA---
HTTP_STATUS:200
TIME_TOTAL:3.504301
TIME_CONNECT:0.276634
SIZE_DOWNLOAD:1307
TIMESTAMP:2025-08-31 19:59:04 UTC
TRIGGER:schedule
