---METADATA---
HTTP_STATUS:200
TIME_TOTAL:3.521078
TIME_CONNECT:0.273905
SIZE_DOWNLOAD:1307
TIMESTAMP:2025-08-31 16:43:07 UTC
TRIGGER:schedule
