---METADATA---
HTTP_STATUS:200
TIME_TOTAL:1.008204
TIME_CONNECT:0.276168
SIZE_DOWNLOAD:1294
TIMESTAMP:2025-08-31 07:35:15 UTC
TRIGGER:schedule
