---METADATA---
HTTP_STATUS:200
TIME_TOTAL:3.438578
TIME_CONNECT:0.243880
SIZE_DOWNLOAD:1307
TIMESTAMP:2025-08-31 10:48:17 UTC
TRIGGER:schedule
