---METADATA---
HTTP_STATUS:200
TIME_TOTAL:3.637178
TIME_CONNECT:0.281659
SIZE_DOWNLOAD:1307
TIMESTAMP:2025-08-31 15:20:10 UTC
TRIGGER:schedule
