---METADATA---
HTTP_STATUS:200
TIME_TOTAL:3.581788
TIME_CONNECT:0.255613
SIZE_DOWNLOAD:1307
TIMESTAMP:2025-08-31 10:57:05 UTC
TRIGGER:schedule
