---METADATA---
HTTP_STATUS:200
TIME_TOTAL:3.733887
TIME_CONNECT:0.286949
SIZE_DOWNLOAD:1309
TIMESTAMP:2025-08-31 09:22:45 UTC
TRIGGER:schedule
