---METADATA---
HTTP_STATUS:200
TIME_TOTAL:3.611872
TIME_CONNECT:0.250885
SIZE_DOWNLOAD:1307
TIMESTAMP:2025-08-31 19:31:14 UTC
TRIGGER:schedule
