---METADATA---
HTTP_STATUS:200
TIME_TOTAL:3.383643
TIME_CONNECT:0.296333
SIZE_DOWNLOAD:1307
TIMESTAMP:2025-08-31 23:48:16 UTC
TRIGGER:schedule
