---METADATA---
HTTP_STATUS:200
TIME_TOTAL:1.038423
TIME_CONNECT:0.275719
SIZE_DOWNLOAD:1307
TIMESTAMP:2025-08-31 19:34:40 UTC
TRIGGER:schedule
