---METADATA---
HTTP_STATUS:200
TIME_TOTAL:3.529370
TIME_CONNECT:0.264926
SIZE_DOWNLOAD:1307
TIMESTAMP:2025-08-31 12:49:22 UTC
TRIGGER:schedule
