---METADATA---
HTTP_STATUS:200
TIME_TOTAL:3.525961
TIME_CONNECT:0.299936
SIZE_DOWNLOAD:1307
TIMESTAMP:2025-08-31 14:48:16 UTC
TRIGGER:schedule
