---METADATA---
HTTP_STATUS:200
TIME_TOTAL:3.462281
TIME_CONNECT:0.294062
SIZE_DOWNLOAD:1307
TIMESTAMP:2025-08-31 11:22:49 UTC
TRIGGER:schedule
