---METADATA---
HTTP_STATUS:200
TIME_TOTAL:3.414504
TIME_CONNECT:0.275598
SIZE_DOWNLOAD:1311
TIMESTAMP:2025-08-31 07:19:09 UTC
TRIGGER:schedule
