---METADATA---
HTTP_STATUS:200
TIME_TOTAL:1.020662
TIME_CONNECT:0.271772
SIZE_DOWNLOAD:1307
TIMESTAMP:2025-08-31 19:22:34 UTC
TRIGGER:schedule
