---METADATA---
HTTP_STATUS:200
TIME_TOTAL:1.096420
TIME_CONNECT:0.279084
SIZE_DOWNLOAD:1307
TIMESTAMP:2025-08-31 13:37:29 UTC
TRIGGER:schedule
