---METADATA---
HTTP_STATUS:200
TIME_TOTAL:3.354709
TIME_CONNECT:0.211283
SIZE_DOWNLOAD:1308
TIMESTAMP:2025-08-31 13:34:36 UTC
TRIGGER:schedule
