---METADATA---
HTTP_STATUS:200
TIME_TOTAL:3.447516
TIME_CONNECT:0.290714
SIZE_DOWNLOAD:1296
TIMESTAMP:2025-08-31 06:50:55 UTC
TRIGGER:schedule
