---METADATA---
HTTP_STATUS:200
TIME_TOTAL:3.499879
TIME_CONNECT:0.278392
SIZE_DOWNLOAD:1307
TIMESTAMP:2025-08-31 16:49:35 UTC
TRIGGER:schedule
