---METADATA---
HTTP_STATUS:200
TIME_TOTAL:3.452724
TIME_CONNECT:0.257426
SIZE_DOWNLOAD:1130
TIMESTAMP:2025-08-31 03:09:07 UTC
TRIGGER:schedule
