---METADATA---
HTTP_STATUS:200
TIME_TOTAL:3.628736
TIME_CONNECT:0.295290
SIZE_DOWNLOAD:1298
TIMESTAMP:2025-08-31 06:18:22 UTC
TRIGGER:schedule
