---METADATA---
HTTP_STATUS:200
TIME_TOTAL:3.420775
TIME_CONNECT:0.278007
SIZE_DOWNLOAD:1307
TIMESTAMP:2025-08-31 13:59:00 UTC
TRIGGER:schedule
