---METADATA---
HTTP_STATUS:200
TIME_TOTAL:1.070077
TIME_CONNECT:0.276621
SIZE_DOWNLOAD:1307
TIMESTAMP:2025-08-31 22:47:53 UTC
TRIGGER:schedule
