---METADATA---
HTTP_STATUS:200
TIME_TOTAL:3.407829
TIME_CONNECT:0.272775
SIZE_DOWNLOAD:1307
TIMESTAMP:2025-08-31 20:30:40 UTC
TRIGGER:schedule
