---METADATA---
HTTP_STATUS:200
TIME_TOTAL:3.570671
TIME_CONNECT:0.262451
SIZE_DOWNLOAD:1307
TIMESTAMP:2025-08-31 11:09:51 UTC
TRIGGER:schedule
