---METADATA---
HTTP_STATUS:200
TIME_TOTAL:3.483951
TIME_CONNECT:0.243734
SIZE_DOWNLOAD:1307
TIMESTAMP:2025-08-31 21:21:20 UTC
TRIGGER:schedule
