---METADATA---
HTTP_STATUS:200
TIME_TOTAL:3.676091
TIME_CONNECT:0.268034
SIZE_DOWNLOAD:1295
TIMESTAMP:2025-08-31 06:44:17 UTC
TRIGGER:schedule
