---METADATA---
HTTP_STATUS:200
TIME_TOTAL:3.398466
TIME_CONNECT:0.273924
SIZE_DOWNLOAD:1309
TIMESTAMP:2025-08-31 06:34:29 UTC
TRIGGER:schedule
