---METADATA---
HTTP_STATUS:200
TIME_TOTAL:1.046901
TIME_CONNECT:0.301057
SIZE_DOWNLOAD:1309
TIMESTAMP:2025-08-31 07:48:19 UTC
TRIGGER:schedule
