---METADATA---
HTTP_STATUS:200
TIME_TOTAL:3.406417
TIME_CONNECT:0.271884
SIZE_DOWNLOAD:1294
TIMESTAMP:2025-08-31 01:08:14 UTC
TRIGGER:schedule
