---METADATA---
HTTP_STATUS:200
TIME_TOTAL:3.611330
TIME_CONNECT:0.261708
SIZE_DOWNLOAD:1300
TIMESTAMP:2025-08-31 05:40:33 UTC
TRIGGER:schedule
