---METADATA---
HTTP_STATUS:200
TIME_TOTAL:3.450368
TIME_CONNECT:0.305042
SIZE_DOWNLOAD:1309
TIMESTAMP:2025-08-31 05:30:06 UTC
TRIGGER:schedule
