---METADATA---
HTTP_STATUS:200
TIME_TOTAL:3.643868
TIME_CONNECT:0.319657
SIZE_DOWNLOAD:1307
TIMESTAMP:2025-08-31 04:57:04 UTC
TRIGGER:schedule
