---METADATA---
HTTP_STATUS:200
TIME_TOTAL:3.513773
TIME_CONNECT:0.265578
SIZE_DOWNLOAD:1296
TIMESTAMP:2025-08-31 05:49:37 UTC
TRIGGER:schedule
