---METADATA---
HTTP_STATUS:200
TIME_TOTAL:3.475459
TIME_CONNECT:0.256446
SIZE_DOWNLOAD:1307
TIMESTAMP:2025-08-31 21:25:57 UTC
TRIGGER:schedule
