---METADATA---
HTTP_STATUS:200
TIME_TOTAL:3.485808
TIME_CONNECT:0.288073
SIZE_DOWNLOAD:1307
TIMESTAMP:2025-08-31 04:15:22 UTC
TRIGGER:schedule
