---METADATA---
HTTP_STATUS:200
TIME_TOTAL:1.047088
TIME_CONNECT:0.233028
SIZE_DOWNLOAD:1307
TIMESTAMP:2025-08-31 23:27:07 UTC
TRIGGER:schedule
