---METADATA---
HTTP_STATUS:200
TIME_TOTAL:3.542431
TIME_CONNECT:0.283375
SIZE_DOWNLOAD:1292
TIMESTAMP:2025-08-31 11:47:00 UTC
TRIGGER:schedule
