---METADATA---
HTTP_STATUS:200
TIME_TOTAL:1.057788
TIME_CONNECT:0.267317
SIZE_DOWNLOAD:1300
TIMESTAMP:2025-08-31 05:41:31 UTC
TRIGGER:schedule
