---METADATA---
HTTP_STATUS:200
TIME_TOTAL:3.350744
TIME_CONNECT:0.211253
SIZE_DOWNLOAD:1307
TIMESTAMP:2025-08-31 23:36:45 UTC
TRIGGER:schedule
