---METADATA---
HTTP_STATUS:200
TIME_TOTAL:3.324422
TIME_CONNECT:0.297635
SIZE_DOWNLOAD:1307
TIMESTAMP:2025-08-31 18:58:30 UTC
TRIGGER:schedule
