---METADATA---
HTTP_STATUS:200
TIME_TOTAL:3.499948
TIME_CONNECT:0.289252
SIZE_DOWNLOAD:1298
TIMESTAMP:2025-08-31 09:38:11 UTC
TRIGGER:schedule
