---METADATA---
HTTP_STATUS:200
TIME_TOTAL:1.010600
TIME_CONNECT:0.247836
SIZE_DOWNLOAD:1307
TIMESTAMP:2025-08-31 21:50:01 UTC
TRIGGER:schedule
