---METADATA---
HTTP_STATUS:200
TIME_TOTAL:3.480188
TIME_CONNECT:0.284262
SIZE_DOWNLOAD:1307
TIMESTAMP:2025-08-31 22:30:18 UTC
TRIGGER:schedule
