---METADATA---
HTTP_STATUS:200
TIME_TOTAL:3.365809
TIME_CONNECT:0.310282
SIZE_DOWNLOAD:1307
TIMESTAMP:2025-08-31 16:57:05 UTC
TRIGGER:schedule
