---METADATA---
HTTP_STATUS:200
TIME_TOTAL:0.926496
TIME_CONNECT:0.226712
SIZE_DOWNLOAD:1307
TIMESTAMP:2025-08-31 15:38:54 UTC
TRIGGER:schedule
