---METADATA---
HTTP_STATUS:200
TIME_TOTAL:3.443259
TIME_CONNECT:0.271838
SIZE_DOWNLOAD:1309
TIMESTAMP:2025-08-31 13:16:05 UTC
TRIGGER:schedule
