---METADATA---
HTTP_STATUS:200
TIME_TOTAL:3.574731
TIME_CONNECT:0.287907
SIZE_DOWNLOAD:1307
TIMESTAMP:2025-08-31 11:30:43 UTC
TRIGGER:schedule
