---METADATA---
HTTP_STATUS:200
TIME_TOTAL:3.478712
TIME_CONNECT:0.239095
SIZE_DOWNLOAD:1307
TIMESTAMP:2025-08-31 18:28:48 UTC
TRIGGER:schedule
