---METADATA---
HTTP_STATUS:200
TIME_TOTAL:3.590632
TIME_CONNECT:0.231633
SIZE_DOWNLOAD:1307
TIMESTAMP:2025-08-31 04:40:03 UTC
TRIGGER:schedule
