---METADATA---
HTTP_STATUS:200
TIME_TOTAL:3.515890
TIME_CONNECT:0.266382
SIZE_DOWNLOAD:1296
TIMESTAMP:2025-08-31 08:30:06 UTC
TRIGGER:schedule
