---METADATA---
HTTP_STATUS:200
TIME_TOTAL:3.806929
TIME_CONNECT:0.261754
SIZE_DOWNLOAD:1307
TIMESTAMP:2025-08-31 14:39:43 UTC
TRIGGER:schedule
