---METADATA---
HTTP_STATUS:200
TIME_TOTAL:3.427440
TIME_CONNECT:0.248078
SIZE_DOWNLOAD:1307
TIMESTAMP:2025-08-31 04:44:33 UTC
TRIGGER:schedule
