---METADATA---
HTTP_STATUS:200
TIME_TOTAL:3.661262
TIME_CONNECT:0.285442
SIZE_DOWNLOAD:1307
TIMESTAMP:2025-08-31 13:47:10 UTC
TRIGGER:schedule
