---METADATA---
HTTP_STATUS:200
TIME_TOTAL:3.506311
TIME_CONNECT:0.241826
SIZE_DOWNLOAD:1307
TIMESTAMP:2025-08-31 14:10:59 UTC
TRIGGER:schedule
