---METADATA---
HTTP_STATUS:200
TIME_TOTAL:3.607961
TIME_CONNECT:0.243927
SIZE_DOWNLOAD:1307
TIMESTAMP:2025-08-31 13:48:05 UTC
TRIGGER:schedule
