---METADATA---
HTTP_STATUS:200
TIME_TOTAL:3.393841
TIME_CONNECT:0.248632
SIZE_DOWNLOAD:1307
TIMESTAMP:2025-08-31 19:19:05 UTC
TRIGGER:schedule
