---METADATA---
HTTP_STATUS:200
TIME_TOTAL:3.520104
TIME_CONNECT:0.231437
SIZE_DOWNLOAD:1292
TIMESTAMP:2025-08-31 13:23:12 UTC
TRIGGER:schedule
