---METADATA---
HTTP_STATUS:200
TIME_TOTAL:3.352280
TIME_CONNECT:0.221528
SIZE_DOWNLOAD:1292
TIMESTAMP:2025-08-31 12:24:34 UTC
TRIGGER:schedule
