---METADATA---
HTTP_STATUS:200
TIME_TOTAL:3.408456
TIME_CONNECT:0.217593
SIZE_DOWNLOAD:1307
TIMESTAMP:2025-08-31 08:56:52 UTC
TRIGGER:schedule
