---METADATA---
HTTP_STATUS:200
TIME_TOTAL:3.498060
TIME_CONNECT:0.283420
SIZE_DOWNLOAD:1307
TIMESTAMP:2025-08-31 17:20:12 UTC
TRIGGER:schedule
