---METADATA---
HTTP_STATUS:200
TIME_TOTAL:3.353670
TIME_CONNECT:0.248690
SIZE_DOWNLOAD:1307
TIMESTAMP:2025-08-31 23:23:41 UTC
TRIGGER:schedule
