---METADATA---
HTTP_STATUS:200
TIME_TOTAL:3.457250
TIME_CONNECT:0.287198
SIZE_DOWNLOAD:1307
TIMESTAMP:2025-08-31 11:34:41 UTC
TRIGGER:schedule
