---METADATA---
HTTP_STATUS:200
TIME_TOTAL:3.448362
TIME_CONNECT:0.283097
SIZE_DOWNLOAD:1298
TIMESTAMP:2025-08-31 09:36:17 UTC
TRIGGER:schedule
