---METADATA---
HTTP_STATUS:200
TIME_TOTAL:3.470556
TIME_CONNECT:0.272240
SIZE_DOWNLOAD:1307
TIMESTAMP:2025-08-31 14:38:47 UTC
TRIGGER:schedule
