---METADATA---
HTTP_STATUS:200
TIME_TOTAL:3.540218
TIME_CONNECT:0.254506
SIZE_DOWNLOAD:1307
TIMESTAMP:2025-08-31 16:14:33 UTC
TRIGGER:schedule
