---METADATA---
HTTP_STATUS:200
TIME_TOTAL:3.595157
TIME_CONNECT:0.373480
SIZE_DOWNLOAD:1298
TIMESTAMP:2025-08-31 05:56:46 UTC
TRIGGER:schedule
