---METADATA---
HTTP_STATUS:200
TIME_TOTAL:3.490676
TIME_CONNECT:0.273355
SIZE_DOWNLOAD:1307
TIMESTAMP:2025-08-31 22:11:58 UTC
TRIGGER:schedule
