---METADATA---
HTTP_STATUS:200
TIME_TOTAL:3.346695
TIME_CONNECT:0.227188
SIZE_DOWNLOAD:1307
TIMESTAMP:2025-08-31 20:56:48 UTC
TRIGGER:schedule
