---METADATA---
HTTP_STATUS:200
TIME_TOTAL:3.479174
TIME_CONNECT:0.265186
SIZE_DOWNLOAD:1298
TIMESTAMP:2025-08-31 07:58:53 UTC
TRIGGER:schedule
