---METADATA---
HTTP_STATUS:200
TIME_TOTAL:3.581766
TIME_CONNECT:0.275996
SIZE_DOWNLOAD:1307
TIMESTAMP:2025-08-31 17:38:37 UTC
TRIGGER:schedule
