---METADATA---
HTTP_STATUS:200
TIME_TOTAL:3.473911
TIME_CONNECT:0.250611
SIZE_DOWNLOAD:1307
TIMESTAMP:2025-08-31 20:26:54 UTC
TRIGGER:schedule
