---METADATA---
HTTP_STATUS:200
TIME_TOTAL:3.486967
TIME_CONNECT:0.271490
SIZE_DOWNLOAD:1307
TIMESTAMP:2025-08-31 16:24:52 UTC
TRIGGER:schedule
