---METADATA---
HTTP_STATUS:200
TIME_TOTAL:3.345625
TIME_CONNECT:0.243954
SIZE_DOWNLOAD:1307
TIMESTAMP:2025-08-31 18:17:00 UTC
TRIGGER:schedule
