---METADATA---
HTTP_STATUS:200
TIME_TOTAL:1.039755
TIME_CONNECT:0.238537
SIZE_DOWNLOAD:1307
TIMESTAMP:2025-08-31 15:51:00 UTC
TRIGGER:schedule
