---METADATA---
HTTP_STATUS:200
TIME_TOTAL:3.440930
TIME_CONNECT:0.294088
SIZE_DOWNLOAD:1307
TIMESTAMP:2025-08-31 07:26:16 UTC
TRIGGER:schedule
