---METADATA---
HTTP_STATUS:200
TIME_TOTAL:3.663486
TIME_CONNECT:0.289149
SIZE_DOWNLOAD:1307
TIMESTAMP:2025-08-31 14:23:20 UTC
TRIGGER:schedule
