---METADATA---
HTTP_STATUS:200
TIME_TOTAL:3.569431
TIME_CONNECT:0.237995
SIZE_DOWNLOAD:1305
TIMESTAMP:2025-08-14 12:30:28 UTC
TRIGGER:schedule
