---METADATA---
HTTP_STATUS:200
TIME_TOTAL:3.449213
TIME_CONNECT:0.281247
SIZE_DOWNLOAD:1307
TIMESTAMP:2025-08-14 22:13:19 UTC
TRIGGER:schedule
