---METADATA---
HTTP_STATUS:200
TIME_TOTAL:3.489287
TIME_CONNECT:0.275484
SIZE_DOWNLOAD:1294
TIMESTAMP:2025-08-14 15:53:15 UTC
TRIGGER:schedule
