---METADATA---
HTTP_STATUS:200
TIME_TOTAL:3.493357
TIME_CONNECT:0.220519
SIZE_DOWNLOAD:1307
TIMESTAMP:2025-08-14 10:45:18 UTC
TRIGGER:schedule
