---METADATA---
HTTP_STATUS:200
TIME_TOTAL:3.554531
TIME_CONNECT:0.276927
SIZE_DOWNLOAD:1296
TIMESTAMP:2025-08-14 05:00:41 UTC
TRIGGER:schedule
