---METADATA---
HTTP_STATUS:200
TIME_TOTAL:3.475840
TIME_CONNECT:0.277351
SIZE_DOWNLOAD:1294
TIMESTAMP:2025-08-14 17:33:38 UTC
TRIGGER:schedule
