---METADATA---
HTTP_STATUS:200
TIME_TOTAL:3.414191
TIME_CONNECT:0.327696
SIZE_DOWNLOAD:1318
TIMESTAMP:2025-08-14 23:57:02 UTC
TRIGGER:schedule
