---METADATA---
HTTP_STATUS:200
TIME_TOTAL:3.514900
TIME_CONNECT:0.251480
SIZE_DOWNLOAD:1294
TIMESTAMP:2025-08-14 14:13:59 UTC
TRIGGER:schedule
