---METADATA---
HTTP_STATUS:200
TIME_TOTAL:3.500698
TIME_CONNECT:0.280639
SIZE_DOWNLOAD:1294
TIMESTAMP:2025-08-14 20:26:51 UTC
TRIGGER:schedule
