---METADATA---
HTTP_STATUS:200
TIME_TOTAL:3.660313
TIME_CONNECT:0.279214
SIZE_DOWNLOAD:1307
TIMESTAMP:2025-08-14 20:52:19 UTC
TRIGGER:schedule
