---METADATA---
HTTP_STATUS:200
TIME_TOTAL:4.001715
TIME_CONNECT:0.268003
SIZE_DOWNLOAD:1309
TIMESTAMP:2025-08-14 04:49:50 UTC
TRIGGER:schedule
