---METADATA---
HTTP_STATUS:200
TIME_TOTAL:3.593170
TIME_CONNECT:0.285637
SIZE_DOWNLOAD:1293
TIMESTAMP:2025-08-14 13:41:44 UTC
TRIGGER:schedule
