---METADATA---
HTTP_STATUS:200
TIME_TOTAL:1.141762
TIME_CONNECT:0.262106
SIZE_DOWNLOAD:1294
TIMESTAMP:2025-08-14 19:25:31 UTC
TRIGGER:schedule
