---METADATA---
HTTP_STATUS:200
TIME_TOTAL:3.582404
TIME_CONNECT:0.315564
SIZE_DOWNLOAD:1306
TIMESTAMP:2025-08-14 04:06:14 UTC
TRIGGER:schedule
