---METADATA---
HTTP_STATUS:200
TIME_TOTAL:3.507536
TIME_CONNECT:0.297009
SIZE_DOWNLOAD:1294
TIMESTAMP:2025-08-14 19:50:11 UTC
TRIGGER:schedule
