---METADATA---
HTTP_STATUS:200
TIME_TOTAL:3.549862
TIME_CONNECT:0.290957
SIZE_DOWNLOAD:1296
TIMESTAMP:2025-08-14 05:15:28 UTC
TRIGGER:schedule
