---METADATA---
HTTP_STATUS:200
TIME_TOTAL:3.545692
TIME_CONNECT:0.276548
SIZE_DOWNLOAD:1306
TIMESTAMP:2025-08-14 02:18:11 UTC
TRIGGER:schedule
