---METADATA---
HTTP_STATUS:200
TIME_TOTAL:3.598674
TIME_CONNECT:0.296859
SIZE_DOWNLOAD:1294
TIMESTAMP:2025-08-14 17:13:04 UTC
TRIGGER:schedule
