---METADATA---
HTTP_STATUS:200
TIME_TOTAL:3.428759
TIME_CONNECT:0.286825
SIZE_DOWNLOAD:1305
TIMESTAMP:2025-08-14 23:30:20 UTC
TRIGGER:schedule
