---METADATA---
HTTP_STATUS:200
TIME_TOTAL:3.474874
TIME_CONNECT:0.278813
SIZE_DOWNLOAD:1307
TIMESTAMP:2025-08-14 21:30:53 UTC
TRIGGER:schedule
