---METADATA---
HTTP_STATUS:200
TIME_TOTAL:3.369234
TIME_CONNECT:0.248212
SIZE_DOWNLOAD:1305
TIMESTAMP:2025-08-14 11:45:07 UTC
TRIGGER:schedule
