---METADATA---
HTTP_STATUS:200
TIME_TOTAL:3.588567
TIME_CONNECT:0.270394
SIZE_DOWNLOAD:1296
TIMESTAMP:2025-08-14 06:22:16 UTC
TRIGGER:schedule
