---METADATA---
HTTP_STATUS:200
TIME_TOTAL:3.611342
TIME_CONNECT:0.281753
SIZE_DOWNLOAD:1294
TIMESTAMP:2025-08-14 15:15:24 UTC
TRIGGER:schedule
