---METADATA---
HTTP_STATUS:200
TIME_TOTAL:1.247017
TIME_CONNECT:0.281086
SIZE_DOWNLOAD:1296
TIMESTAMP:2025-08-14 11:13:09 UTC
TRIGGER:schedule
