---METADATA---
HTTP_STATUS:200
TIME_TOTAL:1.053299
TIME_CONNECT:0.237073
SIZE_DOWNLOAD:1305
TIMESTAMP:2025-08-14 11:50:34 UTC
TRIGGER:schedule
