---METADATA---
HTTP_STATUS:200
TIME_TOTAL:3.499313
TIME_CONNECT:0.307861
SIZE_DOWNLOAD:1294
TIMESTAMP:2025-08-14 16:36:28 UTC
TRIGGER:schedule
