---METADATA---
HTTP_STATUS:200
TIME_TOTAL:3.522645
TIME_CONNECT:0.258971
SIZE_DOWNLOAD:1306
TIMESTAMP:2025-08-14 02:57:42 UTC
TRIGGER:schedule
