---METADATA---
HTTP_STATUS:200
TIME_TOTAL:3.487780
TIME_CONNECT:0.269930
SIZE_DOWNLOAD:1294
TIMESTAMP:2025-08-14 19:12:08 UTC
TRIGGER:schedule
