---METADATA---
HTTP_STATUS:200
TIME_TOTAL:3.488795
TIME_CONNECT:0.283361
SIZE_DOWNLOAD:1294
TIMESTAMP:2025-08-14 19:22:09 UTC
TRIGGER:schedule
