---METADATA---
HTTP_STATUS:200
TIME_TOTAL:3.488460
TIME_CONNECT:0.241669
SIZE_DOWNLOAD:1294
TIMESTAMP:2025-08-14 14:38:32 UTC
TRIGGER:schedule
