---METADATA---
HTTP_STATUS:200
TIME_TOTAL:3.594398
TIME_CONNECT:0.234371
SIZE_DOWNLOAD:1307
TIMESTAMP:2025-08-14 22:45:10 UTC
TRIGGER:schedule
