---METADATA---
HTTP_STATUS:200
TIME_TOTAL:4.004847
TIME_CONNECT:0.280483
SIZE_DOWNLOAD:1294
TIMESTAMP:2025-08-14 18:51:09 UTC
TRIGGER:schedule
