---METADATA---
HTTP_STATUS:200
TIME_TOTAL:3.805478
TIME_CONNECT:0.287654
SIZE_DOWNLOAD:1296
TIMESTAMP:2025-08-14 07:16:08 UTC
TRIGGER:schedule
