---METADATA---
HTTP_STATUS:200
TIME_TOTAL:3.500529
TIME_CONNECT:0.240439
SIZE_DOWNLOAD:1306
TIMESTAMP:2025-08-14 03:51:33 UTC
TRIGGER:schedule
