---METADATA---
HTTP_STATUS:200
TIME_TOTAL:3.511563
TIME_CONNECT:0.243771
SIZE_DOWNLOAD:1294
TIMESTAMP:2025-08-14 08:57:37 UTC
TRIGGER:schedule
