---METADATA---
HTTP_STATUS:200
TIME_TOTAL:3.666016
TIME_CONNECT:0.240453
SIZE_DOWNLOAD:1294
TIMESTAMP:2025-08-14 19:34:53 UTC
TRIGGER:schedule
