---METADATA---
HTTP_STATUS:200
TIME_TOTAL:3.558629
TIME_CONNECT:0.303608
SIZE_DOWNLOAD:1296
TIMESTAMP:2025-08-14 06:36:30 UTC
TRIGGER:schedule
