---METADATA---
HTTP_STATUS:200
TIME_TOTAL:3.544188
TIME_CONNECT:0.261469
SIZE_DOWNLOAD:1296
TIMESTAMP:2025-08-14 04:43:08 UTC
TRIGGER:schedule
