---METADATA---
HTTP_STATUS:200
TIME_TOTAL:3.562089
TIME_CONNECT:0.249145
SIZE_DOWNLOAD:1296
TIMESTAMP:2025-08-14 12:58:51 UTC
TRIGGER:schedule
