---METADATA---
HTTP_STATUS:200
TIME_TOTAL:3.697157
TIME_CONNECT:0.284751
SIZE_DOWNLOAD:1294
TIMESTAMP:2025-08-14 09:42:44 UTC
TRIGGER:schedule
