---METADATA---
HTTP_STATUS:200
TIME_TOTAL:3.483773
TIME_CONNECT:0.301485
SIZE_DOWNLOAD:1294
TIMESTAMP:2025-08-14 17:49:41 UTC
TRIGGER:schedule
