---METADATA---
HTTP_STATUS:200
TIME_TOTAL:3.599167
TIME_CONNECT:0.268559
SIZE_DOWNLOAD:1306
TIMESTAMP:2025-08-14 04:25:05 UTC
TRIGGER:schedule
