---METADATA---
HTTP_STATUS:200
TIME_TOTAL:3.566993
TIME_CONNECT:0.279215
SIZE_DOWNLOAD:1307
TIMESTAMP:2025-08-14 11:29:15 UTC
TRIGGER:schedule
