---METADATA---
HTTP_STATUS:200
TIME_TOTAL:3.612358
TIME_CONNECT:0.270764
SIZE_DOWNLOAD:1296
TIMESTAMP:2025-08-14 05:42:55 UTC
TRIGGER:schedule
