---METADATA---
HTTP_STATUS:200
TIME_TOTAL:3.471453
TIME_CONNECT:0.272461
SIZE_DOWNLOAD:1294
TIMESTAMP:2025-08-14 18:58:42 UTC
TRIGGER:schedule
