---METADATA---
HTTP_STATUS:200
TIME_TOTAL:1.401879
TIME_CONNECT:0.283566
SIZE_DOWNLOAD:1296
TIMESTAMP:2025-08-14 05:52:12 UTC
TRIGGER:schedule
