---METADATA---
HTTP_STATUS:200
TIME_TOTAL:3.516501
TIME_CONNECT:0.240532
SIZE_DOWNLOAD:1294
TIMESTAMP:2025-08-14 08:48:44 UTC
TRIGGER:schedule
