---METADATA---
HTTP_STATUS:200
TIME_TOTAL:3.463345
TIME_CONNECT:0.256053
SIZE_DOWNLOAD:1307
TIMESTAMP:2025-08-14 22:50:31 UTC
TRIGGER:schedule
