---METADATA---
HTTP_STATUS:200
TIME_TOTAL:3.377664
TIME_CONNECT:0.283771
SIZE_DOWNLOAD:1296
TIMESTAMP:2025-08-14 07:39:42 UTC
TRIGGER:schedule
