---METADATA---
HTTP_STATUS:200
TIME_TOTAL:3.486705
TIME_CONNECT:0.282033
SIZE_DOWNLOAD:1294
TIMESTAMP:2025-08-14 10:26:34 UTC
TRIGGER:schedule
