---METADATA---
HTTP_STATUS:200
TIME_TOTAL:3.443742
TIME_CONNECT:0.284214
SIZE_DOWNLOAD:1305
TIMESTAMP:2025-08-14 11:56:58 UTC
TRIGGER:schedule
