---METADATA---
HTTP_STATUS:200
TIME_TOTAL:3.428072
TIME_CONNECT:0.282530
SIZE_DOWNLOAD:1307
TIMESTAMP:2025-08-14 22:34:25 UTC
TRIGGER:schedule
