---METADATA---
HTTP_STATUS:200
TIME_TOTAL:1.061525
TIME_CONNECT:0.273889
SIZE_DOWNLOAD:1306
TIMESTAMP:2025-08-14 07:44:37 UTC
TRIGGER:schedule
