---METADATA---
HTTP_STATUS:200
TIME_TOTAL:3.377160
TIME_CONNECT:0.238435
SIZE_DOWNLOAD:1307
TIMESTAMP:2025-08-14 21:56:48 UTC
TRIGGER:schedule
