---METADATA---
HTTP_STATUS:200
TIME_TOTAL:3.486053
TIME_CONNECT:0.288348
SIZE_DOWNLOAD:1294
TIMESTAMP:2025-08-14 15:26:07 UTC
TRIGGER:schedule
