---METADATA---
HTTP_STATUS:200
TIME_TOTAL:3.557949
TIME_CONNECT:0.285462
SIZE_DOWNLOAD:1294
TIMESTAMP:2025-08-14 14:30:19 UTC
TRIGGER:schedule
