---METADATA---
HTTP_STATUS:200
TIME_TOTAL:1.096534
TIME_CONNECT:0.240429
SIZE_DOWNLOAD:1294
TIMESTAMP:2025-08-14 15:46:06 UTC
TRIGGER:schedule
