---METADATA---
HTTP_STATUS:200
TIME_TOTAL:1.118540
TIME_CONNECT:0.293466
SIZE_DOWNLOAD:1307
TIMESTAMP:2025-08-14 10:49:09 UTC
TRIGGER:schedule
