---METADATA---
HTTP_STATUS:200
TIME_TOTAL:3.664559
TIME_CONNECT:0.243461
SIZE_DOWNLOAD:1294
TIMESTAMP:2025-08-14 09:51:23 UTC
TRIGGER:schedule
