---METADATA---
HTTP_STATUS:200
TIME_TOTAL:3.460949
TIME_CONNECT:0.291948
SIZE_DOWNLOAD:1294
TIMESTAMP:2025-08-14 18:21:00 UTC
TRIGGER:schedule
