---METADATA---
HTTP_STATUS:200
TIME_TOTAL:3.358605
TIME_CONNECT:0.236446
SIZE_DOWNLOAD:1305
TIMESTAMP:2025-08-14 23:25:27 UTC
TRIGGER:schedule
