---METADATA---
HTTP_STATUS:200
TIME_TOTAL:3.760081
TIME_CONNECT:0.272174
SIZE_DOWNLOAD:1294
TIMESTAMP:2025-08-14 14:52:32 UTC
TRIGGER:schedule
