---METADATA---
HTTP_STATUS:200
TIME_TOTAL:3.402669
TIME_CONNECT:0.291418
SIZE_DOWNLOAD:1307
TIMESTAMP:2025-08-14 21:13:09 UTC
TRIGGER:schedule
