---METADATA---
HTTP_STATUS:200
TIME_TOTAL:3.538743
TIME_CONNECT:0.282140
SIZE_DOWNLOAD:1292
TIMESTAMP:2025-08-14 20:41:31 UTC
TRIGGER:schedule
