---METADATA---
HTTP_STATUS:200
TIME_TOTAL:3.503006
TIME_CONNECT:0.267139
SIZE_DOWNLOAD:1296
TIMESTAMP:2025-08-14 05:33:59 UTC
TRIGGER:schedule
