---METADATA---
HTTP_STATUS:200
TIME_TOTAL:3.508992
TIME_CONNECT:0.245135
SIZE_DOWNLOAD:1294
TIMESTAMP:2025-08-14 19:48:21 UTC
TRIGGER:schedule
