---METADATA---
HTTP_STATUS:200
TIME_TOTAL:3.566978
TIME_CONNECT:0.288405
SIZE_DOWNLOAD:1294
TIMESTAMP:2025-08-14 16:47:30 UTC
TRIGGER:schedule
