---METADATA---
HTTP_STATUS:200
TIME_TOTAL:3.443907
TIME_CONNECT:0.335050
SIZE_DOWNLOAD:1318
TIMESTAMP:2025-08-14 23:13:26 UTC
TRIGGER:schedule
