---METADATA---
HTTP_STATUS:200
TIME_TOTAL:3.368581
TIME_CONNECT:0.290695
SIZE_DOWNLOAD:1307
TIMESTAMP:2025-08-14 13:22:53 UTC
TRIGGER:schedule
