---METADATA---
HTTP_STATUS:200
TIME_TOTAL:3.461941
TIME_CONNECT:0.285211
SIZE_DOWNLOAD:1318
TIMESTAMP:2025-08-14 22:57:07 UTC
TRIGGER:schedule
