---METADATA---
HTTP_STATUS:200
TIME_TOTAL:3.384872
TIME_CONNECT:0.294732
SIZE_DOWNLOAD:1307
TIMESTAMP:2025-08-14 21:42:37 UTC
TRIGGER:schedule
