---METADATA---
HTTP_STATUS:200
TIME_TOTAL:3.444909
TIME_CONNECT:0.300994
SIZE_DOWNLOAD:1294
TIMESTAMP:2025-08-14 15:42:07 UTC
TRIGGER:schedule
