---METADATA---
HTTP_STATUS:200
TIME_TOTAL:3.571287
TIME_CONNECT:0.234856
SIZE_DOWNLOAD:1294
TIMESTAMP:2025-08-14 13:51:20 UTC
TRIGGER:schedule
