---METADATA---
HTTP_STATUS:200
TIME_TOTAL:3.289623
TIME_CONNECT:0.277175
SIZE_DOWNLOAD:1294
TIMESTAMP:2025-08-14 17:57:01 UTC
TRIGGER:schedule
