---METADATA---
HTTP_STATUS:200
TIME_TOTAL:3.579071
TIME_CONNECT:0.221461
SIZE_DOWNLOAD:1305
TIMESTAMP:2025-08-14 11:42:21 UTC
TRIGGER:schedule
