---METADATA---
HTTP_STATUS:200
TIME_TOTAL:3.569968
TIME_CONNECT:0.297984
SIZE_DOWNLOAD:1294
TIMESTAMP:2025-08-14 08:20:08 UTC
TRIGGER:schedule
