---METADATA---
HTTP_STATUS:200
TIME_TOTAL:3.464312
TIME_CONNECT:0.284930
SIZE_DOWNLOAD:1294
TIMESTAMP:2025-08-14 15:58:21 UTC
TRIGGER:schedule
