---METADATA---
HTTP_STATUS:200
TIME_TOTAL:1.105489
TIME_CONNECT:0.296042
SIZE_DOWNLOAD:1294
TIMESTAMP:2025-08-14 07:49:45 UTC
TRIGGER:schedule
