---METADATA---
HTTP_STATUS:200
TIME_TOTAL:3.340873
TIME_CONNECT:0.222080
SIZE_DOWNLOAD:1294
TIMESTAMP:2025-08-14 16:19:02 UTC
TRIGGER:schedule
