---METADATA---
HTTP_STATUS:200
TIME_TOTAL:3.304520
TIME_CONNECT:0.214494
SIZE_DOWNLOAD:1294
TIMESTAMP:2025-08-14 20:16:26 UTC
TRIGGER:schedule
