---METADATA---
HTTP_STATUS:200
TIME_TOTAL:3.487065
TIME_CONNECT:0.280611
SIZE_DOWNLOAD:1294
TIMESTAMP:2025-08-14 19:38:14 UTC
TRIGGER:schedule
