---METADATA---
HTTP_STATUS:200
TIME_TOTAL:3.428704
TIME_CONNECT:0.285737
SIZE_DOWNLOAD:1307
TIMESTAMP:2025-08-14 21:25:52 UTC
TRIGGER:schedule
