---METADATA---
HTTP_STATUS:200
TIME_TOTAL:3.514292
TIME_CONNECT:0.247768
SIZE_DOWNLOAD:1294
TIMESTAMP:2025-08-14 17:21:06 UTC
TRIGGER:schedule
