---METADATA---
HTTP_STATUS:200
TIME_TOTAL:3.434534
TIME_CONNECT:0.216878
SIZE_DOWNLOAD:1294
TIMESTAMP:2025-08-14 09:31:30 UTC
TRIGGER:schedule
