---METADATA---
HTTP_STATUS:200
TIME_TOTAL:3.557317
TIME_CONNECT:0.288360
SIZE_DOWNLOAD:1296
TIMESTAMP:2025-08-14 06:52:21 UTC
TRIGGER:schedule
