---METADATA---
HTTP_STATUS:200
TIME_TOTAL:3.338648
TIME_CONNECT:0.233531
SIZE_DOWNLOAD:1294
TIMESTAMP:2025-08-14 18:40:03 UTC
TRIGGER:schedule
