---METADATA---
HTTP_STATUS:200
TIME_TOTAL:3.576927
TIME_CONNECT:0.279625
SIZE_DOWNLOAD:1296
TIMESTAMP:2025-08-14 20:57:40 UTC
TRIGGER:schedule
