---METADATA---
HTTP_STATUS:200
TIME_TOTAL:3.593279
TIME_CONNECT:0.247187
SIZE_DOWNLOAD:1294
TIMESTAMP:2025-08-14 16:54:45 UTC
TRIGGER:schedule
