---METADATA---
HTTP_STATUS:200
TIME_TOTAL:3.371466
TIME_CONNECT:0.244082
SIZE_DOWNLOAD:1296
TIMESTAMP:2025-08-14 06:58:31 UTC
TRIGGER:schedule
