---METADATA---
HTTP_STATUS:200
TIME_TOTAL:3.371030
TIME_CONNECT:0.221545
SIZE_DOWNLOAD:1309
TIMESTAMP:2025-08-14 10:16:12 UTC
TRIGGER:schedule
