---METADATA---
HTTP_STATUS:200
TIME_TOTAL:3.601448
TIME_CONNECT:0.278827
SIZE_DOWNLOAD:1294
TIMESTAMP:2025-08-14 08:37:10 UTC
TRIGGER:schedule
