---METADATA---
HTTP_STATUS:200
TIME_TOTAL:3.399831
TIME_CONNECT:0.240000
SIZE_DOWNLOAD:1296
TIMESTAMP:2025-08-14 05:50:38 UTC
TRIGGER:schedule
