---METADATA---
HTTP_STATUS:200
TIME_TOTAL:3.490985
TIME_CONNECT:0.273134
SIZE_DOWNLOAD:1307
TIMESTAMP:2025-08-14 22:26:15 UTC
TRIGGER:schedule
