---METADATA---
HTTP_STATUS:200
TIME_TOTAL:3.853597
TIME_CONNECT:0.292638
SIZE_DOWNLOAD:1309
TIMESTAMP:2025-08-14 07:57:06 UTC
TRIGGER:schedule
