---METADATA---
HTTP_STATUS:200
TIME_TOTAL:3.258931
TIME_CONNECT:0.219849
SIZE_DOWNLOAD:1318
TIMESTAMP:2025-08-14 23:41:36 UTC
TRIGGER:schedule
