---METADATA---
HTTP_STATUS:200
TIME_TOTAL:3.636761
TIME_CONNECT:0.309385
SIZE_DOWNLOAD:1294
TIMESTAMP:2025-08-14 13:59:15 UTC
TRIGGER:schedule
