---METADATA---
HTTP_STATUS:200
TIME_TOTAL:3.513345
TIME_CONNECT:0.293935
SIZE_DOWNLOAD:1306
TIMESTAMP:2025-08-14 03:36:36 UTC
TRIGGER:schedule
