---METADATA---
HTTP_STATUS:200
TIME_TOTAL:3.363833
TIME_CONNECT:0.237532
SIZE_DOWNLOAD:1307
TIMESTAMP:2025-08-14 21:48:18 UTC
TRIGGER:schedule
