---METADATA---
HTTP_STATUS:200
TIME_TOTAL:1.023622
TIME_CONNECT:0.245782
SIZE_DOWNLOAD:1294
TIMESTAMP:2025-08-14 09:53:05 UTC
TRIGGER:schedule
