---METADATA---
HTTP_STATUS:200
TIME_TOTAL:3.476735
TIME_CONNECT:0.270697
SIZE_DOWNLOAD:1294
TIMESTAMP:2025-08-14 01:10:54 UTC
TRIGGER:schedule
