---METADATA---
HTTP_STATUS:200
TIME_TOTAL:3.723847
TIME_CONNECT:0.413196
SIZE_DOWNLOAD:1294
TIMESTAMP:2025-08-14 09:17:29 UTC
TRIGGER:schedule
