---METADATA---
HTTP_STATUS:200
TIME_TOTAL:3.479321
TIME_CONNECT:0.313219
SIZE_DOWNLOAD:1302
TIMESTAMP:2025-08-14 23:48:21 UTC
TRIGGER:schedule
