---METADATA---
HTTP_STATUS:200
TIME_TOTAL:3.372708
TIME_CONNECT:0.300315
SIZE_DOWNLOAD:1294
TIMESTAMP:2025-08-14 14:53:06 UTC
TRIGGER:schedule
