---METADATA---
HTTP_STATUS:200
TIME_TOTAL:3.574788
TIME_CONNECT:0.247873
SIZE_DOWNLOAD:1296
TIMESTAMP:2025-08-14 07:28:29 UTC
TRIGGER:schedule
