---METADATA---
HTTP_STATUS:200
TIME_TOTAL:3.495839
TIME_CONNECT:0.293132
SIZE_DOWNLOAD:1294
TIMESTAMP:2025-08-14 17:43:57 UTC
TRIGGER:schedule
