---METADATA---
HTTP_STATUS:200
TIME_TOTAL:3.431265
TIME_CONNECT:0.281608
SIZE_DOWNLOAD:1305
TIMESTAMP:2025-08-14 20:45:37 UTC
TRIGGER:schedule
