---METADATA---
HTTP_STATUS:200
TIME_TOTAL:3.361553
TIME_CONNECT:0.311801
SIZE_DOWNLOAD:1292
TIMESTAMP:2025-07-07 16:35:35 UTC
TRIGGER:schedule
