---METADATA---
HTTP_STATUS:200
TIME_TOTAL:3.694127
TIME_CONNECT:0.329606
SIZE_DOWNLOAD:1292
TIMESTAMP:2025-07-07 14:16:26 UTC
TRIGGER:schedule
