---METADATA---
HTTP_STATUS:200
TIME_TOTAL:3.242388
TIME_CONNECT:0.300587
SIZE_DOWNLOAD:1292
TIMESTAMP:2025-07-07 15:58:05 UTC
TRIGGER:schedule
