---METADATA---
HTTP_STATUS:200
TIME_TOTAL:3.283162
TIME_CONNECT:0.263334
SIZE_DOWNLOAD:1292
TIMESTAMP:2025-07-07 20:16:01 UTC
TRIGGER:schedule
