---METADATA---
HTTP_STATUS:200
TIME_TOTAL:3.440365
TIME_CONNECT:0.286551
SIZE_DOWNLOAD:1292
TIMESTAMP:2025-07-07 21:13:02 UTC
TRIGGER:schedule
