---METADATA---
HTTP_STATUS:200
TIME_TOTAL:3.210880
TIME_CONNECT:0.248222
SIZE_DOWNLOAD:1292
TIMESTAMP:2025-07-07 14:53:47 UTC
TRIGGER:schedule
