---METADATA---
HTTP_STATUS:200
TIME_TOTAL:1.070145
TIME_CONNECT:0.307348
SIZE_DOWNLOAD:1294
TIMESTAMP:2025-07-07 11:28:45 UTC
TRIGGER:schedule
