---METADATA---
HTTP_STATUS:200
TIME_TOTAL:1.164911
TIME_CONNECT:0.274995
SIZE_DOWNLOAD:1292
TIMESTAMP:2025-07-07 11:12:49 UTC
TRIGGER:schedule
