---METADATA---
HTTP_STATUS:200
TIME_TOTAL:3.361308
TIME_CONNECT:0.286292
SIZE_DOWNLOAD:1291
TIMESTAMP:2025-07-07 13:56:01 UTC
TRIGGER:schedule
