---METADATA---
HTTP_STATUS:200
TIME_TOTAL:3.587596
TIME_CONNECT:0.299494
SIZE_DOWNLOAD:1292
TIMESTAMP:2025-07-07 21:50:15 UTC
TRIGGER:schedule
