---METADATA---
HTTP_STATUS:200
TIME_TOTAL:3.412715
TIME_CONNECT:0.294254
SIZE_DOWNLOAD:1292
TIMESTAMP:2025-07-07 21:21:49 UTC
TRIGGER:schedule
