---METADATA---
HTTP_STATUS:200
TIME_TOTAL:3.581772
TIME_CONNECT:0.277375
SIZE_DOWNLOAD:1292
TIMESTAMP:2025-07-07 15:13:49 UTC
TRIGGER:schedule
