---METADATA---
HTTP_STATUS:200
TIME_TOTAL:1.139143
TIME_CONNECT:0.289091
SIZE_DOWNLOAD:1305
TIMESTAMP:2025-07-07 08:48:53 UTC
TRIGGER:schedule
