---METADATA---
HTTP_STATUS:200
TIME_TOTAL:3.524715
TIME_CONNECT:0.280945
SIZE_DOWNLOAD:1309
TIMESTAMP:2025-07-07 10:49:24 UTC
TRIGGER:schedule
