---METADATA---
HTTP_STATUS:200
TIME_TOTAL:3.400515
TIME_CONNECT:0.248967
SIZE_DOWNLOAD:1296
TIMESTAMP:2025-07-07 05:28:00 UTC
TRIGGER:schedule
