---METADATA---
HTTP_STATUS:200
TIME_TOTAL:3.358080
TIME_CONNECT:0.280364
SIZE_DOWNLOAD:1292
TIMESTAMP:2025-07-07 14:46:46 UTC
TRIGGER:schedule
