---METADATA---
HTTP_STATUS:200
TIME_TOTAL:3.545943
TIME_CONNECT:0.261867
SIZE_DOWNLOAD:1296
TIMESTAMP:2025-07-07 09:17:40 UTC
TRIGGER:schedule
