---METADATA---
HTTP_STATUS:200
TIME_TOTAL:3.351525
TIME_CONNECT:0.283526
SIZE_DOWNLOAD:1292
TIMESTAMP:2025-07-07 20:51:14 UTC
TRIGGER:schedule
