---METADATA---
HTTP_STATUS:200
TIME_TOTAL:3.466672
TIME_CONNECT:0.269684
SIZE_DOWNLOAD:1307
TIMESTAMP:2025-07-07 11:09:26 UTC
TRIGGER:schedule
