---METADATA---
HTTP_STATUS:200
TIME_TOTAL:3.233720
TIME_CONNECT:0.275854
SIZE_DOWNLOAD:1307
TIMESTAMP:2025-07-07 03:02:53 UTC
TRIGGER:schedule
