---METADATA---
HTTP_STATUS:200
TIME_TOTAL:3.635069
TIME_CONNECT:0.238600
SIZE_DOWNLOAD:1294
TIMESTAMP:2025-07-07 06:13:37 UTC
TRIGGER:schedule
