---METADATA---
HTTP_STATUS:200
TIME_TOTAL:3.356884
TIME_CONNECT:0.297520
SIZE_DOWNLOAD:1292
TIMESTAMP:2025-07-07 22:26:54 UTC
TRIGGER:schedule
