---METADATA---
HTTP_STATUS:200
TIME_TOTAL:3.338581
TIME_CONNECT:0.252445
SIZE_DOWNLOAD:1307
TIMESTAMP:2025-07-07 04:46:23 UTC
TRIGGER:schedule
