---METADATA---
HTTP_STATUS:200
TIME_TOTAL:3.355368
TIME_CONNECT:0.291576
SIZE_DOWNLOAD:1292
TIMESTAMP:2025-07-07 17:13:03 UTC
TRIGGER:schedule
