---METADATA---
HTTP_STATUS:200
TIME_TOTAL:3.259668
TIME_CONNECT:0.245850
SIZE_DOWNLOAD:1292
TIMESTAMP:2025-07-07 23:25:31 UTC
TRIGGER:schedule
