---METADATA---
HTTP_STATUS:200
TIME_TOTAL:3.348781
TIME_CONNECT:0.253548
SIZE_DOWNLOAD:1294
TIMESTAMP:2025-07-07 11:40:17 UTC
TRIGGER:schedule
