---METADATA---
HTTP_STATUS:200
TIME_TOTAL:3.394961
TIME_CONNECT:0.305200
SIZE_DOWNLOAD:1308
TIMESTAMP:2025-07-07 07:36:15 UTC
TRIGGER:schedule
