---METADATA---
HTTP_STATUS:200
TIME_TOTAL:1.028707
TIME_CONNECT:0.272322
SIZE_DOWNLOAD:1308
TIMESTAMP:2025-07-07 07:40:03 UTC
TRIGGER:schedule
