---METADATA---
HTTP_STATUS:200
TIME_TOTAL:3.321100
TIME_CONNECT:0.277842
SIZE_DOWNLOAD:1292
TIMESTAMP:2025-07-07 18:37:55 UTC
TRIGGER:schedule
