---METADATA---
HTTP_STATUS:200
TIME_TOTAL:3.487471
TIME_CONNECT:0.297854
SIZE_DOWNLOAD:1305
TIMESTAMP:2025-07-07 08:46:08 UTC
TRIGGER:schedule
