---METADATA---
HTTP_STATUS:200
TIME_TOTAL:3.619360
TIME_CONNECT:0.275358
SIZE_DOWNLOAD:1289
TIMESTAMP:2025-07-07 09:01:18 UTC
TRIGGER:schedule
