---METADATA---
HTTP_STATUS:200
TIME_TOTAL:3.587656
TIME_CONNECT:0.275792
SIZE_DOWNLOAD:1292
TIMESTAMP:2025-07-07 14:43:12 UTC
TRIGGER:schedule
