---METADATA---
HTTP_STATUS:200
TIME_TOTAL:3.576417
TIME_CONNECT:0.299629
SIZE_DOWNLOAD:1292
TIMESTAMP:2025-07-07 21:29:16 UTC
TRIGGER:schedule
