---METADATA---
HTTP_STATUS:200
TIME_TOTAL:3.783645
TIME_CONNECT:0.326392
SIZE_DOWNLOAD:1307
TIMESTAMP:2025-07-07 06:48:50 UTC
TRIGGER:schedule
