---METADATA---
HTTP_STATUS:200
TIME_TOTAL:3.275255
TIME_CONNECT:0.237220
SIZE_DOWNLOAD:1292
TIMESTAMP:2025-07-07 22:43:50 UTC
TRIGGER:schedule
