---METADATA---
HTTP_STATUS:200
TIME_TOTAL:3.491504
TIME_CONNECT:0.362616
SIZE_DOWNLOAD:1292
TIMESTAMP:2025-07-07 17:56:54 UTC
TRIGGER:schedule
