---METADATA---
HTTP_STATUS:200
TIME_TOTAL:3.366957
TIME_CONNECT:0.301058
SIZE_DOWNLOAD:1292
TIMESTAMP:2025-07-07 23:56:46 UTC
TRIGGER:schedule
