---METADATA---
HTTP_STATUS:200
TIME_TOTAL:3.462795
TIME_CONNECT:0.288677
SIZE_DOWNLOAD:1305
TIMESTAMP:2025-07-07 06:22:28 UTC
TRIGGER:schedule
