---METADATA---
HTTP_STATUS:200
TIME_TOTAL:3.231835
TIME_CONNECT:0.282413
SIZE_DOWNLOAD:1292
TIMESTAMP:2025-07-07 23:48:55 UTC
TRIGGER:schedule
