---METADATA---
HTTP_STATUS:200
TIME_TOTAL:3.497829
TIME_CONNECT:0.285592
SIZE_DOWNLOAD:1292
TIMESTAMP:2025-07-07 17:22:27 UTC
TRIGGER:schedule
