---METADATA---
HTTP_STATUS:200
TIME_TOTAL:3.707158
TIME_CONNECT:0.278910
SIZE_DOWNLOAD:1307
TIMESTAMP:2025-07-07 03:42:16 UTC
TRIGGER:schedule
