---METADATA---
HTTP_STATUS:200
TIME_TOTAL:3.405894
TIME_CONNECT:0.277563
SIZE_DOWNLOAD:1292
TIMESTAMP:2025-07-07 14:23:49 UTC
TRIGGER:schedule
