---METADATA---
HTTP_STATUS:200
TIME_TOTAL:3.425430
TIME_CONNECT:0.256073
SIZE_DOWNLOAD:1298
TIMESTAMP:2025-07-07 07:16:18 UTC
TRIGGER:schedule
