---METADATA---
HTTP_STATUS:200
TIME_TOTAL:3.331861
TIME_CONNECT:0.239146
SIZE_DOWNLOAD:1292
TIMESTAMP:2025-07-07 19:22:25 UTC
TRIGGER:schedule
