---METADATA---
HTTP_STATUS:200
TIME_TOTAL:3.684138
TIME_CONNECT:0.315398
SIZE_DOWNLOAD:1296
TIMESTAMP:2025-07-07 08:20:57 UTC
TRIGGER:schedule
