---METADATA---
HTTP_STATUS:200
TIME_TOTAL:3.422882
TIME_CONNECT:0.285345
SIZE_DOWNLOAD:1292
TIMESTAMP:2025-07-07 21:41:08 UTC
TRIGGER:schedule
