---METADATA---
HTTP_STATUS:200
TIME_TOTAL:3.587496
TIME_CONNECT:0.281290
SIZE_DOWNLOAD:1292
TIMESTAMP:2025-07-07 17:34:25 UTC
TRIGGER:schedule
