---METADATA---
HTTP_STATUS:200
TIME_TOTAL:3.636677
TIME_CONNECT:0.268724
SIZE_DOWNLOAD:1292
TIMESTAMP:2025-07-07 16:55:45 UTC
TRIGGER:schedule
