---METADATA---
HTTP_STATUS:200
TIME_TOTAL:3.317077
TIME_CONNECT:0.286298
SIZE_DOWNLOAD:1294
TIMESTAMP:2025-07-07 04:01:42 UTC
TRIGGER:schedule
