---METADATA---
HTTP_STATUS:200
TIME_TOTAL:1.169433
TIME_CONNECT:0.285210
SIZE_DOWNLOAD:1292
TIMESTAMP:2025-07-07 19:27:45 UTC
TRIGGER:schedule
