---METADATA---
HTTP_STATUS:200
TIME_TOTAL:3.219655
TIME_CONNECT:0.227421
SIZE_DOWNLOAD:1296
TIMESTAMP:2025-07-07 07:11:54 UTC
TRIGGER:schedule
