---METADATA---
HTTP_STATUS:200
TIME_TOTAL:3.410768
TIME_CONNECT:0.275691
SIZE_DOWNLOAD:1292
TIMESTAMP:2025-07-07 22:49:43 UTC
TRIGGER:schedule
