---METADATA---
HTTP_STATUS:200
TIME_TOTAL:3.544502
TIME_CONNECT:0.292771
SIZE_DOWNLOAD:1307
TIMESTAMP:2025-07-07 08:15:49 UTC
TRIGGER:schedule
