---METADATA---
HTTP_STATUS:200
TIME_TOTAL:3.424586
TIME_CONNECT:0.233086
SIZE_DOWNLOAD:1291
TIMESTAMP:2025-07-07 13:54:51 UTC
TRIGGER:schedule
