---METADATA---
HTTP_STATUS:200
TIME_TOTAL:3.280633
TIME_CONNECT:0.241277
SIZE_DOWNLOAD:1292
TIMESTAMP:2025-07-07 19:48:08 UTC
TRIGGER:schedule
