---METADATA---
HTTP_STATUS:200
TIME_TOTAL:3.379461
TIME_CONNECT:0.238023
SIZE_DOWNLOAD:1292
TIMESTAMP:2025-07-07 19:39:12 UTC
TRIGGER:schedule
