---METADATA---
HTTP_STATUS:200
TIME_TOTAL:3.313723
TIME_CONNECT:0.238385
SIZE_DOWNLOAD:1307
TIMESTAMP:2025-07-07 05:17:50 UTC
TRIGGER:schedule
