---METADATA---
HTTP_STATUS:200
TIME_TOTAL:3.550018
TIME_CONNECT:0.217257
SIZE_DOWNLOAD:1292
TIMESTAMP:2025-07-07 17:50:36 UTC
TRIGGER:schedule
