---METADATA---
HTTP_STATUS:200
TIME_TOTAL:3.886857
TIME_CONNECT:0.288423
SIZE_DOWNLOAD:1296
TIMESTAMP:2025-07-07 10:26:58 UTC
TRIGGER:schedule
