---METADATA---
HTTP_STATUS:200
TIME_TOTAL:0.958602
TIME_CONNECT:0.273334
SIZE_DOWNLOAD:1292
TIMESTAMP:2025-07-07 20:52:15 UTC
TRIGGER:schedule
