---METADATA---
HTTP_STATUS:200
TIME_TOTAL:3.468076
TIME_CONNECT:0.304731
SIZE_DOWNLOAD:1292
TIMESTAMP:2025-07-07 15:50:40 UTC
TRIGGER:schedule
