---METADATA---
HTTP_STATUS:200
TIME_TOTAL:3.525709
TIME_CONNECT:0.281443
SIZE_DOWNLOAD:1292
TIMESTAMP:2025-07-07 23:42:07 UTC
TRIGGER:schedule
