---METADATA---
HTTP_STATUS:200
TIME_TOTAL:3.351709
TIME_CONNECT:0.291188
SIZE_DOWNLOAD:1293
TIMESTAMP:2025-07-07 10:16:29 UTC
TRIGGER:schedule
