---METADATA---
HTTP_STATUS:200
TIME_TOTAL:3.559601
TIME_CONNECT:0.277840
SIZE_DOWNLOAD:1296
TIMESTAMP:2025-07-07 09:52:59 UTC
TRIGGER:schedule
