---METADATA---
HTTP_STATUS:200
TIME_TOTAL:3.468188
TIME_CONNECT:0.279902
SIZE_DOWNLOAD:1292
TIMESTAMP:2025-07-07 19:40:20 UTC
TRIGGER:schedule
