---METADATA---
HTTP_STATUS:200
TIME_TOTAL:3.477665
TIME_CONNECT:0.282160
SIZE_DOWNLOAD:1307
TIMESTAMP:2025-07-07 04:23:01 UTC
TRIGGER:schedule
