---METADATA---
HTTP_STATUS:200
TIME_TOTAL:3.501900
TIME_CONNECT:0.289184
SIZE_DOWNLOAD:1292
TIMESTAMP:2025-07-07 19:56:58 UTC
TRIGGER:schedule
