---METADATA---
HTTP_STATUS:200
TIME_TOTAL:3.335270
TIME_CONNECT:0.270888
SIZE_DOWNLOAD:1292
TIMESTAMP:2025-07-07 17:44:47 UTC
TRIGGER:schedule
