---METADATA---
HTTP_STATUS:200
TIME_TOTAL:3.423214
TIME_CONNECT:0.283491
SIZE_DOWNLOAD:1292
TIMESTAMP:2025-07-07 22:57:04 UTC
TRIGGER:schedule
