---METADATA---
HTTP_STATUS:200
TIME_TOTAL:3.486134
TIME_CONNECT:0.275755
SIZE_DOWNLOAD:1294
TIMESTAMP:2025-07-07 13:09:09 UTC
TRIGGER:schedule
