---METADATA---
HTTP_STATUS:200
TIME_TOTAL:3.579856
TIME_CONNECT:0.314944
SIZE_DOWNLOAD:1292
TIMESTAMP:2025-07-07 15:28:51 UTC
TRIGGER:schedule
