---METADATA---
HTTP_STATUS:200
TIME_TOTAL:3.571232
TIME_CONNECT:0.284508
SIZE_DOWNLOAD:1307
TIMESTAMP:2025-07-07 04:55:34 UTC
TRIGGER:schedule
