---METADATA---
HTTP_STATUS:200
TIME_TOTAL:3.591786
TIME_CONNECT:0.275699
SIZE_DOWNLOAD:1292
TIMESTAMP:2025-07-07 23:30:41 UTC
TRIGGER:schedule
