---METADATA---
HTTP_STATUS:200
TIME_TOTAL:1.004627
TIME_CONNECT:0.246701
SIZE_DOWNLOAD:1292
TIMESTAMP:2025-07-07 14:58:41 UTC
TRIGGER:schedule
