---METADATA---
HTTP_STATUS:200
TIME_TOTAL:3.245614
TIME_CONNECT:0.290528
SIZE_DOWNLOAD:1292
TIMESTAMP:2025-07-07 18:57:19 UTC
TRIGGER:schedule
