---METADATA---
HTTP_STATUS:200
TIME_TOTAL:3.499877
TIME_CONNECT:0.275911
SIZE_DOWNLOAD:1307
TIMESTAMP:2025-07-07 09:43:13 UTC
TRIGGER:schedule
