---METADATA---
HTTP_STATUS:200
TIME_TOTAL:1.210131
TIME_CONNECT:0.308896
SIZE_DOWNLOAD:1294
TIMESTAMP:2025-07-07 11:48:14 UTC
TRIGGER:schedule
