---METADATA---
HTTP_STATUS:200
TIME_TOTAL:3.341596
TIME_CONNECT:0.286528
SIZE_DOWNLOAD:1294
TIMESTAMP:2025-07-07 07:49:27 UTC
TRIGGER:schedule
