---METADATA---
HTTP_STATUS:200
TIME_TOTAL:3.490575
TIME_CONNECT:0.237109
SIZE_DOWNLOAD:1292
TIMESTAMP:2025-07-07 19:12:42 UTC
TRIGGER:schedule
