---METADATA---
HTTP_STATUS:200
TIME_TOTAL:3.412908
TIME_CONNECT:0.277304
SIZE_DOWNLOAD:1296
TIMESTAMP:2025-07-07 05:48:43 UTC
TRIGGER:schedule
