---METADATA---
HTTP_STATUS:200
TIME_TOTAL:3.414385
TIME_CONNECT:0.237090
SIZE_DOWNLOAD:1309
TIMESTAMP:2025-07-07 01:14:27 UTC
TRIGGER:schedule
