---METADATA---
HTTP_STATUS:200
TIME_TOTAL:3.855052
TIME_CONNECT:0.415616
SIZE_DOWNLOAD:1296
TIMESTAMP:2025-07-07 09:34:56 UTC
TRIGGER:schedule
