---METADATA---
HTTP_STATUS:200
TIME_TOTAL:3.381295
TIME_CONNECT:0.309642
SIZE_DOWNLOAD:1294
TIMESTAMP:2025-07-07 11:56:57 UTC
TRIGGER:schedule
