---METADATA---
HTTP_STATUS:200
TIME_TOTAL:3.214926
TIME_CONNECT:0.238268
SIZE_DOWNLOAD:1307
TIMESTAMP:2025-07-07 02:22:53 UTC
TRIGGER:schedule
