---METADATA---
HTTP_STATUS:200
TIME_TOTAL:3.533719
TIME_CONNECT:0.248259
SIZE_DOWNLOAD:1294
TIMESTAMP:2025-07-07 13:44:10 UTC
TRIGGER:schedule
