---METADATA---
HTTP_STATUS:200
TIME_TOTAL:3.288669
TIME_CONNECT:0.244090
SIZE_DOWNLOAD:1292
TIMESTAMP:2025-07-07 20:30:14 UTC
TRIGGER:schedule
