---METADATA---
HTTP_STATUS:200
TIME_TOTAL:3.369493
TIME_CONNECT:0.275022
SIZE_DOWNLOAD:1294
TIMESTAMP:2025-07-07 11:28:24 UTC
TRIGGER:schedule
