---METADATA---
HTTP_STATUS:200
TIME_TOTAL:3.508527
TIME_CONNECT:0.303121
SIZE_DOWNLOAD:1292
TIMESTAMP:2025-07-07 15:46:08 UTC
TRIGGER:schedule
