---METADATA---
HTTP_STATUS:200
TIME_TOTAL:3.649792
TIME_CONNECT:0.275308
SIZE_DOWNLOAD:1294
TIMESTAMP:2025-07-07 12:56:44 UTC
TRIGGER:schedule
