---METADATA---
HTTP_STATUS:200
TIME_TOTAL:3.745699
TIME_CONNECT:0.246410
SIZE_DOWNLOAD:1307
TIMESTAMP:2025-07-07 06:51:44 UTC
TRIGGER:schedule
