---METADATA---
HTTP_STATUS:200
TIME_TOTAL:3.383430
TIME_CONNECT:0.272748
SIZE_DOWNLOAD:1296
TIMESTAMP:2025-07-07 05:44:05 UTC
TRIGGER:schedule
