---METADATA---
HTTP_STATUS:200
TIME_TOTAL:3.438761
TIME_CONNECT:0.272857
SIZE_DOWNLOAD:1294
TIMESTAMP:2025-07-07 12:28:53 UTC
TRIGGER:schedule
