---METADATA---
HTTP_STATUS:200
TIME_TOTAL:1.373622
TIME_CONNECT:0.559175
SIZE_DOWNLOAD:1296
TIMESTAMP:2025-07-07 05:53:40 UTC
TRIGGER:schedule
