---METADATA---
HTTP_STATUS:200
TIME_TOTAL:3.608743
TIME_CONNECT:0.238159
SIZE_DOWNLOAD:1292
TIMESTAMP:2025-07-07 22:13:59 UTC
TRIGGER:schedule
