---METADATA---
HTTP_STATUS:200
TIME_TOTAL:3.107519
TIME_CONNECT:0.253857
SIZE_DOWNLOAD:1292
TIMESTAMP:2025-07-07 23:13:31 UTC
TRIGGER:schedule
