---METADATA---
HTTP_STATUS:200
TIME_TOTAL:3.342488
TIME_CONNECT:0.279105
SIZE_DOWNLOAD:1292
TIMESTAMP:2025-07-07 21:56:44 UTC
TRIGGER:schedule
