---METADATA---
HTTP_STATUS:200
TIME_TOTAL:3.243520
TIME_CONNECT:0.246891
SIZE_DOWNLOAD:1292
TIMESTAMP:2025-07-07 21:41:50 UTC
TRIGGER:schedule
