---METADATA---
HTTP_STATUS:200
TIME_TOTAL:3.214240
TIME_CONNECT:0.296794
SIZE_DOWNLOAD:1292
TIMESTAMP:2025-07-07 18:49:17 UTC
TRIGGER:schedule
