---METADATA---
HTTP_STATUS:200
TIME_TOTAL:3.491672
TIME_CONNECT:0.368021
SIZE_DOWNLOAD:1296
TIMESTAMP:2025-07-07 13:38:28 UTC
TRIGGER:schedule
