---METADATA---
HTTP_STATUS:200
TIME_TOTAL:3.498754
TIME_CONNECT:0.287124
SIZE_DOWNLOAD:1296
TIMESTAMP:2025-07-07 09:51:23 UTC
TRIGGER:schedule
