---METADATA---
HTTP_STATUS:200
TIME_TOTAL:3.424133
TIME_CONNECT:0.290215
SIZE_DOWNLOAD:1292
TIMESTAMP:2025-07-07 16:18:07 UTC
TRIGGER:schedule
