---METADATA---
HTTP_STATUS:200
TIME_TOTAL:3.183006
TIME_CONNECT:0.249729
SIZE_DOWNLOAD:1292
TIMESTAMP:2025-07-07 22:34:58 UTC
TRIGGER:schedule
