---METADATA---
HTTP_STATUS:200
TIME_TOTAL:3.418654
TIME_CONNECT:0.276013
SIZE_DOWNLOAD:1292
TIMESTAMP:2025-07-07 18:19:57 UTC
TRIGGER:schedule
