---METADATA---
HTTP_STATUS:200
TIME_TOTAL:3.551281
TIME_CONNECT:0.244412
SIZE_DOWNLOAD:1306
TIMESTAMP:2025-07-07 10:45:19 UTC
TRIGGER:schedule
