---METADATA---
HTTP_STATUS:200
TIME_TOTAL:3.347800
TIME_CONNECT:0.291503
SIZE_DOWNLOAD:1294
TIMESTAMP:2025-07-07 11:43:18 UTC
TRIGGER:schedule
