---METADATA---
HTTP_STATUS:200
TIME_TOTAL:3.294745
TIME_CONNECT:0.239178
SIZE_DOWNLOAD:1292
TIMESTAMP:2025-07-07 20:41:33 UTC
TRIGGER:schedule
