---METADATA---
HTTP_STATUS:200
TIME_TOTAL:3.353447
TIME_CONNECT:0.278181
SIZE_DOWNLOAD:1307
TIMESTAMP:2025-07-04 01:09:43 UTC
TRIGGER:schedule
