---METADATA---
HTTP_STATUS:200
TIME_TOTAL:3.576955
TIME_CONNECT:0.295563
SIZE_DOWNLOAD:1294
TIMESTAMP:2025-07-04 09:57:16 UTC
TRIGGER:schedule
