---METADATA---
HTTP_STATUS:200
TIME_TOTAL:3.475716
TIME_CONNECT:0.240870
SIZE_DOWNLOAD:1307
TIMESTAMP:2025-07-04 11:42:42 UTC
TRIGGER:schedule
