---METADATA---
HTTP_STATUS:200
TIME_TOTAL:1.130126
TIME_CONNECT:0.279043
SIZE_DOWNLOAD:1309
TIMESTAMP:2025-07-04 11:13:13 UTC
TRIGGER:schedule
