---METADATA---
HTTP_STATUS:200
TIME_TOTAL:3.272272
TIME_CONNECT:0.288076
SIZE_DOWNLOAD:1307
TIMESTAMP:2025-07-04 19:47:00 UTC
TRIGGER:schedule
