---METADATA---
HTTP_STATUS:200
TIME_TOTAL:3.624077
TIME_CONNECT:0.285875
SIZE_DOWNLOAD:1309
TIMESTAMP:2025-07-04 05:02:20 UTC
TRIGGER:schedule
