---METADATA---
HTTP_STATUS:200
TIME_TOTAL:3.560863
TIME_CONNECT:0.259690
SIZE_DOWNLOAD:1307
TIMESTAMP:2025-07-04 17:12:22 UTC
TRIGGER:schedule
