---METADATA---
HTTP_STATUS:200
TIME_TOTAL:3.362612
TIME_CONNECT:0.242171
SIZE_DOWNLOAD:1292
TIMESTAMP:2025-07-04 09:26:42 UTC
TRIGGER:schedule
