---METADATA---
HTTP_STATUS:200
TIME_TOTAL:3.487900
TIME_CONNECT:0.280913
SIZE_DOWNLOAD:1296
TIMESTAMP:2025-07-04 07:33:52 UTC
TRIGGER:schedule
