---METADATA---
HTTP_STATUS:200
TIME_TOTAL:3.469969
TIME_CONNECT:0.278196
SIZE_DOWNLOAD:1309
TIMESTAMP:2025-07-04 08:35:20 UTC
TRIGGER:schedule
