---METADATA---
HTTP_STATUS:200
TIME_TOTAL:3.473158
TIME_CONNECT:0.279634
SIZE_DOWNLOAD:1307
TIMESTAMP:2025-07-04 15:49:43 UTC
TRIGGER:schedule
