---METADATA---
HTTP_STATUS:200
TIME_TOTAL:3.266931
TIME_CONNECT:0.283272
SIZE_DOWNLOAD:1307
TIMESTAMP:2025-07-04 18:18:55 UTC
TRIGGER:schedule
