---METADATA---
HTTP_STATUS:200
TIME_TOTAL:3.482677
TIME_CONNECT:0.255235
SIZE_DOWNLOAD:1294
TIMESTAMP:2025-07-04 13:52:49 UTC
TRIGGER:schedule
