---METADATA---
HTTP_STATUS:200
TIME_TOTAL:3.394788
TIME_CONNECT:0.267175
SIZE_DOWNLOAD:1294
TIMESTAMP:2025-07-04 13:51:15 UTC
TRIGGER:schedule
