---METADATA---
HTTP_STATUS:200
TIME_TOTAL:3.307169
TIME_CONNECT:0.268987
SIZE_DOWNLOAD:1306
TIMESTAMP:2025-07-04 06:57:40 UTC
TRIGGER:schedule
