---METADATA---
HTTP_STATUS:200
TIME_TOTAL:3.505530
TIME_CONNECT:0.265564
SIZE_DOWNLOAD:1307
TIMESTAMP:2025-07-04 03:47:14 UTC
TRIGGER:schedule
