---METADATA---
HTTP_STATUS:200
TIME_TOTAL:3.463374
TIME_CONNECT:0.236141
SIZE_DOWNLOAD:1295
TIMESTAMP:2025-07-04 07:50:15 UTC
TRIGGER:schedule
