---METADATA---
HTTP_STATUS:200
TIME_TOTAL:3.447708
TIME_CONNECT:0.309436
SIZE_DOWNLOAD:1307
TIMESTAMP:2025-07-04 14:13:21 UTC
TRIGGER:schedule
