---METADATA---
HTTP_STATUS:200
TIME_TOTAL:1.130045
TIME_CONNECT:0.277965
SIZE_DOWNLOAD:1307
TIMESTAMP:2025-07-04 20:49:50 UTC
TRIGGER:schedule
