---METADATA---
HTTP_STATUS:200
TIME_TOTAL:3.570038
TIME_CONNECT:0.271481
SIZE_DOWNLOAD:1307
TIMESTAMP:2025-07-04 14:22:03 UTC
TRIGGER:schedule
