---METADATA---
HTTP_STATUS:200
TIME_TOTAL:3.302401
TIME_CONNECT:0.285451
SIZE_DOWNLOAD:1307
TIMESTAMP:2025-07-04 21:57:01 UTC
TRIGGER:schedule
