---METADATA---
HTTP_STATUS:200
TIME_TOTAL:3.582023
TIME_CONNECT:0.239201
SIZE_DOWNLOAD:1307
TIMESTAMP:2025-07-04 15:57:01 UTC
TRIGGER:schedule
