---METADATA---
HTTP_STATUS:200
TIME_TOTAL:1.111120
TIME_CONNECT:0.289762
SIZE_DOWNLOAD:1294
TIMESTAMP:2025-07-04 05:54:16 UTC
TRIGGER:schedule
