---METADATA---
HTTP_STATUS:200
TIME_TOTAL:3.567068
TIME_CONNECT:0.271515
SIZE_DOWNLOAD:1292
TIMESTAMP:2025-07-04 04:42:35 UTC
TRIGGER:schedule
