---METADATA---
HTTP_STATUS:200
TIME_TOTAL:1.148574
TIME_CONNECT:0.283029
SIZE_DOWNLOAD:1309
TIMESTAMP:2025-07-04 10:53:35 UTC
TRIGGER:schedule
