---METADATA---
HTTP_STATUS:200
TIME_TOTAL:3.523489
TIME_CONNECT:0.228828
SIZE_DOWNLOAD:1307
TIMESTAMP:2025-07-04 18:46:48 UTC
TRIGGER:schedule
