---METADATA---
HTTP_STATUS:200
TIME_TOTAL:3.532959
TIME_CONNECT:0.269030
SIZE_DOWNLOAD:1294
TIMESTAMP:2025-07-04 10:43:37 UTC
TRIGGER:schedule
