---METADATA---
HTTP_STATUS:200
TIME_TOTAL:3.554959
TIME_CONNECT:0.276465
SIZE_DOWNLOAD:1307
TIMESTAMP:2025-07-04 14:34:38 UTC
TRIGGER:schedule
