---METADATA---
HTTP_STATUS:200
TIME_TOTAL:3.846556
TIME_CONNECT:0.275933
SIZE_DOWNLOAD:1294
TIMESTAMP:2025-07-04 04:50:03 UTC
TRIGGER:schedule
