---METADATA---
HTTP_STATUS:200
TIME_TOTAL:3.479686
TIME_CONNECT:0.311410
SIZE_DOWNLOAD:1307
TIMESTAMP:2025-07-04 14:45:17 UTC
TRIGGER:schedule
