---METADATA---
HTTP_STATUS:200
TIME_TOTAL:3.562245
TIME_CONNECT:0.315966
SIZE_DOWNLOAD:1290
TIMESTAMP:2025-07-04 05:44:21 UTC
TRIGGER:schedule
