---METADATA---
HTTP_STATUS:200
TIME_TOTAL:1.047486
TIME_CONNECT:0.306747
SIZE_DOWNLOAD:1294
TIMESTAMP:2025-07-04 11:28:35 UTC
TRIGGER:schedule
