---METADATA---
HTTP_STATUS:200
TIME_TOTAL:1.226517
TIME_CONNECT:0.297484
SIZE_DOWNLOAD:1294
TIMESTAMP:2025-07-04 10:48:59 UTC
TRIGGER:schedule
