---METADATA---
HTTP_STATUS:200
TIME_TOTAL:1.185151
TIME_CONNECT:0.267532
SIZE_DOWNLOAD:1296
TIMESTAMP:2025-07-04 09:50:54 UTC
TRIGGER:schedule
