---METADATA---
HTTP_STATUS:200
TIME_TOTAL:3.263956
TIME_CONNECT:0.242124
SIZE_DOWNLOAD:1307
TIMESTAMP:2025-07-04 17:19:53 UTC
TRIGGER:schedule
