---METADATA---
HTTP_STATUS:200
TIME_TOTAL:3.680395
TIME_CONNECT:0.284889
SIZE_DOWNLOAD:1305
TIMESTAMP:2025-07-04 05:52:35 UTC
TRIGGER:schedule
