---METADATA---
HTTP_STATUS:200
TIME_TOTAL:3.246230
TIME_CONNECT:0.275634
SIZE_DOWNLOAD:1307
TIMESTAMP:2025-07-04 19:48:10 UTC
TRIGGER:schedule
