---METADATA---
HTTP_STATUS:200
TIME_TOTAL:3.462809
TIME_CONNECT:0.270485
SIZE_DOWNLOAD:1308
TIMESTAMP:2025-07-04 08:55:31 UTC
TRIGGER:schedule
