---METADATA---
HTTP_STATUS:200
TIME_TOTAL:3.701808
TIME_CONNECT:0.304725
SIZE_DOWNLOAD:1309
TIMESTAMP:2025-07-04 11:08:37 UTC
TRIGGER:schedule
