---METADATA---
HTTP_STATUS:200
TIME_TOTAL:3.426444
TIME_CONNECT:0.333256
SIZE_DOWNLOAD:1307
TIMESTAMP:2025-07-04 19:31:11 UTC
TRIGGER:schedule
