---METADATA---
HTTP_STATUS:200
TIME_TOTAL:3.233685
TIME_CONNECT:0.242466
SIZE_DOWNLOAD:1307
TIMESTAMP:2025-07-04 19:25:35 UTC
TRIGGER:schedule
