---METADATA---
HTTP_STATUS:200
TIME_TOTAL:3.321213
TIME_CONNECT:0.275873
SIZE_DOWNLOAD:1307
TIMESTAMP:2025-07-04 23:57:03 UTC
TRIGGER:schedule
