---METADATA---
HTTP_STATUS:200
TIME_TOTAL:3.241294
TIME_CONNECT:0.230785
SIZE_DOWNLOAD:1307
TIMESTAMP:2025-07-04 23:13:27 UTC
TRIGGER:schedule
