---METADATA---
HTTP_STATUS:200
TIME_TOTAL:3.607150
TIME_CONNECT:0.275699
SIZE_DOWNLOAD:1307
TIMESTAMP:2025-07-04 14:52:16 UTC
TRIGGER:schedule
