---METADATA---
HTTP_STATUS:200
TIME_TOTAL:3.363396
TIME_CONNECT:0.236363
SIZE_DOWNLOAD:1307
TIMESTAMP:2025-07-04 15:13:45 UTC
TRIGGER:schedule
