---METADATA---
HTTP_STATUS:200
TIME_TOTAL:3.470782
TIME_CONNECT:0.269799
SIZE_DOWNLOAD:1307
TIMESTAMP:2025-07-04 08:19:19 UTC
TRIGGER:schedule
