---METADATA---
HTTP_STATUS:200
TIME_TOTAL:3.464295
TIME_CONNECT:0.304842
SIZE_DOWNLOAD:1307
TIMESTAMP:2025-07-04 23:29:43 UTC
TRIGGER:schedule
