---METADATA---
HTTP_STATUS:200
TIME_TOTAL:3.604193
TIME_CONNECT:0.237312
SIZE_DOWNLOAD:1307
TIMESTAMP:2025-07-04 21:25:07 UTC
TRIGGER:schedule
