---METADATA---
HTTP_STATUS:200
TIME_TOTAL:3.481822
TIME_CONNECT:0.355612
SIZE_DOWNLOAD:1307
TIMESTAMP:2025-07-04 17:38:36 UTC
TRIGGER:schedule
