---METADATA---
HTTP_STATUS:200
TIME_TOTAL:3.580144
TIME_CONNECT:0.273396
SIZE_DOWNLOAD:1305
TIMESTAMP:2025-07-04 05:16:56 UTC
TRIGGER:schedule
