---METADATA---
HTTP_STATUS:200
TIME_TOTAL:3.464355
TIME_CONNECT:0.296997
SIZE_DOWNLOAD:1307
TIMESTAMP:2025-07-04 20:57:21 UTC
TRIGGER:schedule
