---METADATA---
HTTP_STATUS:200
TIME_TOTAL:3.353852
TIME_CONNECT:0.270112
SIZE_DOWNLOAD:1307
TIMESTAMP:2025-07-04 20:15:02 UTC
TRIGGER:schedule
