---METADATA---
HTTP_STATUS:200
TIME_TOTAL:3.395834
TIME_CONNECT:0.286728
SIZE_DOWNLOAD:1307
TIMESTAMP:2025-07-04 06:35:12 UTC
TRIGGER:schedule
