---METADATA---
HTTP_STATUS:200
TIME_TOTAL:3.351602
TIME_CONNECT:0.285075
SIZE_DOWNLOAD:1307
TIMESTAMP:2025-07-04 20:29:06 UTC
TRIGGER:schedule
