---METADATA---
HTTP_STATUS:200
TIME_TOTAL:3.358412
TIME_CONNECT:0.273652
SIZE_DOWNLOAD:1307
TIMESTAMP:2025-07-04 20:45:25 UTC
TRIGGER:schedule
