---METADATA---
HTTP_STATUS:200
TIME_TOTAL:1.194748
TIME_CONNECT:0.289914
SIZE_DOWNLOAD:1307
TIMESTAMP:2025-07-04 15:32:52 UTC
TRIGGER:schedule
