---METADATA---
HTTP_STATUS:200
TIME_TOTAL:3.299826
TIME_CONNECT:0.282318
SIZE_DOWNLOAD:1307
TIMESTAMP:2025-07-04 22:26:16 UTC
TRIGGER:schedule
