---METADATA---
HTTP_STATUS:200
TIME_TOTAL:3.399034
TIME_CONNECT:0.269094
SIZE_DOWNLOAD:1307
TIMESTAMP:2025-07-04 11:48:25 UTC
TRIGGER:schedule
