---METADATA---
HTTP_STATUS:200
TIME_TOTAL:3.236774
TIME_CONNECT:0.268732
SIZE_DOWNLOAD:1307
TIMESTAMP:2025-07-04 22:57:16 UTC
TRIGGER:schedule
