---METADATA---
HTTP_STATUS:200
TIME_TOTAL:3.557589
TIME_CONNECT:0.268376
SIZE_DOWNLOAD:1307
TIMESTAMP:2025-07-04 04:24:52 UTC
TRIGGER:schedule
