---METADATA---
HTTP_STATUS:200
TIME_TOTAL:3.385296
TIME_CONNECT:0.231179
SIZE_DOWNLOAD:1294
TIMESTAMP:2025-07-04 07:44:17 UTC
TRIGGER:schedule
