---METADATA---
HTTP_STATUS:200
TIME_TOTAL:3.540553
TIME_CONNECT:0.270077
SIZE_DOWNLOAD:1307
TIMESTAMP:2025-07-04 19:11:03 UTC
TRIGGER:schedule
