---METADATA---
HTTP_STATUS:200
TIME_TOTAL:3.493280
TIME_CONNECT:0.271239
SIZE_DOWNLOAD:1291
TIMESTAMP:2025-07-04 04:05:21 UTC
TRIGGER:schedule
