---METADATA---
HTTP_STATUS:200
TIME_TOTAL:3.492103
TIME_CONNECT:0.322494
SIZE_DOWNLOAD:1293
TIMESTAMP:2025-07-04 11:57:05 UTC
TRIGGER:schedule
