---METADATA---
HTTP_STATUS:200
TIME_TOTAL:3.230835
TIME_CONNECT:0.261115
SIZE_DOWNLOAD:1307
TIMESTAMP:2025-07-04 23:41:33 UTC
TRIGGER:schedule
