---METADATA---
HTTP_STATUS:200
TIME_TOTAL:3.326391
TIME_CONNECT:0.285586
SIZE_DOWNLOAD:1307
TIMESTAMP:2025-07-04 21:49:54 UTC
TRIGGER:schedule
