---METADATA---
HTTP_STATUS:200
TIME_TOTAL:3.416238
TIME_CONNECT:0.269166
SIZE_DOWNLOAD:1307
TIMESTAMP:2025-07-04 21:40:54 UTC
TRIGGER:schedule
