---METADATA---
HTTP_STATUS:200
TIME_TOTAL:3.215160
TIME_CONNECT:0.225417
SIZE_DOWNLOAD:1307
TIMESTAMP:2025-07-04 22:50:30 UTC
TRIGGER:schedule
