---METADATA---
HTTP_STATUS:200
TIME_TOTAL:3.189523
TIME_CONNECT:0.304510
SIZE_DOWNLOAD:1305
TIMESTAMP:2025-07-04 09:41:34 UTC
TRIGGER:schedule
