---METADATA---
HTTP_STATUS:200
TIME_TOTAL:3.555947
TIME_CONNECT:0.244754
SIZE_DOWNLOAD:1294
TIMESTAMP:2025-07-04 07:56:51 UTC
TRIGGER:schedule
