---METADATA---
HTTP_STATUS:200
TIME_TOTAL:3.512013
TIME_CONNECT:0.282109
SIZE_DOWNLOAD:1307
TIMESTAMP:2025-07-04 12:28:16 UTC
TRIGGER:schedule
