---METADATA---
HTTP_STATUS:200
TIME_TOTAL:3.395142
TIME_CONNECT:0.282171
SIZE_DOWNLOAD:1311
TIMESTAMP:2025-07-04 09:45:22 UTC
TRIGGER:schedule
