---METADATA---
HTTP_STATUS:200
TIME_TOTAL:3.336849
TIME_CONNECT:0.296732
SIZE_DOWNLOAD:1307
TIMESTAMP:2025-07-04 18:53:22 UTC
TRIGGER:schedule
