---METADATA---
HTTP_STATUS:200
TIME_TOTAL:3.327395
TIME_CONNECT:0.281109
SIZE_DOWNLOAD:1307
TIMESTAMP:2025-07-04 19:18:49 UTC
TRIGGER:schedule
