---METADATA---
HTTP_STATUS:200
TIME_TOTAL:3.555429
TIME_CONNECT:0.287182
SIZE_DOWNLOAD:1296
TIMESTAMP:2025-07-04 06:50:58 UTC
TRIGGER:schedule
