---METADATA---
HTTP_STATUS:200
TIME_TOTAL:3.296954
TIME_CONNECT:0.280617
SIZE_DOWNLOAD:1307
TIMESTAMP:2025-07-04 16:54:14 UTC
TRIGGER:schedule
