---METADATA---
HTTP_STATUS:200
TIME_TOTAL:3.408501
TIME_CONNECT:0.289180
SIZE_DOWNLOAD:1294
TIMESTAMP:2025-07-04 02:55:53 UTC
TRIGGER:schedule
