---METADATA---
HTTP_STATUS:200
TIME_TOTAL:3.484420
TIME_CONNECT:0.252499
SIZE_DOWNLOAD:1307
TIMESTAMP:2025-07-04 10:29:47 UTC
TRIGGER:schedule
