---METADATA---
HTTP_STATUS:200
TIME_TOTAL:1.008332
TIME_CONNECT:0.295265
SIZE_DOWNLOAD:1307
TIMESTAMP:2025-07-04 21:41:34 UTC
TRIGGER:schedule
