---METADATA---
HTTP_STATUS:200
TIME_TOTAL:3.482654
TIME_CONNECT:0.305136
SIZE_DOWNLOAD:1307
TIMESTAMP:2025-07-04 10:15:20 UTC
TRIGGER:schedule
