---METADATA---
HTTP_STATUS:200
TIME_TOTAL:3.427213
TIME_CONNECT:0.313340
SIZE_DOWNLOAD:1307
TIMESTAMP:2025-07-04 13:41:43 UTC
TRIGGER:schedule
