---METADATA---
HTTP_STATUS:200
TIME_TOTAL:3.579158
TIME_CONNECT:0.276538
SIZE_DOWNLOAD:1307
TIMESTAMP:2025-07-04 19:59:05 UTC
TRIGGER:schedule
