---METADATA---
HTTP_STATUS:200
TIME_TOTAL:3.388054
TIME_CONNECT:0.272821
SIZE_DOWNLOAD:1294
TIMESTAMP:2025-07-04 05:36:23 UTC
TRIGGER:schedule
