---METADATA---
HTTP_STATUS:200
TIME_TOTAL:3.181053
TIME_CONNECT:0.237836
SIZE_DOWNLOAD:1296
TIMESTAMP:2025-07-04 13:33:41 UTC
TRIGGER:schedule
