---METADATA---
HTTP_STATUS:200
TIME_TOTAL:3.348162
TIME_CONNECT:0.276897
SIZE_DOWNLOAD:1307
TIMESTAMP:2025-07-04 23:25:04 UTC
TRIGGER:schedule
