---METADATA---
HTTP_STATUS:200
TIME_TOTAL:3.562411
TIME_CONNECT:0.253473
SIZE_DOWNLOAD:1307
TIMESTAMP:2025-07-04 16:17:04 UTC
TRIGGER:schedule
