---METADATA---
HTTP_STATUS:200
TIME_TOTAL:3.344060
TIME_CONNECT:0.284913
SIZE_DOWNLOAD:1307
TIMESTAMP:2025-07-04 15:44:36 UTC
TRIGGER:schedule
