---METADATA---
HTTP_STATUS:200
TIME_TOTAL:3.518694
TIME_CONNECT:0.282058
SIZE_DOWNLOAD:1294
TIMESTAMP:2025-07-04 07:15:03 UTC
TRIGGER:schedule
