---METADATA---
HTTP_STATUS:200
TIME_TOTAL:3.429921
TIME_CONNECT:0.209630
SIZE_DOWNLOAD:1307
TIMESTAMP:2025-07-04 15:27:32 UTC
TRIGGER:schedule
