---METADATA---
HTTP_STATUS:200
TIME_TOTAL:3.373477
TIME_CONNECT:0.240006
SIZE_DOWNLOAD:1307
TIMESTAMP:2025-07-04 19:35:55 UTC
TRIGGER:schedule
