---METADATA---
HTTP_STATUS:200
TIME_TOTAL:3.481697
TIME_CONNECT:0.322092
SIZE_DOWNLOAD:1309
TIMESTAMP:2025-07-04 09:15:49 UTC
TRIGGER:schedule
