---METADATA---
HTTP_STATUS:200
TIME_TOTAL:3.381176
TIME_CONNECT:0.255421
SIZE_DOWNLOAD:1307
TIMESTAMP:2025-07-04 16:45:46 UTC
TRIGGER:schedule
