---METADATA---
HTTP_STATUS:200
TIME_TOTAL:3.400928
TIME_CONNECT:0.282230
SIZE_DOWNLOAD:1307
TIMESTAMP:2025-07-04 07:28:42 UTC
TRIGGER:schedule
