---METADATA---
HTTP_STATUS:200
TIME_TOTAL:3.297564
TIME_CONNECT:0.283371
SIZE_DOWNLOAD:1307
TIMESTAMP:2025-07-04 16:32:39 UTC
TRIGGER:schedule
