---METADATA---
HTTP_STATUS:200
TIME_TOTAL:3.476991
TIME_CONNECT:0.294166
SIZE_DOWNLOAD:1296
TIMESTAMP:2025-07-04 03:32:54 UTC
TRIGGER:schedule
