---METADATA---
HTTP_STATUS:200
TIME_TOTAL:3.282944
TIME_CONNECT:0.269963
SIZE_DOWNLOAD:1307
TIMESTAMP:2025-07-04 22:13:38 UTC
TRIGGER:schedule
