---METADATA---
HTTP_STATUS:200
TIME_TOTAL:3.264938
TIME_CONNECT:0.296340
SIZE_DOWNLOAD:1296
TIMESTAMP:2025-07-04 08:46:59 UTC
TRIGGER:schedule
