---METADATA---
HTTP_STATUS:200
TIME_TOTAL:3.420930
TIME_CONNECT:0.264993
SIZE_DOWNLOAD:1309
TIMESTAMP:2025-07-04 11:40:23 UTC
TRIGGER:schedule
