---METADATA---
HTTP_STATUS:200
TIME_TOTAL:3.295178
TIME_CONNECT:0.216300
SIZE_DOWNLOAD:1307
TIMESTAMP:2025-07-04 22:45:37 UTC
TRIGGER:schedule
