---METADATA---
HTTP_STATUS:200
TIME_TOTAL:3.402981
TIME_CONNECT:0.280167
SIZE_DOWNLOAD:1307
TIMESTAMP:2025-07-04 23:50:37 UTC
TRIGGER:schedule
