---METADATA---
HTTP_STATUS:200
TIME_TOTAL:3.392513
TIME_CONNECT:0.267225
SIZE_DOWNLOAD:1307
TIMESTAMP:2025-07-04 14:56:53 UTC
TRIGGER:schedule
