---METADATA---
HTTP_STATUS:200
TIME_TOTAL:3.428392
TIME_CONNECT:0.276415
SIZE_DOWNLOAD:1294
TIMESTAMP:2025-07-04 11:28:07 UTC
TRIGGER:schedule
