---METADATA---
HTTP_STATUS:200
TIME_TOTAL:3.421941
TIME_CONNECT:0.268029
SIZE_DOWNLOAD:1307
TIMESTAMP:2025-07-04 22:34:42 UTC
TRIGGER:schedule
