---METADATA---
HTTP_STATUS:200
TIME_TOTAL:3.510776
TIME_CONNECT:0.279318
SIZE_DOWNLOAD:1307
TIMESTAMP:2025-07-04 21:13:20 UTC
TRIGGER:schedule
