---METADATA---
HTTP_STATUS:200
TIME_TOTAL:3.341924
TIME_CONNECT:0.306129
SIZE_DOWNLOAD:1294
TIMESTAMP:2025-07-04 12:54:50 UTC
TRIGGER:schedule
