---METADATA---
HTTP_STATUS:200
TIME_TOTAL:3.462140
TIME_CONNECT:0.293601
SIZE_DOWNLOAD:1307
TIMESTAMP:2025-07-04 21:30:05 UTC
TRIGGER:schedule
