---METADATA---
HTTP_STATUS:200
TIME_TOTAL:3.225310
TIME_CONNECT:0.268261
SIZE_DOWNLOAD:1294
TIMESTAMP:2025-07-04 06:21:19 UTC
TRIGGER:schedule
