---METADATA---
HTTP_STATUS:200
TIME_TOTAL:3.498098
TIME_CONNECT:0.271909
SIZE_DOWNLOAD:1307
TIMESTAMP:2025-07-04 17:49:44 UTC
TRIGGER:schedule
