---METADATA---
HTTP_STATUS:200
TIME_TOTAL:3.239312
TIME_CONNECT:0.270230
SIZE_DOWNLOAD:1307
TIMESTAMP:2025-07-04 23:42:35 UTC
TRIGGER:schedule
