---METADATA---
HTTP_STATUS:200
TIME_TOTAL:3.224416
TIME_CONNECT:0.209871
SIZE_DOWNLOAD:1307
TIMESTAMP:2025-07-04 17:51:10 UTC
TRIGGER:schedule
