---METADATA---
HTTP_STATUS:200
TIME_TOTAL:3.556784
TIME_CONNECT:0.270343
SIZE_DOWNLOAD:1307
TIMESTAMP:2025-07-04 20:33:39 UTC
TRIGGER:schedule
