---METADATA---
HTTP_STATUS:200
TIME_TOTAL:3.403997
TIME_CONNECT:0.276294
SIZE_DOWNLOAD:1307
TIMESTAMP:2025-07-04 18:31:58 UTC
TRIGGER:schedule
