---METADATA---
HTTP_STATUS:200
TIME_TOTAL:3.416993
TIME_CONNECT:0.283386
SIZE_DOWNLOAD:1296
TIMESTAMP:2025-07-04 13:06:53 UTC
TRIGGER:schedule
