---METADATA---
HTTP_STATUS:200
TIME_TOTAL:3.398354
TIME_CONNECT:0.335216
SIZE_DOWNLOAD:1311
TIMESTAMP:2025-08-02 17:20:51 UTC
TRIGGER:schedule
