---METADATA---
HTTP_STATUS:200
TIME_TOTAL:1.133370
TIME_CONNECT:0.285783
SIZE_DOWNLOAD:1296
TIMESTAMP:2025-08-02 07:31:19 UTC
TRIGGER:schedule
