---METADATA---
HTTP_STATUS:200
TIME_TOTAL:3.617789
TIME_CONNECT:0.271294
SIZE_DOWNLOAD:1311
TIMESTAMP:2025-08-02 11:09:04 UTC
TRIGGER:schedule
