---METADATA---
HTTP_STATUS:200
TIME_TOTAL:3.444747
TIME_CONNECT:0.224034
SIZE_DOWNLOAD:1311
TIMESTAMP:2025-08-02 10:39:22 UTC
TRIGGER:schedule
