---METADATA---
HTTP_STATUS:200
TIME_TOTAL:3.410494
TIME_CONNECT:0.210836
SIZE_DOWNLOAD:1311
TIMESTAMP:2025-08-02 13:07:31 UTC
TRIGGER:schedule
