---METADATA---
HTTP_STATUS:200
TIME_TOTAL:1.092712
TIME_CONNECT:0.269843
SIZE_DOWNLOAD:1311
TIMESTAMP:2025-08-02 09:51:02 UTC
TRIGGER:schedule
