---METADATA---
HTTP_STATUS:200
TIME_TOTAL:3.542270
TIME_CONNECT:0.278967
SIZE_DOWNLOAD:1311
TIMESTAMP:2025-08-02 23:14:44 UTC
TRIGGER:schedule
