---METADATA---
HTTP_STATUS:200
TIME_TOTAL:3.444882
TIME_CONNECT:0.239473
SIZE_DOWNLOAD:1308
TIMESTAMP:2025-08-02 08:46:23 UTC
TRIGGER:schedule
