---METADATA---
HTTP_STATUS:200
TIME_TOTAL:3.586072
TIME_CONNECT:0.290310
SIZE_DOWNLOAD:1311
TIMESTAMP:2025-08-02 12:28:01 UTC
TRIGGER:schedule
