---METADATA---
HTTP_STATUS:200
TIME_TOTAL:1.057457
TIME_CONNECT:0.280366
SIZE_DOWNLOAD:1311
TIMESTAMP:2025-08-02 11:28:34 UTC
TRIGGER:schedule
