---METADATA---
HTTP_STATUS:200
TIME_TOTAL:3.568729
TIME_CONNECT:0.319837
SIZE_DOWNLOAD:1296
TIMESTAMP:2025-08-02 07:42:29 UTC
TRIGGER:schedule
