---METADATA---
HTTP_STATUS:200
TIME_TOTAL:3.585273
TIME_CONNECT:0.274377
SIZE_DOWNLOAD:1311
TIMESTAMP:2025-08-02 14:51:18 UTC
TRIGGER:schedule
