---METADATA---
HTTP_STATUS:200
TIME_TOTAL:3.496750
TIME_CONNECT:0.225716
SIZE_DOWNLOAD:1311
TIMESTAMP:2025-08-02 14:22:17 UTC
TRIGGER:schedule
