---METADATA---
HTTP_STATUS:200
TIME_TOTAL:3.658081
TIME_CONNECT:0.276495
SIZE_DOWNLOAD:1311
TIMESTAMP:2025-08-02 09:57:20 UTC
TRIGGER:schedule
