---METADATA---
HTTP_STATUS:200
TIME_TOTAL:3.439627
TIME_CONNECT:0.235000
SIZE_DOWNLOAD:1311
TIMESTAMP:2025-08-02 22:52:06 UTC
TRIGGER:schedule
