---METADATA---
HTTP_STATUS:200
TIME_TOTAL:3.383616
TIME_CONNECT:0.281757
SIZE_DOWNLOAD:1311
TIMESTAMP:2025-08-02 11:43:24 UTC
TRIGGER:schedule
