---METADATA---
HTTP_STATUS:200
TIME_TOTAL:3.599219
TIME_CONNECT:0.302400
SIZE_DOWNLOAD:1311
TIMESTAMP:2025-08-02 09:45:35 UTC
TRIGGER:schedule
