---METADATA---
HTTP_STATUS:200
TIME_TOTAL:3.477161
TIME_CONNECT:0.280804
SIZE_DOWNLOAD:1311
TIMESTAMP:2025-08-02 23:52:44 UTC
TRIGGER:schedule
