---METADATA---
HTTP_STATUS:200
TIME_TOTAL:3.335541
TIME_CONNECT:0.288128
SIZE_DOWNLOAD:1311
TIMESTAMP:2025-08-02 23:49:03 UTC
TRIGGER:schedule
