---METADATA---
HTTP_STATUS:200
TIME_TOTAL:3.535740
TIME_CONNECT:0.272759
SIZE_DOWNLOAD:1298
TIMESTAMP:2025-08-02 05:47:32 UTC
TRIGGER:schedule
