---METADATA---
HTTP_STATUS:200
TIME_TOTAL:3.608637
TIME_CONNECT:0.232921
SIZE_DOWNLOAD:1311
TIMESTAMP:2025-08-02 17:44:28 UTC
TRIGGER:schedule
