---METADATA---
HTTP_STATUS:200
TIME_TOTAL:3.624753
TIME_CONNECT:0.279952
SIZE_DOWNLOAD:1311
TIMESTAMP:2025-08-02 22:13:44 UTC
TRIGGER:schedule
