---METADATA---
HTTP_STATUS:200
TIME_TOTAL:3.591996
TIME_CONNECT:0.233748
SIZE_DOWNLOAD:1296
TIMESTAMP:2025-08-02 06:58:21 UTC
TRIGGER:schedule
