---METADATA---
HTTP_STATUS:200
TIME_TOTAL:3.823509
TIME_CONNECT:0.230579
SIZE_DOWNLOAD:1311
TIMESTAMP:2025-08-02 16:16:52 UTC
TRIGGER:schedule
