---METADATA---
HTTP_STATUS:200
TIME_TOTAL:3.598075
TIME_CONNECT:0.269192
SIZE_DOWNLOAD:1311
TIMESTAMP:2025-08-02 13:51:23 UTC
TRIGGER:schedule
