---METADATA---
HTTP_STATUS:200
TIME_TOTAL:3.417048
TIME_CONNECT:0.286556
SIZE_DOWNLOAD:1311
TIMESTAMP:2025-08-02 22:36:30 UTC
TRIGGER:schedule
