---METADATA---
HTTP_STATUS:200
TIME_TOTAL:3.758838
TIME_CONNECT:0.280621
SIZE_DOWNLOAD:1311
TIMESTAMP:2025-08-02 10:53:15 UTC
TRIGGER:schedule
