---METADATA---
HTTP_STATUS:200
TIME_TOTAL:3.779977
TIME_CONNECT:0.278753
SIZE_DOWNLOAD:1294
TIMESTAMP:2025-08-02 04:43:06 UTC
TRIGGER:schedule
