---METADATA---
HTTP_STATUS:200
TIME_TOTAL:3.538356
TIME_CONNECT:0.289767
SIZE_DOWNLOAD:1311
TIMESTAMP:2025-08-02 23:29:36 UTC
TRIGGER:schedule
