---METADATA---
HTTP_STATUS:200
TIME_TOTAL:1.156386
TIME_CONNECT:0.271728
SIZE_DOWNLOAD:1311
TIMESTAMP:2025-08-02 19:26:23 UTC
TRIGGER:schedule
