---METADATA---
HTTP_STATUS:200
TIME_TOTAL:3.568678
TIME_CONNECT:0.296347
SIZE_DOWNLOAD:1311
TIMESTAMP:2025-08-02 19:10:58 UTC
TRIGGER:schedule
