---METADATA---
HTTP_STATUS:200
TIME_TOTAL:3.709568
TIME_CONNECT:0.351541
SIZE_DOWNLOAD:1311
TIMESTAMP:2025-08-02 20:15:01 UTC
TRIGGER:schedule
