---METADATA---
HTTP_STATUS:200
TIME_TOTAL:3.470180
TIME_CONNECT:0.281690
SIZE_DOWNLOAD:1311
TIMESTAMP:2025-08-02 11:28:16 UTC
TRIGGER:schedule
