---METADATA---
HTTP_STATUS:200
TIME_TOTAL:3.600842
TIME_CONNECT:0.239870
SIZE_DOWNLOAD:1311
TIMESTAMP:2025-08-02 17:12:36 UTC
TRIGGER:schedule
