---METADATA---
HTTP_STATUS:200
TIME_TOTAL:3.406212
TIME_CONNECT:0.284272
SIZE_DOWNLOAD:1311
TIMESTAMP:2025-08-02 13:33:04 UTC
TRIGGER:schedule
