---METADATA---
HTTP_STATUS:200
TIME_TOTAL:3.649051
TIME_CONNECT:0.264705
SIZE_DOWNLOAD:1311
TIMESTAMP:2025-08-02 15:33:38 UTC
TRIGGER:schedule
