---METADATA---
HTTP_STATUS:200
TIME_TOTAL:3.503052
TIME_CONNECT:0.362752
SIZE_DOWNLOAD:1311
TIMESTAMP:2025-08-02 18:38:37 UTC
TRIGGER:schedule
