---METADATA---
HTTP_STATUS:200
TIME_TOTAL:3.470846
TIME_CONNECT:0.214758
SIZE_DOWNLOAD:1311
TIMESTAMP:2025-08-02 17:34:02 UTC
TRIGGER:schedule
