---METADATA---
HTTP_STATUS:200
TIME_TOTAL:3.526270
TIME_CONNECT:0.280426
SIZE_DOWNLOAD:1311
TIMESTAMP:2025-08-02 17:57:01 UTC
TRIGGER:schedule
