---METADATA---
HTTP_STATUS:200
TIME_TOTAL:3.614134
TIME_CONNECT:0.283674
SIZE_DOWNLOAD:1311
TIMESTAMP:2025-08-02 14:44:47 UTC
TRIGGER:schedule
