---METADATA---
HTTP_STATUS:200
TIME_TOTAL:3.476213
TIME_CONNECT:0.301947
SIZE_DOWNLOAD:1311
TIMESTAMP:2025-08-02 18:49:33 UTC
TRIGGER:schedule
