---METADATA---
HTTP_STATUS:200
TIME_TOTAL:3.387640
TIME_CONNECT:0.295789
SIZE_DOWNLOAD:1311
TIMESTAMP:2025-08-02 19:48:05 UTC
TRIGGER:schedule
