---METADATA---
HTTP_STATUS:200
TIME_TOTAL:3.356894
TIME_CONNECT:0.235667
SIZE_DOWNLOAD:1311
TIMESTAMP:2025-08-02 20:35:18 UTC
TRIGGER:schedule
