---METADATA---
HTTP_STATUS:200
TIME_TOTAL:3.577656
TIME_CONNECT:0.283911
SIZE_DOWNLOAD:1311
TIMESTAMP:2025-08-02 19:21:59 UTC
TRIGGER:schedule
