---METADATA---
HTTP_STATUS:200
TIME_TOTAL:3.436667
TIME_CONNECT:0.275595
SIZE_DOWNLOAD:1296
TIMESTAMP:2025-08-02 07:13:45 UTC
TRIGGER:schedule
