---METADATA---
HTTP_STATUS:200
TIME_TOTAL:3.345336
TIME_CONNECT:0.272073
SIZE_DOWNLOAD:1311
TIMESTAMP:2025-08-02 20:29:25 UTC
TRIGGER:schedule
