---METADATA---
HTTP_STATUS:200
TIME_TOTAL:3.685387
TIME_CONNECT:0.301497
SIZE_DOWNLOAD:1311
TIMESTAMP:2025-08-02 12:55:00 UTC
TRIGGER:schedule
