---METADATA---
HTTP_STATUS:200
TIME_TOTAL:3.739076
TIME_CONNECT:0.261254
SIZE_DOWNLOAD:1311
TIMESTAMP:2025-08-02 15:50:23 UTC
TRIGGER:schedule
