---METADATA---
HTTP_STATUS:200
TIME_TOTAL:1.177503
TIME_CONNECT:0.319316
SIZE_DOWNLOAD:1311
TIMESTAMP:2025-08-02 11:48:13 UTC
TRIGGER:schedule
