---METADATA---
HTTP_STATUS:200
TIME_TOTAL:3.575388
TIME_CONNECT:0.239221
SIZE_DOWNLOAD:1311
TIMESTAMP:2025-08-02 15:45:19 UTC
TRIGGER:schedule
