---METADATA---
HTTP_STATUS:200
TIME_TOTAL:3.619776
TIME_CONNECT:0.278100
SIZE_DOWNLOAD:1311
TIMESTAMP:2025-08-02 15:13:57 UTC
TRIGGER:schedule
