---METADATA---
HTTP_STATUS:200
TIME_TOTAL:3.425973
TIME_CONNECT:0.277281
SIZE_DOWNLOAD:1311
TIMESTAMP:2025-08-02 22:47:26 UTC
TRIGGER:schedule
