---METADATA---
HTTP_STATUS:200
TIME_TOTAL:3.579657
TIME_CONNECT:0.272623
SIZE_DOWNLOAD:1311
TIMESTAMP:2025-08-02 20:58:55 UTC
TRIGGER:schedule
