---METADATA---
HTTP_STATUS:200
TIME_TOTAL:3.556492
TIME_CONNECT:0.273887
SIZE_DOWNLOAD:1311
TIMESTAMP:2025-08-02 09:41:32 UTC
TRIGGER:schedule
