---METADATA---
HTTP_STATUS:200
TIME_TOTAL:3.567018
TIME_CONNECT:0.222776
SIZE_DOWNLOAD:1292
TIMESTAMP:2025-08-02 05:19:02 UTC
TRIGGER:schedule
