---METADATA---
HTTP_STATUS:200
TIME_TOTAL:3.463478
TIME_CONNECT:0.285016
SIZE_DOWNLOAD:1311
TIMESTAMP:2025-08-02 11:56:57 UTC
TRIGGER:schedule
