---METADATA---
HTTP_STATUS:200
TIME_TOTAL:3.524632
TIME_CONNECT:0.278677
SIZE_DOWNLOAD:1311
TIMESTAMP:2025-08-02 16:47:48 UTC
TRIGGER:schedule
