---METADATA---
HTTP_STATUS:200
TIME_TOTAL:4.019503
TIME_CONNECT:0.772855
SIZE_DOWNLOAD:1311
TIMESTAMP:2025-08-02 14:13:15 UTC
TRIGGER:schedule
