---METADATA---
HTTP_STATUS:200
TIME_TOTAL:3.380499
TIME_CONNECT:0.220654
SIZE_DOWNLOAD:1309
TIMESTAMP:2025-08-02 05:58:56 UTC
TRIGGER:schedule
