---METADATA---
HTTP_STATUS:200
TIME_TOTAL:3.522884
TIME_CONNECT:0.319813
SIZE_DOWNLOAD:1294
TIMESTAMP:2025-08-02 03:59:35 UTC
TRIGGER:schedule
