---METADATA---
HTTP_STATUS:200
TIME_TOTAL:3.372608
TIME_CONNECT:0.238271
SIZE_DOWNLOAD:1311
TIMESTAMP:2025-08-02 18:19:48 UTC
TRIGGER:schedule
