---METADATA---
HTTP_STATUS:200
TIME_TOTAL:3.718521
TIME_CONNECT:0.295719
SIZE_DOWNLOAD:1309
TIMESTAMP:2025-08-02 08:34:08 UTC
TRIGGER:schedule
