---METADATA---
HTTP_STATUS:200
TIME_TOTAL:3.485158
TIME_CONNECT:0.274515
SIZE_DOWNLOAD:1311
TIMESTAMP:2025-08-02 16:33:42 UTC
TRIGGER:schedule
