---METADATA---
HTTP_STATUS:200
TIME_TOTAL:3.531375
TIME_CONNECT:0.264848
SIZE_DOWNLOAD:1311
TIMESTAMP:2025-08-02 22:27:20 UTC
TRIGGER:schedule
