---METADATA---
HTTP_STATUS:200
TIME_TOTAL:3.369776
TIME_CONNECT:0.285501
SIZE_DOWNLOAD:1311
TIMESTAMP:2025-08-02 21:44:33 UTC
TRIGGER:schedule
