---METADATA---
HTTP_STATUS:200
TIME_TOTAL:3.587706
TIME_CONNECT:0.279524
SIZE_DOWNLOAD:1311
TIMESTAMP:2025-08-02 14:57:03 UTC
TRIGGER:schedule
