---METADATA---
HTTP_STATUS:200
TIME_TOTAL:3.333000
TIME_CONNECT:0.277209
SIZE_DOWNLOAD:1311
TIMESTAMP:2025-08-02 21:49:47 UTC
TRIGGER:schedule
