---METADATA---
HTTP_STATUS:200
TIME_TOTAL:3.419597
TIME_CONNECT:0.286007
SIZE_DOWNLOAD:1311
TIMESTAMP:2025-08-02 19:37:50 UTC
TRIGGER:schedule
