---METADATA---
HTTP_STATUS:200
TIME_TOTAL:3.541168
TIME_CONNECT:0.286753
SIZE_DOWNLOAD:1311
TIMESTAMP:2025-08-02 15:28:04 UTC
TRIGGER:schedule
