---METADATA---
HTTP_STATUS:200
TIME_TOTAL:3.568188
TIME_CONNECT:0.283931
SIZE_DOWNLOAD:1311
TIMESTAMP:2025-08-02 22:59:28 UTC
TRIGGER:schedule
