---METADATA---
HTTP_STATUS:200
TIME_TOTAL:3.709858
TIME_CONNECT:0.315700
SIZE_DOWNLOAD:1309
TIMESTAMP:2025-08-02 09:26:53 UTC
TRIGGER:schedule
