---METADATA---
HTTP_STATUS:200
TIME_TOTAL:3.449509
TIME_CONNECT:0.234199
SIZE_DOWNLOAD:1296
TIMESTAMP:2025-08-02 05:44:42 UTC
TRIGGER:schedule
