---METADATA---
HTTP_STATUS:200
TIME_TOTAL:3.592359
TIME_CONNECT:0.286459
SIZE_DOWNLOAD:1296
TIMESTAMP:2025-08-02 07:57:00 UTC
TRIGGER:schedule
