---METADATA---
HTTP_STATUS:200
TIME_TOTAL:3.382186
TIME_CONNECT:0.304035
SIZE_DOWNLOAD:1306
TIMESTAMP:2025-08-02 05:11:45 UTC
TRIGGER:schedule
