---METADATA---
HTTP_STATUS:200
TIME_TOTAL:3.492517
TIME_CONNECT:0.288647
SIZE_DOWNLOAD:1311
TIMESTAMP:2025-08-02 21:26:31 UTC
TRIGGER:schedule
