---METADATA---
HTTP_STATUS:200
TIME_TOTAL:3.680212
TIME_CONNECT:0.327152
SIZE_DOWNLOAD:1311
TIMESTAMP:2025-08-02 14:34:49 UTC
TRIGGER:schedule
