---METADATA---
HTTP_STATUS:200
TIME_TOTAL:3.375361
TIME_CONNECT:0.274255
SIZE_DOWNLOAD:1311
TIMESTAMP:2025-08-02 15:57:22 UTC
TRIGGER:schedule
