---METADATA---
HTTP_STATUS:200
TIME_TOTAL:3.676092
TIME_CONNECT:0.281347
SIZE_DOWNLOAD:1296
TIMESTAMP:2025-08-02 06:50:07 UTC
TRIGGER:schedule
