---METADATA---
HTTP_STATUS:200
TIME_TOTAL:3.490486
TIME_CONNECT:0.217284
SIZE_DOWNLOAD:1311
TIMESTAMP:2025-08-02 10:14:29 UTC
TRIGGER:schedule
