---METADATA---
HTTP_STATUS:200
TIME_TOTAL:1.110614
TIME_CONNECT:0.286110
SIZE_DOWNLOAD:1311
TIMESTAMP:2025-08-02 23:34:57 UTC
TRIGGER:schedule
