---METADATA---
HTTP_STATUS:200
TIME_TOTAL:1.161358
TIME_CONNECT:0.293170
SIZE_DOWNLOAD:1294
TIMESTAMP:2025-08-02 04:48:22 UTC
TRIGGER:schedule
