---METADATA---
HTTP_STATUS:200
TIME_TOTAL:3.811499
TIME_CONNECT:0.297171
SIZE_DOWNLOAD:1311
TIMESTAMP:2025-08-02 17:50:21 UTC
TRIGGER:schedule
