---METADATA---
HTTP_STATUS:200
TIME_TOTAL:3.405693
TIME_CONNECT:0.230663
SIZE_DOWNLOAD:1311
TIMESTAMP:2025-08-02 20:51:35 UTC
TRIGGER:schedule
