---METADATA---
HTTP_STATUS:200
TIME_TOTAL:3.517509
TIME_CONNECT:0.221700
SIZE_DOWNLOAD:1296
TIMESTAMP:2025-08-02 07:48:45 UTC
TRIGGER:schedule
