---METADATA---
HTTP_STATUS:200
TIME_TOTAL:1.022856
TIME_CONNECT:0.219421
SIZE_DOWNLOAD:1294
TIMESTAMP:2025-08-02 03:01:29 UTC
TRIGGER:schedule
