---METADATA---
HTTP_STATUS:200
TIME_TOTAL:3.517775
TIME_CONNECT:0.294439
SIZE_DOWNLOAD:1311
TIMESTAMP:2025-08-02 13:52:47 UTC
TRIGGER:schedule
