---METADATA---
HTTP_STATUS:200
TIME_TOTAL:3.363999
TIME_CONNECT:0.299182
SIZE_DOWNLOAD:1311
TIMESTAMP:2025-08-02 21:30:56 UTC
TRIGGER:schedule
