---METADATA---
HTTP_STATUS:200
TIME_TOTAL:3.557900
TIME_CONNECT:0.267742
SIZE_DOWNLOAD:1311
TIMESTAMP:2025-08-02 18:57:05 UTC
TRIGGER:schedule
