---METADATA---
HTTP_STATUS:200
TIME_TOTAL:3.529145
TIME_CONNECT:0.264016
SIZE_DOWNLOAD:1311
TIMESTAMP:2025-08-02 10:49:42 UTC
TRIGGER:schedule
