---METADATA---
HTTP_STATUS:200
TIME_TOTAL:3.480537
TIME_CONNECT:0.295425
SIZE_DOWNLOAD:1311
TIMESTAMP:2025-08-02 19:40:19 UTC
TRIGGER:schedule
