---METADATA---
HTTP_STATUS:200
TIME_TOTAL:3.471319
TIME_CONNECT:0.287908
SIZE_DOWNLOAD:1296
TIMESTAMP:2025-08-02 07:26:37 UTC
TRIGGER:schedule
