---METADATA---
HTTP_STATUS:200
TIME_TOTAL:3.388417
TIME_CONNECT:0.267755
SIZE_DOWNLOAD:1311
TIMESTAMP:2025-08-02 16:55:19 UTC
TRIGGER:schedule
