---METADATA---
HTTP_STATUS:200
TIME_TOTAL:3.873383
TIME_CONNECT:0.299519
SIZE_DOWNLOAD:1311
TIMESTAMP:2025-08-02 10:29:31 UTC
TRIGGER:schedule
