---METADATA---
HTTP_STATUS:200
TIME_TOTAL:3.272405
TIME_CONNECT:0.282618
SIZE_DOWNLOAD:1311
TIMESTAMP:2025-08-02 21:12:52 UTC
TRIGGER:schedule
