---METADATA---
HTTP_STATUS:200
TIME_TOTAL:3.573058
TIME_CONNECT:0.340465
SIZE_DOWNLOAD:1295
TIMESTAMP:2025-08-02 09:16:44 UTC
TRIGGER:schedule
