---METADATA---
HTTP_STATUS:200
TIME_TOTAL:3.703922
TIME_CONNECT:0.286571
SIZE_DOWNLOAD:1296
TIMESTAMP:2025-08-02 06:40:02 UTC
TRIGGER:schedule
