---METADATA---
HTTP_STATUS:200
TIME_TOTAL:3.619764
TIME_CONNECT:0.276699
SIZE_DOWNLOAD:1311
TIMESTAMP:2025-08-02 11:12:21 UTC
TRIGGER:schedule
