---METADATA---
HTTP_STATUS:200
TIME_TOTAL:3.470217
TIME_CONNECT:0.272175
SIZE_DOWNLOAD:1311
TIMESTAMP:2025-08-02 13:41:22 UTC
TRIGGER:schedule
