---METADATA---
HTTP_STATUS:200
TIME_TOTAL:3.629920
TIME_CONNECT:0.297492
SIZE_DOWNLOAD:1294
TIMESTAMP:2025-08-02 02:57:56 UTC
TRIGGER:schedule
