---METADATA---
HTTP_STATUS:200
TIME_TOTAL:3.397992
TIME_CONNECT:0.210564
SIZE_DOWNLOAD:1296
TIMESTAMP:2025-08-02 08:18:07 UTC
TRIGGER:schedule
