---METADATA---
HTTP_STATUS:200
TIME_TOTAL:3.626666
TIME_CONNECT:0.234306
SIZE_DOWNLOAD:1296
TIMESTAMP:2025-08-02 06:20:07 UTC
TRIGGER:schedule
