---METADATA---
HTTP_STATUS:200
TIME_TOTAL:3.620712
TIME_CONNECT:0.279713
SIZE_DOWNLOAD:1311
TIMESTAMP:2025-08-02 21:57:03 UTC
TRIGGER:schedule
