---METADATA---
HTTP_STATUS:200
TIME_TOTAL:3.510641
TIME_CONNECT:0.298265
SIZE_DOWNLOAD:1292
TIMESTAMP:2025-08-02 01:12:00 UTC
TRIGGER:schedule
