---METADATA---
HTTP_STATUS:200
TIME_TOTAL:3.382507
TIME_CONNECT:0.243068
SIZE_DOWNLOAD:1311
TIMESTAMP:2025-08-02 20:47:07 UTC
TRIGGER:schedule
