---METADATA---
HTTP_STATUS:200
TIME_TOTAL:3.638716
TIME_CONNECT:0.290578
SIZE_DOWNLOAD:1296
TIMESTAMP:2025-08-02 08:55:05 UTC
TRIGGER:schedule
