---METADATA---
HTTP_STATUS:200
TIME_TOTAL:3.377330
TIME_CONNECT:0.222822
SIZE_DOWNLOAD:1294
TIMESTAMP:2025-08-02 04:03:08 UTC
TRIGGER:schedule
