---METADATA---
HTTP_STATUS:200
TIME_TOTAL:3.541460
TIME_CONNECT:0.269995
SIZE_DOWNLOAD:1294
TIMESTAMP:2025-08-02 00:59:05 UTC
TRIGGER:schedule
