---METADATA---
HTTP_STATUS:200
TIME_TOTAL:3.453610
TIME_CONNECT:0.285435
SIZE_DOWNLOAD:1311
TIMESTAMP:2025-08-02 19:57:03 UTC
TRIGGER:schedule
