---METADATA---
HTTP_STATUS:200
TIME_TOTAL:3.407124
TIME_CONNECT:0.211180
SIZE_DOWNLOAD:1311
TIMESTAMP:2025-08-02 11:40:08 UTC
TRIGGER:schedule
