---METADATA---
HTTP_STATUS:200
TIME_TOTAL:3.594730
TIME_CONNECT:0.287423
SIZE_DOWNLOAD:1298
TIMESTAMP:2025-07-14 04:45:02 UTC
TRIGGER:schedule
