---METADATA---
HTTP_STATUS:200
TIME_TOTAL:3.301700
TIME_CONNECT:0.250215
SIZE_DOWNLOAD:1293
TIMESTAMP:2025-07-14 21:31:52 UTC
TRIGGER:schedule
