---METADATA---
HTTP_STATUS:200
TIME_TOTAL:3.493872
TIME_CONNECT:0.229970
SIZE_DOWNLOAD:1293
TIMESTAMP:2025-07-14 17:47:21 UTC
TRIGGER:schedule
