---METADATA---
HTTP_STATUS:200
TIME_TOTAL:3.404576
TIME_CONNECT:0.370998
SIZE_DOWNLOAD:1309
TIMESTAMP:2025-07-14 07:39:42 UTC
TRIGGER:schedule
