---METADATA---
HTTP_STATUS:200
TIME_TOTAL:3.252628
TIME_CONNECT:0.209971
SIZE_DOWNLOAD:1293
TIMESTAMP:2025-07-14 20:16:32 UTC
TRIGGER:schedule
