---METADATA---
HTTP_STATUS:200
TIME_TOTAL:3.769662
TIME_CONNECT:0.277569
SIZE_DOWNLOAD:1298
TIMESTAMP:2025-07-14 03:16:13 UTC
TRIGGER:schedule
