---METADATA---
HTTP_STATUS:200
TIME_TOTAL:3.654475
TIME_CONNECT:0.294883
SIZE_DOWNLOAD:1309
TIMESTAMP:2025-07-14 12:30:18 UTC
TRIGGER:schedule
