---METADATA---
HTTP_STATUS:200
TIME_TOTAL:3.281320
TIME_CONNECT:0.215063
SIZE_DOWNLOAD:1293
TIMESTAMP:2025-07-14 19:40:23 UTC
TRIGGER:schedule
