---METADATA---
HTTP_STATUS:200
TIME_TOTAL:3.289381
TIME_CONNECT:0.211243
SIZE_DOWNLOAD:1294
TIMESTAMP:2025-07-14 09:00:28 UTC
TRIGGER:schedule
