---METADATA---
HTTP_STATUS:200
TIME_TOTAL:1.069586
TIME_CONNECT:0.256757
SIZE_DOWNLOAD:1293
TIMESTAMP:2025-07-14 19:48:07 UTC
TRIGGER:schedule
