---METADATA---
HTTP_STATUS:200
TIME_TOTAL:3.271962
TIME_CONNECT:0.250623
SIZE_DOWNLOAD:1292
TIMESTAMP:2025-07-14 06:44:14 UTC
TRIGGER:schedule
