---METADATA---
HTTP_STATUS:200
TIME_TOTAL:3.629782
TIME_CONNECT:0.269471
SIZE_DOWNLOAD:1305
TIMESTAMP:2025-07-14 06:23:17 UTC
TRIGGER:schedule
