---METADATA---
HTTP_STATUS:200
TIME_TOTAL:3.409305
TIME_CONNECT:0.231810
SIZE_DOWNLOAD:1309
TIMESTAMP:2025-07-14 11:51:05 UTC
TRIGGER:schedule
