---METADATA---
HTTP_STATUS:200
TIME_TOTAL:3.383526
TIME_CONNECT:0.269389
SIZE_DOWNLOAD:1293
TIMESTAMP:2025-07-14 15:54:08 UTC
TRIGGER:schedule
