---METADATA---
HTTP_STATUS:200
TIME_TOTAL:3.403574
TIME_CONNECT:0.252311
SIZE_DOWNLOAD:1293
TIMESTAMP:2025-07-14 23:14:16 UTC
TRIGGER:schedule
