---METADATA---
HTTP_STATUS:200
TIME_TOTAL:3.274769
TIME_CONNECT:0.237735
SIZE_DOWNLOAD:1298
TIMESTAMP:2025-07-14 02:26:47 UTC
TRIGGER:schedule
