---METADATA---
HTTP_STATUS:200
TIME_TOTAL:3.503492
TIME_CONNECT:0.237661
SIZE_DOWNLOAD:1309
TIMESTAMP:2025-07-14 12:58:11 UTC
TRIGGER:schedule
