---METADATA---
HTTP_STATUS:200
TIME_TOTAL:3.421355
TIME_CONNECT:0.275106
SIZE_DOWNLOAD:1293
TIMESTAMP:2025-07-14 23:29:59 UTC
TRIGGER:schedule
