---METADATA---
HTTP_STATUS:200
TIME_TOTAL:3.275919
TIME_CONNECT:0.236449
SIZE_DOWNLOAD:1293
TIMESTAMP:2025-07-14 17:27:15 UTC
TRIGGER:schedule
