---METADATA---
HTTP_STATUS:200
TIME_TOTAL:3.196990
TIME_CONNECT:0.222129
SIZE_DOWNLOAD:1293
TIMESTAMP:2025-07-14 19:12:21 UTC
TRIGGER:schedule
