---METADATA---
HTTP_STATUS:200
TIME_TOTAL:3.544689
TIME_CONNECT:0.273019
SIZE_DOWNLOAD:1294
TIMESTAMP:2025-07-14 05:20:43 UTC
TRIGGER:schedule
