---METADATA---
HTTP_STATUS:200
TIME_TOTAL:3.338442
TIME_CONNECT:0.231286
SIZE_DOWNLOAD:1296
TIMESTAMP:2025-07-14 10:53:43 UTC
TRIGGER:schedule
