---METADATA---
HTTP_STATUS:200
TIME_TOTAL:3.273412
TIME_CONNECT:0.288380
SIZE_DOWNLOAD:1293
TIMESTAMP:2025-07-14 18:43:19 UTC
TRIGGER:schedule
