---METADATA---
HTTP_STATUS:200
TIME_TOTAL:3.217348
TIME_CONNECT:0.241442
SIZE_DOWNLOAD:1293
TIMESTAMP:2025-07-14 21:41:16 UTC
TRIGGER:schedule
