---METADATA---
HTTP_STATUS:200
TIME_TOTAL:3.408175
TIME_CONNECT:0.280403
SIZE_DOWNLOAD:1296
TIMESTAMP:2025-07-14 10:33:42 UTC
TRIGGER:schedule
