---METADATA---
HTTP_STATUS:200
TIME_TOTAL:3.365416
TIME_CONNECT:0.230295
SIZE_DOWNLOAD:1296
TIMESTAMP:2025-07-14 09:58:58 UTC
TRIGGER:schedule
