---METADATA---
HTTP_STATUS:200
TIME_TOTAL:3.649085
TIME_CONNECT:0.274528
SIZE_DOWNLOAD:1293
TIMESTAMP:2025-07-14 14:15:21 UTC
TRIGGER:schedule
