---METADATA---
HTTP_STATUS:200
TIME_TOTAL:3.406820
TIME_CONNECT:0.286090
SIZE_DOWNLOAD:1308
TIMESTAMP:2025-07-14 08:35:42 UTC
TRIGGER:schedule
