---METADATA---
HTTP_STATUS:200
TIME_TOTAL:3.325342
TIME_CONNECT:0.256183
SIZE_DOWNLOAD:1293
TIMESTAMP:2025-07-14 16:37:03 UTC
TRIGGER:schedule
