---METADATA---
HTTP_STATUS:200
TIME_TOTAL:3.561990
TIME_CONNECT:0.350337
SIZE_DOWNLOAD:1308
TIMESTAMP:2025-07-14 01:15:32 UTC
TRIGGER:schedule
