---METADATA---
HTTP_STATUS:200
TIME_TOTAL:3.290064
TIME_CONNECT:0.268077
SIZE_DOWNLOAD:1309
TIMESTAMP:2025-07-14 11:13:18 UTC
TRIGGER:schedule
