---METADATA---
HTTP_STATUS:200
TIME_TOTAL:3.701573
TIME_CONNECT:0.250699
SIZE_DOWNLOAD:1309
TIMESTAMP:2025-07-14 13:52:07 UTC
TRIGGER:schedule
