---METADATA---
HTTP_STATUS:200
TIME_TOTAL:3.253978
TIME_CONNECT:0.270256
SIZE_DOWNLOAD:1293
TIMESTAMP:2025-07-14 17:37:04 UTC
TRIGGER:schedule
