---METADATA---
HTTP_STATUS:200
TIME_TOTAL:3.594489
TIME_CONNECT:0.305440
SIZE_DOWNLOAD:1296
TIMESTAMP:2025-07-14 07:53:23 UTC
TRIGGER:schedule
