---METADATA---
HTTP_STATUS:200
TIME_TOTAL:3.192051
TIME_CONNECT:0.276430
SIZE_DOWNLOAD:1293
TIMESTAMP:2025-07-14 19:01:37 UTC
TRIGGER:schedule
