---METADATA---
HTTP_STATUS:200
TIME_TOTAL:3.336783
TIME_CONNECT:0.267403
SIZE_DOWNLOAD:1293
TIMESTAMP:2025-07-14 14:45:15 UTC
TRIGGER:schedule
