---METADATA---
HTTP_STATUS:200
TIME_TOTAL:3.242779
TIME_CONNECT:0.278420
SIZE_DOWNLOAD:1294
TIMESTAMP:2025-07-14 07:18:52 UTC
TRIGGER:schedule
