---METADATA---
HTTP_STATUS:200
TIME_TOTAL:3.441208
TIME_CONNECT:0.281415
SIZE_DOWNLOAD:1293
TIMESTAMP:2025-07-14 17:59:06 UTC
TRIGGER:schedule
