---METADATA---
HTTP_STATUS:200
TIME_TOTAL:3.442243
TIME_CONNECT:0.282038
SIZE_DOWNLOAD:1293
TIMESTAMP:2025-07-14 21:48:36 UTC
TRIGGER:schedule
