---METADATA---
HTTP_STATUS:200
TIME_TOTAL:3.326175
TIME_CONNECT:0.240718
SIZE_DOWNLOAD:1293
TIMESTAMP:2025-07-14 22:38:42 UTC
TRIGGER:schedule
