---METADATA---
HTTP_STATUS:200
TIME_TOTAL:3.819436
TIME_CONNECT:0.314201
SIZE_DOWNLOAD:1293
TIMESTAMP:2025-07-14 15:47:03 UTC
TRIGGER:schedule
