---METADATA---
HTTP_STATUS:200
TIME_TOTAL:3.197318
TIME_CONNECT:0.286263
SIZE_DOWNLOAD:1293
TIMESTAMP:2025-07-14 20:31:00 UTC
TRIGGER:schedule
