---METADATA---
HTTP_STATUS:200
TIME_TOTAL:3.353921
TIME_CONNECT:0.299750
SIZE_DOWNLOAD:1293
TIMESTAMP:2025-07-14 21:23:50 UTC
TRIGGER:schedule
