---METADATA---
HTTP_STATUS:200
TIME_TOTAL:3.412024
TIME_CONNECT:0.314080
SIZE_DOWNLOAD:1297
TIMESTAMP:2025-07-14 09:47:55 UTC
TRIGGER:schedule
