---METADATA---
HTTP_STATUS:200
TIME_TOTAL:3.250645
TIME_CONNECT:0.268383
SIZE_DOWNLOAD:1293
TIMESTAMP:2025-07-14 20:53:03 UTC
TRIGGER:schedule
