---METADATA---
HTTP_STATUS:200
TIME_TOTAL:3.299544
TIME_CONNECT:0.276407
SIZE_DOWNLOAD:1293
TIMESTAMP:2025-07-14 20:51:27 UTC
TRIGGER:schedule
