---METADATA---
HTTP_STATUS:200
TIME_TOTAL:3.412259
TIME_CONNECT:0.244664
SIZE_DOWNLOAD:1309
TIMESTAMP:2025-07-14 11:56:52 UTC
TRIGGER:schedule
