---METADATA---
HTTP_STATUS:200
TIME_TOTAL:3.239816
TIME_CONNECT:0.258465
SIZE_DOWNLOAD:1293
TIMESTAMP:2025-07-14 23:49:43 UTC
TRIGGER:schedule
