---METADATA---
HTTP_STATUS:200
TIME_TOTAL:3.293858
TIME_CONNECT:0.287461
SIZE_DOWNLOAD:1293
TIMESTAMP:2025-07-14 22:53:04 UTC
TRIGGER:schedule
