---METADATA---
HTTP_STATUS:200
TIME_TOTAL:3.316800
TIME_CONNECT:0.284016
SIZE_DOWNLOAD:1293
TIMESTAMP:2025-07-14 19:57:06 UTC
TRIGGER:schedule
