---METADATA---
HTTP_STATUS:200
TIME_TOTAL:3.874405
TIME_CONNECT:0.280201
SIZE_DOWNLOAD:1309
TIMESTAMP:2025-07-14 08:52:55 UTC
TRIGGER:schedule
