---METADATA---
HTTP_STATUS:200
TIME_TOTAL:1.066041
TIME_CONNECT:0.277801
SIZE_DOWNLOAD:1293
TIMESTAMP:2025-07-14 19:28:47 UTC
TRIGGER:schedule
