---METADATA---
HTTP_STATUS:200
TIME_TOTAL:3.570687
TIME_CONNECT:0.228196
SIZE_DOWNLOAD:1293
TIMESTAMP:2025-07-14 23:45:32 UTC
TRIGGER:schedule
