---METADATA---
HTTP_STATUS:200
TIME_TOTAL:3.415588
TIME_CONNECT:0.233888
SIZE_DOWNLOAD:1293
TIMESTAMP:2025-07-14 23:57:16 UTC
TRIGGER:schedule
