---METADATA---
HTTP_STATUS:200
TIME_TOTAL:3.424023
TIME_CONNECT:0.287114
SIZE_DOWNLOAD:1293
TIMESTAMP:2025-07-14 17:14:25 UTC
TRIGGER:schedule
