---METADATA---
HTTP_STATUS:200
TIME_TOTAL:3.529492
TIME_CONNECT:0.249545
SIZE_DOWNLOAD:1293
TIMESTAMP:2025-07-14 15:43:02 UTC
TRIGGER:schedule
