---METADATA---
HTTP_STATUS:200
TIME_TOTAL:3.549248
TIME_CONNECT:0.291967
SIZE_DOWNLOAD:1292
TIMESTAMP:2025-07-14 09:40:15 UTC
TRIGGER:schedule
