---METADATA---
HTTP_STATUS:200
TIME_TOTAL:3.306345
TIME_CONNECT:0.286399
SIZE_DOWNLOAD:1293
TIMESTAMP:2025-07-14 18:53:01 UTC
TRIGGER:schedule
