---METADATA---
HTTP_STATUS:200
TIME_TOTAL:3.483795
TIME_CONNECT:0.278313
SIZE_DOWNLOAD:1292
TIMESTAMP:2025-07-14 04:13:57 UTC
TRIGGER:schedule
