---METADATA---
HTTP_STATUS:200
TIME_TOTAL:3.336249
TIME_CONNECT:0.269102
SIZE_DOWNLOAD:1307
TIMESTAMP:2025-07-14 08:21:26 UTC
TRIGGER:schedule
