---METADATA---
HTTP_STATUS:200
TIME_TOTAL:3.480962
TIME_CONNECT:0.238244
SIZE_DOWNLOAD:1293
TIMESTAMP:2025-07-14 23:08:10 UTC
TRIGGER:schedule
