---METADATA---
HTTP_STATUS:200
TIME_TOTAL:3.196273
TIME_CONNECT:0.236748
SIZE_DOWNLOAD:1294
TIMESTAMP:2025-07-14 07:12:04 UTC
TRIGGER:schedule
