---METADATA---
HTTP_STATUS:200
TIME_TOTAL:3.255523
TIME_CONNECT:0.273601
SIZE_DOWNLOAD:1293
TIMESTAMP:2025-07-14 21:56:49 UTC
TRIGGER:schedule
