---METADATA---
HTTP_STATUS:200
TIME_TOTAL:3.364230
TIME_CONNECT:0.283507
SIZE_DOWNLOAD:1293
TIMESTAMP:2025-07-14 14:53:38 UTC
TRIGGER:schedule
