---METADATA---
HTTP_STATUS:200
TIME_TOTAL:3.226372
TIME_CONNECT:0.280504
SIZE_DOWNLOAD:1296
TIMESTAMP:2025-07-14 07:52:03 UTC
TRIGGER:schedule
