---METADATA---
HTTP_STATUS:200
TIME_TOTAL:3.598979
TIME_CONNECT:0.226047
SIZE_DOWNLOAD:1293
TIMESTAMP:2025-07-14 05:57:43 UTC
TRIGGER:schedule
