---METADATA---
HTTP_STATUS:200
TIME_TOTAL:3.287644
TIME_CONNECT:0.263245
SIZE_DOWNLOAD:1293
TIMESTAMP:2025-07-14 19:42:35 UTC
TRIGGER:schedule
