---METADATA---
HTTP_STATUS:200
TIME_TOTAL:3.312939
TIME_CONNECT:0.268841
SIZE_DOWNLOAD:1293
TIMESTAMP:2025-07-14 14:32:37 UTC
TRIGGER:schedule
