---METADATA---
HTTP_STATUS:200
TIME_TOTAL:3.788199
TIME_CONNECT:0.227746
SIZE_DOWNLOAD:1311
TIMESTAMP:2025-07-14 10:46:53 UTC
TRIGGER:schedule
