---METADATA---
HTTP_STATUS:200
TIME_TOTAL:3.462244
TIME_CONNECT:0.346695
SIZE_DOWNLOAD:1293
TIMESTAMP:2025-07-14 15:27:00 UTC
TRIGGER:schedule
