---METADATA---
HTTP_STATUS:200
TIME_TOTAL:3.261697
TIME_CONNECT:0.229929
SIZE_DOWNLOAD:1293
TIMESTAMP:2025-07-14 16:57:21 UTC
TRIGGER:schedule
