---METADATA---
HTTP_STATUS:200
TIME_TOTAL:3.380861
TIME_CONNECT:0.277607
SIZE_DOWNLOAD:1293
TIMESTAMP:2025-07-14 16:49:24 UTC
TRIGGER:schedule
