---METADATA---
HTTP_STATUS:200
TIME_TOTAL:3.541690
TIME_CONNECT:0.275101
SIZE_DOWNLOAD:1293
TIMESTAMP:2025-07-14 14:00:07 UTC
TRIGGER:schedule
