---METADATA---
HTTP_STATUS:200
TIME_TOTAL:3.697260
TIME_CONNECT:0.262778
SIZE_DOWNLOAD:1309
TIMESTAMP:2025-07-14 11:30:03 UTC
TRIGGER:schedule
