---METADATA---
HTTP_STATUS:200
TIME_TOTAL:3.283525
TIME_CONNECT:0.247080
SIZE_DOWNLOAD:1293
TIMESTAMP:2025-07-14 22:27:31 UTC
TRIGGER:schedule
