---METADATA---
HTTP_STATUS:200
TIME_TOTAL:3.404948
TIME_CONNECT:0.275581
SIZE_DOWNLOAD:1309
TIMESTAMP:2025-07-14 11:43:03 UTC
TRIGGER:schedule
