---METADATA---
HTTP_STATUS:200
TIME_TOTAL:3.767674
TIME_CONNECT:0.238312
SIZE_DOWNLOAD:1307
TIMESTAMP:2025-07-14 13:42:19 UTC
TRIGGER:schedule
