---METADATA---
HTTP_STATUS:200
TIME_TOTAL:3.320508
TIME_CONNECT:0.277086
SIZE_DOWNLOAD:1294
TIMESTAMP:2025-07-14 05:14:32 UTC
TRIGGER:schedule
