---METADATA---
HTTP_STATUS:200
TIME_TOTAL:3.771440
TIME_CONNECT:0.296027
SIZE_DOWNLOAD:1293
TIMESTAMP:2025-07-14 21:13:56 UTC
TRIGGER:schedule
