---METADATA---
HTTP_STATUS:200
TIME_TOTAL:3.330483
TIME_CONNECT:0.256938
SIZE_DOWNLOAD:1311
TIMESTAMP:2025-07-14 06:53:39 UTC
TRIGGER:schedule
