---METADATA---
HTTP_STATUS:200
TIME_TOTAL:3.423008
TIME_CONNECT:0.281195
SIZE_DOWNLOAD:1293
TIMESTAMP:2025-07-14 15:16:06 UTC
TRIGGER:schedule
