---METADATA---
HTTP_STATUS:200
TIME_TOTAL:3.374124
TIME_CONNECT:0.270353
SIZE_DOWNLOAD:1293
TIMESTAMP:2025-07-14 18:21:39 UTC
TRIGGER:schedule
