---METADATA---
HTTP_STATUS:200
TIME_TOTAL:3.342255
TIME_CONNECT:0.242934
SIZE_DOWNLOAD:1296
TIMESTAMP:2025-07-14 05:47:26 UTC
TRIGGER:schedule
