---METADATA---
HTTP_STATUS:200
TIME_TOTAL:3.306064
TIME_CONNECT:0.282209
SIZE_DOWNLOAD:1307
TIMESTAMP:2025-07-14 03:51:09 UTC
TRIGGER:schedule
