---METADATA---
HTTP_STATUS:200
TIME_TOTAL:3.402421
TIME_CONNECT:0.275727
SIZE_DOWNLOAD:1309
TIMESTAMP:2025-07-14 11:42:07 UTC
TRIGGER:schedule
