---METADATA---
HTTP_STATUS:200
TIME_TOTAL:3.537545
TIME_CONNECT:0.233379
SIZE_DOWNLOAD:1293
TIMESTAMP:2025-07-14 22:48:40 UTC
TRIGGER:schedule
