---METADATA---
HTTP_STATUS:200
TIME_TOTAL:3.378423
TIME_CONNECT:0.299990
SIZE_DOWNLOAD:1311
TIMESTAMP:2025-07-14 04:53:48 UTC
TRIGGER:schedule
