---METADATA---
HTTP_STATUS:200
TIME_TOTAL:3.386447
TIME_CONNECT:0.277462
SIZE_DOWNLOAD:1309
TIMESTAMP:2025-07-14 07:42:19 UTC
TRIGGER:schedule
