---METADATA---
HTTP_STATUS:200
TIME_TOTAL:3.315242
TIME_CONNECT:0.278444
SIZE_DOWNLOAD:1293
TIMESTAMP:2025-07-14 22:14:01 UTC
TRIGGER:schedule
