---METADATA---
HTTP_STATUS:200
TIME_TOTAL:3.397383
TIME_CONNECT:0.211294
SIZE_DOWNLOAD:1309
TIMESTAMP:2025-07-14 11:21:19 UTC
TRIGGER:schedule
