---METADATA---
HTTP_STATUS:200
TIME_TOTAL:3.598343
TIME_CONNECT:0.237412
SIZE_DOWNLOAD:1293
TIMESTAMP:2025-07-14 15:59:09 UTC
TRIGGER:schedule
