---METADATA---
HTTP_STATUS:200
TIME_TOTAL:3.429354
TIME_CONNECT:0.271016
SIZE_DOWNLOAD:1309
TIMESTAMP:2025-07-14 10:16:41 UTC
TRIGGER:schedule
