---METADATA---
HTTP_STATUS:200
TIME_TOTAL:3.369919
TIME_CONNECT:0.319271
SIZE_DOWNLOAD:1293
TIMESTAMP:2025-07-14 17:51:25 UTC
TRIGGER:schedule
