---METADATA---
HTTP_STATUS:200
TIME_TOTAL:3.418282
TIME_CONNECT:0.263224
SIZE_DOWNLOAD:1293
TIMESTAMP:2025-07-14 16:18:50 UTC
TRIGGER:schedule
