---METADATA---
HTTP_STATUS:200
TIME_TOTAL:3.411267
TIME_CONNECT:0.273366
SIZE_DOWNLOAD:1293
TIMESTAMP:2025-07-14 19:27:14 UTC
TRIGGER:schedule
