---METADATA---
HTTP_STATUS:200
TIME_TOTAL:3.415613
TIME_CONNECT:0.301600
SIZE_DOWNLOAD:1293
TIMESTAMP:2025-07-14 20:42:38 UTC
TRIGGER:schedule
