---METADATA---
HTTP_STATUS:200
TIME_TOTAL:3.609955
TIME_CONNECT:0.319567
SIZE_DOWNLOAD:1296
TIMESTAMP:2025-07-14 05:44:37 UTC
TRIGGER:schedule
