---METADATA---
HTTP_STATUS:200
TIME_TOTAL:3.743361
TIME_CONNECT:0.292260
SIZE_DOWNLOAD:1306
TIMESTAMP:2025-07-14 09:22:02 UTC
TRIGGER:schedule
