---METADATA---
HTTP_STATUS:200
TIME_TOTAL:3.397043
TIME_CONNECT:0.268969
SIZE_DOWNLOAD:1307
TIMESTAMP:2025-07-14 13:23:26 UTC
TRIGGER:schedule
