---METADATA---
HTTP_STATUS:200
TIME_TOTAL:1.065292
TIME_CONNECT:0.275552
SIZE_DOWNLOAD:1293
TIMESTAMP:2025-07-14 23:31:31 UTC
TRIGGER:schedule
