---METADATA---
HTTP_STATUS:200
TIME_TOTAL:3.425937
TIME_CONNECT:0.285990
SIZE_DOWNLOAD:1306
TIMESTAMP:2025-08-03 20:52:08 UTC
TRIGGER:schedule
