---METADATA---
HTTP_STATUS:200
TIME_TOTAL:3.717336
TIME_CONNECT:0.218250
SIZE_DOWNLOAD:1311
TIMESTAMP:2025-08-03 07:14:04 UTC
TRIGGER:schedule
