---METADATA---
HTTP_STATUS:200
TIME_TOTAL:1.132139
TIME_CONNECT:0.269310
SIZE_DOWNLOAD:1311
TIMESTAMP:2025-08-03 11:12:45 UTC
TRIGGER:schedule
