---METADATA---
HTTP_STATUS:200
TIME_TOTAL:3.591939
TIME_CONNECT:0.267736
SIZE_DOWNLOAD:1306
TIMESTAMP:2025-08-03 23:14:26 UTC
TRIGGER:schedule
