---METADATA---
HTTP_STATUS:200
TIME_TOTAL:3.457051
TIME_CONNECT:0.265879
SIZE_DOWNLOAD:1311
TIMESTAMP:2025-08-03 10:49:15 UTC
TRIGGER:schedule
