---METADATA---
HTTP_STATUS:200
TIME_TOTAL:3.550929
TIME_CONNECT:0.283585
SIZE_DOWNLOAD:1311
TIMESTAMP:2025-08-03 08:45:58 UTC
TRIGGER:schedule
