---METADATA---
HTTP_STATUS:200
TIME_TOTAL:3.622653
TIME_CONNECT:0.285825
SIZE_DOWNLOAD:1311
TIMESTAMP:2025-08-03 09:14:25 UTC
TRIGGER:schedule
