---METADATA---
HTTP_STATUS:200
TIME_TOTAL:3.444996
TIME_CONNECT:0.232263
SIZE_DOWNLOAD:1306
TIMESTAMP:2025-08-03 21:57:04 UTC
TRIGGER:schedule
