---METADATA---
HTTP_STATUS:200
TIME_TOTAL:3.563399
TIME_CONNECT:0.352436
SIZE_DOWNLOAD:1311
TIMESTAMP:2025-08-03 10:29:28 UTC
TRIGGER:schedule
