---METADATA---
HTTP_STATUS:200
TIME_TOTAL:3.537189
TIME_CONNECT:0.275826
SIZE_DOWNLOAD:1311
TIMESTAMP:2025-08-03 11:29:46 UTC
TRIGGER:schedule
