---METADATA---
HTTP_STATUS:200
TIME_TOTAL:3.441526
TIME_CONNECT:0.296689
SIZE_DOWNLOAD:1306
TIMESTAMP:2025-08-03 19:39:08 UTC
TRIGGER:schedule
