---METADATA---
HTTP_STATUS:200
TIME_TOTAL:3.527586
TIME_CONNECT:0.286982
SIZE_DOWNLOAD:1306
TIMESTAMP:2025-08-03 22:37:51 UTC
TRIGGER:schedule
