---METADATA---
HTTP_STATUS:200
TIME_TOTAL:1.031078
TIME_CONNECT:0.268396
SIZE_DOWNLOAD:1311
TIMESTAMP:2025-08-03 11:30:18 UTC
TRIGGER:schedule
