---METADATA---
HTTP_STATUS:200
TIME_TOTAL:3.418735
TIME_CONNECT:0.284185
SIZE_DOWNLOAD:1306
TIMESTAMP:2025-08-03 21:22:40 UTC
TRIGGER:schedule
