---METADATA---
HTTP_STATUS:200
TIME_TOTAL:3.566608
TIME_CONNECT:0.235566
SIZE_DOWNLOAD:1306
TIMESTAMP:2025-08-03 14:12:37 UTC
TRIGGER:schedule
