---METADATA---
HTTP_STATUS:200
TIME_TOTAL:3.436558
TIME_CONNECT:0.273776
SIZE_DOWNLOAD:1306
TIMESTAMP:2025-08-03 18:58:18 UTC
TRIGGER:schedule
