---METADATA---
HTTP_STATUS:200
TIME_TOTAL:3.453322
TIME_CONNECT:0.354342
SIZE_DOWNLOAD:1311
TIMESTAMP:2025-08-03 07:32:04 UTC
TRIGGER:schedule
