---METADATA---
HTTP_STATUS:200
TIME_TOTAL:3.574041
TIME_CONNECT:0.272171
SIZE_DOWNLOAD:1306
TIMESTAMP:2025-08-03 17:34:48 UTC
TRIGGER:schedule
