---METADATA---
HTTP_STATUS:200
TIME_TOTAL:3.339774
TIME_CONNECT:0.283831
SIZE_DOWNLOAD:1306
TIMESTAMP:2025-08-03 23:50:41 UTC
TRIGGER:schedule
