---METADATA---
HTTP_STATUS:200
TIME_TOTAL:3.322942
TIME_CONNECT:0.284439
SIZE_DOWNLOAD:1306
TIMESTAMP:2025-08-03 20:16:06 UTC
TRIGGER:schedule
