---METADATA---
HTTP_STATUS:200
TIME_TOTAL:3.612617
TIME_CONNECT:0.335871
SIZE_DOWNLOAD:1311
TIMESTAMP:2025-08-03 12:58:06 UTC
TRIGGER:schedule
