---METADATA---
HTTP_STATUS:200
TIME_TOTAL:3.593725
TIME_CONNECT:0.241977
SIZE_DOWNLOAD:1306
TIMESTAMP:2025-08-03 14:33:52 UTC
TRIGGER:schedule
