---METADATA---
HTTP_STATUS:200
TIME_TOTAL:3.686436
TIME_CONNECT:0.283094
SIZE_DOWNLOAD:1311
TIMESTAMP:2025-08-03 09:34:34 UTC
TRIGGER:schedule
