---METADATA---
HTTP_STATUS:200
TIME_TOTAL:3.567532
TIME_CONNECT:0.274635
SIZE_DOWNLOAD:1311
TIMESTAMP:2025-08-03 06:41:30 UTC
TRIGGER:schedule
