---METADATA---
HTTP_STATUS:200
TIME_TOTAL:3.378811
TIME_CONNECT:0.277790
SIZE_DOWNLOAD:1311
TIMESTAMP:2025-08-03 03:25:47 UTC
TRIGGER:schedule
