---METADATA---
HTTP_STATUS:200
TIME_TOTAL:3.537401
TIME_CONNECT:0.235353
SIZE_DOWNLOAD:1311
TIMESTAMP:2025-08-03 03:14:51 UTC
TRIGGER:schedule
