---METADATA---
HTTP_STATUS:200
TIME_TOTAL:3.624293
TIME_CONNECT:0.277615
SIZE_DOWNLOAD:1306
TIMESTAMP:2025-08-03 15:47:42 UTC
TRIGGER:schedule
