---METADATA---
HTTP_STATUS:200
TIME_TOTAL:3.449086
TIME_CONNECT:0.237754
SIZE_DOWNLOAD:1311
TIMESTAMP:2025-08-03 07:47:45 UTC
TRIGGER:schedule
