---METADATA---
HTTP_STATUS:200
TIME_TOTAL:3.520763
TIME_CONNECT:0.287782
SIZE_DOWNLOAD:1311
TIMESTAMP:2025-08-03 06:51:44 UTC
TRIGGER:schedule
