---METADATA---
HTTP_STATUS:200
TIME_TOTAL:3.779036
TIME_CONNECT:0.348392
SIZE_DOWNLOAD:1306
TIMESTAMP:2025-08-03 22:28:25 UTC
TRIGGER:schedule
