---METADATA---
HTTP_STATUS:200
TIME_TOTAL:3.469912
TIME_CONNECT:0.319091
SIZE_DOWNLOAD:1306
TIMESTAMP:2025-08-03 19:40:37 UTC
TRIGGER:schedule
