---METADATA---
HTTP_STATUS:200
TIME_TOTAL:3.725561
TIME_CONNECT:0.340494
SIZE_DOWNLOAD:1306
TIMESTAMP:2025-08-03 14:50:47 UTC
TRIGGER:schedule
