---METADATA---
HTTP_STATUS:200
TIME_TOTAL:3.587918
TIME_CONNECT:0.386862
SIZE_DOWNLOAD:1306
TIMESTAMP:2025-08-03 18:50:15 UTC
TRIGGER:schedule
