---METADATA---
HTTP_STATUS:200
TIME_TOTAL:3.313440
TIME_CONNECT:0.265960
SIZE_DOWNLOAD:1306
TIMESTAMP:2025-08-03 18:39:19 UTC
TRIGGER:schedule
