---METADATA---
HTTP_STATUS:200
TIME_TOTAL:3.555986
TIME_CONNECT:0.270756
SIZE_DOWNLOAD:1306
TIMESTAMP:2025-08-03 19:48:09 UTC
TRIGGER:schedule
