---METADATA---
HTTP_STATUS:200
TIME_TOTAL:3.521074
TIME_CONNECT:0.276800
SIZE_DOWNLOAD:1306
TIMESTAMP:2025-08-03 23:51:22 UTC
TRIGGER:schedule
