---METADATA---
HTTP_STATUS:200
TIME_TOTAL:3.489458
TIME_CONNECT:0.273197
SIZE_DOWNLOAD:1306
TIMESTAMP:2025-08-03 15:28:24 UTC
TRIGGER:schedule
