---METADATA---
HTTP_STATUS:200
TIME_TOTAL:3.365941
TIME_CONNECT:0.286415
SIZE_DOWNLOAD:1306
TIMESTAMP:2025-08-03 16:55:32 UTC
TRIGGER:schedule
