---METADATA---
HTTP_STATUS:200
TIME_TOTAL:3.519485
TIME_CONNECT:0.281926
SIZE_DOWNLOAD:1311
TIMESTAMP:2025-08-03 06:26:50 UTC
TRIGGER:schedule
