---METADATA---
HTTP_STATUS:200
TIME_TOTAL:3.452810
TIME_CONNECT:0.246086
SIZE_DOWNLOAD:1311
TIMESTAMP:2025-08-03 07:00:31 UTC
TRIGGER:schedule
