---METADATA---
HTTP_STATUS:200
TIME_TOTAL:1.075929
TIME_CONNECT:0.232589
SIZE_DOWNLOAD:1311
TIMESTAMP:2025-08-03 05:59:25 UTC
TRIGGER:schedule
