---METADATA---
HTTP_STATUS:200
TIME_TOTAL:3.684447
TIME_CONNECT:0.278659
SIZE_DOWNLOAD:1311
TIMESTAMP:2025-08-03 09:56:49 UTC
TRIGGER:schedule
