---METADATA---
HTTP_STATUS:200
TIME_TOTAL:3.499979
TIME_CONNECT:0.271497
SIZE_DOWNLOAD:1306
TIMESTAMP:2025-08-03 19:23:46 UTC
TRIGGER:schedule
