---METADATA---
HTTP_STATUS:200
TIME_TOTAL:3.572940
TIME_CONNECT:0.349758
SIZE_DOWNLOAD:1306
TIMESTAMP:2025-08-03 21:42:45 UTC
TRIGGER:schedule
