---METADATA---
HTTP_STATUS:200
TIME_TOTAL:3.522480
TIME_CONNECT:0.240470
SIZE_DOWNLOAD:1311
TIMESTAMP:2025-08-03 08:18:20 UTC
TRIGGER:schedule
