---METADATA---
HTTP_STATUS:200
TIME_TOTAL:3.476364
TIME_CONNECT:0.292139
SIZE_DOWNLOAD:1306
TIMESTAMP:2025-08-03 14:56:58 UTC
TRIGGER:schedule
