---METADATA---
HTTP_STATUS:200
TIME_TOTAL:3.673198
TIME_CONNECT:0.293938
SIZE_DOWNLOAD:1306
TIMESTAMP:2025-08-03 15:59:19 UTC
TRIGGER:schedule
