---METADATA---
HTTP_STATUS:200
TIME_TOTAL:3.532765
TIME_CONNECT:0.274487
SIZE_DOWNLOAD:1311
TIMESTAMP:2025-08-03 05:42:01 UTC
TRIGGER:schedule
