---METADATA---
HTTP_STATUS:200
TIME_TOTAL:3.588782
TIME_CONNECT:0.276254
SIZE_DOWNLOAD:1311
TIMESTAMP:2025-08-03 11:57:04 UTC
TRIGGER:schedule
