---METADATA---
HTTP_STATUS:200
TIME_TOTAL:3.533876
TIME_CONNECT:0.263054
SIZE_DOWNLOAD:1306
TIMESTAMP:2025-08-03 17:22:52 UTC
TRIGGER:schedule
