---METADATA---
HTTP_STATUS:200
TIME_TOTAL:3.372424
TIME_CONNECT:0.287739
SIZE_DOWNLOAD:1311
TIMESTAMP:2025-08-03 07:59:37 UTC
TRIGGER:schedule
