---METADATA---
HTTP_STATUS:200
TIME_TOTAL:3.431245
TIME_CONNECT:0.268244
SIZE_DOWNLOAD:1306
TIMESTAMP:2025-08-03 17:57:19 UTC
TRIGGER:schedule
