---METADATA---
HTTP_STATUS:200
TIME_TOTAL:3.550409
TIME_CONNECT:0.282533
SIZE_DOWNLOAD:1306
TIMESTAMP:2025-08-03 21:13:39 UTC
TRIGGER:schedule
