---METADATA---
HTTP_STATUS:200
TIME_TOTAL:3.591303
TIME_CONNECT:0.264046
SIZE_DOWNLOAD:1306
TIMESTAMP:2025-08-03 14:21:22 UTC
TRIGGER:schedule
