---METADATA---
HTTP_STATUS:200
TIME_TOTAL:1.133974
TIME_CONNECT:0.420709
SIZE_DOWNLOAD:1311
TIMESTAMP:2025-08-03 05:06:31 UTC
TRIGGER:schedule
