---METADATA---
HTTP_STATUS:200
TIME_TOTAL:3.521485
TIME_CONNECT:0.281405
SIZE_DOWNLOAD:1306
TIMESTAMP:2025-08-03 16:47:24 UTC
TRIGGER:schedule
