---METADATA---
HTTP_STATUS:200
TIME_TOTAL:3.605776
TIME_CONNECT:0.241073
SIZE_DOWNLOAD:1306
TIMESTAMP:2025-08-03 19:12:06 UTC
TRIGGER:schedule
