---METADATA---
HTTP_STATUS:200
TIME_TOTAL:3.568331
TIME_CONNECT:0.338956
SIZE_DOWNLOAD:1311
TIMESTAMP:2025-08-03 01:21:55 UTC
TRIGGER:schedule
