---METADATA---
HTTP_STATUS:200
TIME_TOTAL:3.477133
TIME_CONNECT:0.275050
SIZE_DOWNLOAD:1311
TIMESTAMP:2025-08-03 11:48:59 UTC
TRIGGER:schedule
