---METADATA---
HTTP_STATUS:200
TIME_TOTAL:3.669431
TIME_CONNECT:0.302444
SIZE_DOWNLOAD:1306
TIMESTAMP:2025-08-03 22:48:40 UTC
TRIGGER:schedule
