---METADATA---
HTTP_STATUS:200
TIME_TOTAL:1.106698
TIME_CONNECT:0.287450
SIZE_DOWNLOAD:1311
TIMESTAMP:2025-08-03 05:43:00 UTC
TRIGGER:schedule
