---METADATA---
HTTP_STATUS:200
TIME_TOTAL:3.612000
TIME_CONNECT:0.268086
SIZE_DOWNLOAD:1307
TIMESTAMP:2025-08-03 13:10:05 UTC
TRIGGER:schedule
