---METADATA---
HTTP_STATUS:200
TIME_TOTAL:3.649417
TIME_CONNECT:0.315290
SIZE_DOWNLOAD:1311
TIMESTAMP:2025-08-03 00:56:29 UTC
TRIGGER:schedule
