---METADATA---
HTTP_STATUS:200
TIME_TOTAL:3.452213
TIME_CONNECT:0.263790
SIZE_DOWNLOAD:1306
TIMESTAMP:2025-08-03 20:42:22 UTC
TRIGGER:schedule
