---METADATA---
HTTP_STATUS:200
TIME_TOTAL:3.517389
TIME_CONNECT:0.226556
SIZE_DOWNLOAD:1311
TIMESTAMP:2025-08-03 08:55:05 UTC
TRIGGER:schedule
