---METADATA---
HTTP_STATUS:200
TIME_TOTAL:3.509742
TIME_CONNECT:0.224666
SIZE_DOWNLOAD:1306
TIMESTAMP:2025-08-03 15:14:06 UTC
TRIGGER:schedule
