---METADATA---
HTTP_STATUS:200
TIME_TOTAL:3.689552
TIME_CONNECT:0.284240
SIZE_DOWNLOAD:1306
TIMESTAMP:2025-08-03 16:35:23 UTC
TRIGGER:schedule
