---METADATA---
HTTP_STATUS:200
TIME_TOTAL:3.614914
TIME_CONNECT:0.276175
SIZE_DOWNLOAD:1306
TIMESTAMP:2025-08-03 17:51:41 UTC
TRIGGER:schedule
