---METADATA---
HTTP_STATUS:200
TIME_TOTAL:3.552039
TIME_CONNECT:0.281053
SIZE_DOWNLOAD:1306
TIMESTAMP:2025-08-03 14:44:26 UTC
TRIGGER:schedule
