---METADATA---
HTTP_STATUS:200
TIME_TOTAL:1.106237
TIME_CONNECT:0.290916
SIZE_DOWNLOAD:1308
TIMESTAMP:2025-08-03 13:43:28 UTC
TRIGGER:schedule
