---METADATA---
HTTP_STATUS:200
TIME_TOTAL:1.060651
TIME_CONNECT:0.286783
SIZE_DOWNLOAD:1306
TIMESTAMP:2025-08-03 19:27:47 UTC
TRIGGER:schedule
