---METADATA---
HTTP_STATUS:200
TIME_TOTAL:3.490258
TIME_CONNECT:0.273110
SIZE_DOWNLOAD:1306
TIMESTAMP:2025-08-03 23:32:24 UTC
TRIGGER:schedule
