---METADATA---
HTTP_STATUS:200
TIME_TOTAL:3.519225
TIME_CONNECT:0.345543
SIZE_DOWNLOAD:1306
TIMESTAMP:2025-08-03 20:30:58 UTC
TRIGGER:schedule
