---METADATA---
HTTP_STATUS:200
TIME_TOTAL:3.684623
TIME_CONNECT:0.364707
SIZE_DOWNLOAD:1306
TIMESTAMP:2025-08-03 17:13:11 UTC
TRIGGER:schedule
