---METADATA---
HTTP_STATUS:200
TIME_TOTAL:3.444255
TIME_CONNECT:0.284328
SIZE_DOWNLOAD:1306
TIMESTAMP:2025-08-03 13:54:58 UTC
TRIGGER:schedule
