---METADATA---
HTTP_STATUS:200
TIME_TOTAL:3.427691
TIME_CONNECT:0.276570
SIZE_DOWNLOAD:1306
TIMESTAMP:2025-08-03 13:53:55 UTC
TRIGGER:schedule
