---METADATA---
HTTP_STATUS:200
TIME_TOTAL:3.462851
TIME_CONNECT:0.294371
SIZE_DOWNLOAD:1306
TIMESTAMP:2025-08-03 21:32:13 UTC
TRIGGER:schedule
