---METADATA---
HTTP_STATUS:200
TIME_TOTAL:3.495672
TIME_CONNECT:0.277735
SIZE_DOWNLOAD:1311
TIMESTAMP:2025-08-03 04:31:27 UTC
TRIGGER:schedule
