---METADATA---
HTTP_STATUS:200
TIME_TOTAL:3.497608
TIME_CONNECT:0.279295
SIZE_DOWNLOAD:1311
TIMESTAMP:2025-08-03 09:50:55 UTC
TRIGGER:schedule
