---METADATA---
HTTP_STATUS:200
TIME_TOTAL:3.529807
TIME_CONNECT:0.294163
SIZE_DOWNLOAD:1311
TIMESTAMP:2025-08-03 07:30:08 UTC
TRIGGER:schedule
