---METADATA---
HTTP_STATUS:200
TIME_TOTAL:3.477959
TIME_CONNECT:0.277711
SIZE_DOWNLOAD:1311
TIMESTAMP:2025-08-03 09:44:13 UTC
TRIGGER:schedule
