---METADATA---
HTTP_STATUS:200
TIME_TOTAL:3.368769
TIME_CONNECT:0.280558
SIZE_DOWNLOAD:1306
TIMESTAMP:2025-08-03 23:08:29 UTC
TRIGGER:schedule
