---METADATA---
HTTP_STATUS:200
TIME_TOTAL:3.557414
TIME_CONNECT:0.292042
SIZE_DOWNLOAD:1306
TIMESTAMP:2025-08-03 21:49:37 UTC
TRIGGER:schedule
