---METADATA---
HTTP_STATUS:200
TIME_TOTAL:3.727594
TIME_CONNECT:0.574298
SIZE_DOWNLOAD:1311
TIMESTAMP:2025-08-03 07:48:39 UTC
TRIGGER:schedule
