---METADATA---
HTTP_STATUS:200
TIME_TOTAL:3.481179
TIME_CONNECT:0.280926
SIZE_DOWNLOAD:1306
TIMESTAMP:2025-08-03 18:20:09 UTC
TRIGGER:schedule
