---METADATA---
HTTP_STATUS:200
TIME_TOTAL:3.534780
TIME_CONNECT:0.270595
SIZE_DOWNLOAD:1306
TIMESTAMP:2025-08-03 16:17:10 UTC
TRIGGER:schedule
