---METADATA---
HTTP_STATUS:200
TIME_TOTAL:3.472184
TIME_CONNECT:0.242622
SIZE_DOWNLOAD:1311
TIMESTAMP:2025-08-03 10:14:37 UTC
TRIGGER:schedule
