---METADATA---
HTTP_STATUS:200
TIME_TOTAL:3.193015
TIME_CONNECT:0.280092
SIZE_DOWNLOAD:1306
TIMESTAMP:2025-08-03 19:57:13 UTC
TRIGGER:schedule
