---METADATA---
HTTP_STATUS:200
TIME_TOTAL:3.417126
TIME_CONNECT:0.242167
SIZE_DOWNLOAD:1311
TIMESTAMP:2025-08-03 04:28:17 UTC
TRIGGER:schedule
