---METADATA---
HTTP_STATUS:200
TIME_TOTAL:3.520959
TIME_CONNECT:0.289421
SIZE_DOWNLOAD:1307
TIMESTAMP:2025-08-03 13:38:08 UTC
TRIGGER:schedule
