---METADATA---
HTTP_STATUS:200
TIME_TOTAL:3.339784
TIME_CONNECT:0.310107
SIZE_DOWNLOAD:1306
TIMESTAMP:2025-08-03 20:53:40 UTC
TRIGGER:schedule
