---METADATA---
HTTP_STATUS:200
TIME_TOTAL:3.573148
TIME_CONNECT:0.287018
SIZE_DOWNLOAD:1311
TIMESTAMP:2025-08-03 10:52:53 UTC
TRIGGER:schedule
