---METADATA---
HTTP_STATUS:200
TIME_TOTAL:3.403938
TIME_CONNECT:0.275171
SIZE_DOWNLOAD:1306
TIMESTAMP:2025-08-03 23:33:29 UTC
TRIGGER:schedule
