---METADATA---
HTTP_STATUS:200
TIME_TOTAL:4.385711
TIME_CONNECT:0.797001
SIZE_DOWNLOAD:1311
TIMESTAMP:2025-08-03 11:44:56 UTC
TRIGGER:schedule
