---METADATA---
HTTP_STATUS:200
TIME_TOTAL:3.523163
TIME_CONNECT:0.227857
SIZE_DOWNLOAD:1306
TIMESTAMP:2025-08-03 15:35:04 UTC
TRIGGER:schedule
