---METADATA---
HTTP_STATUS:200
TIME_TOTAL:3.585536
TIME_CONNECT:0.289953
SIZE_DOWNLOAD:1306
TIMESTAMP:2025-08-03 22:14:00 UTC
TRIGGER:schedule
