---METADATA---
HTTP_STATUS:200
TIME_TOTAL:3.253626
TIME_CONNECT:0.277718
SIZE_DOWNLOAD:1311
TIMESTAMP:2025-08-03 10:40:22 UTC
TRIGGER:schedule
