---METADATA---
HTTP_STATUS:200
TIME_TOTAL:3.598071
TIME_CONNECT:0.273591
SIZE_DOWNLOAD:1311
TIMESTAMP:2025-08-03 08:35:44 UTC
TRIGGER:schedule
