---METADATA---
HTTP_STATUS:200
TIME_TOTAL:4.603163
TIME_CONNECT:1.404242
SIZE_DOWNLOAD:1311
TIMESTAMP:2025-08-03 12:28:49 UTC
TRIGGER:schedule
