---METADATA---
HTTP_STATUS:200
TIME_TOTAL:3.505388
TIME_CONNECT:0.276181
SIZE_DOWNLOAD:1311
TIMESTAMP:2025-08-03 11:08:22 UTC
TRIGGER:schedule
