---METADATA---
HTTP_STATUS:200
TIME_TOTAL:3.563076
TIME_CONNECT:0.272842
SIZE_DOWNLOAD:1311
TIMESTAMP:2025-08-03 05:56:52 UTC
TRIGGER:schedule
