---METADATA---
HTTP_STATUS:200
TIME_TOTAL:3.553134
TIME_CONNECT:0.288201
SIZE_DOWNLOAD:1311
TIMESTAMP:2025-08-03 09:24:49 UTC
TRIGGER:schedule
