---METADATA---
HTTP_STATUS:200
TIME_TOTAL:3.550604
TIME_CONNECT:0.271552
SIZE_DOWNLOAD:1306
TIMESTAMP:2025-08-03 22:53:06 UTC
TRIGGER:schedule
