---METADATA---
HTTP_STATUS:200
TIME_TOTAL:3.515369
TIME_CONNECT:0.325571
SIZE_DOWNLOAD:1311
TIMESTAMP:2025-08-03 05:04:13 UTC
TRIGGER:schedule
