---METADATA---
HTTP_STATUS:200
TIME_TOTAL:3.460730
TIME_CONNECT:0.293126
SIZE_DOWNLOAD:1294
TIMESTAMP:2025-07-28 23:42:32 UTC
TRIGGER:schedule
