---METADATA---
HTTP_STATUS:200
TIME_TOTAL:3.510769
TIME_CONNECT:0.288544
SIZE_DOWNLOAD:1298
TIMESTAMP:2025-07-28 06:38:38 UTC
TRIGGER:schedule
