---METADATA---
HTTP_STATUS:200
TIME_TOTAL:3.555219
TIME_CONNECT:0.248399
SIZE_DOWNLOAD:1294
TIMESTAMP:2025-07-28 14:47:26 UTC
TRIGGER:schedule
