---METADATA---
HTTP_STATUS:200
TIME_TOTAL:3.644812
TIME_CONNECT:0.277749
SIZE_DOWNLOAD:1305
TIMESTAMP:2025-07-28 11:21:49 UTC
TRIGGER:schedule
