---METADATA---
HTTP_STATUS:200
TIME_TOTAL:3.329535
TIME_CONNECT:0.232617
SIZE_DOWNLOAD:1294
TIMESTAMP:2025-07-28 11:13:27 UTC
TRIGGER:schedule
