---METADATA---
HTTP_STATUS:200
TIME_TOTAL:3.558164
TIME_CONNECT:0.227536
SIZE_DOWNLOAD:1294
TIMESTAMP:2025-07-28 13:50:15 UTC
TRIGGER:schedule
