---METADATA---
HTTP_STATUS:200
TIME_TOTAL:3.479087
TIME_CONNECT:0.278046
SIZE_DOWNLOAD:1294
TIMESTAMP:2025-07-28 22:41:50 UTC
TRIGGER:schedule
