---METADATA---
HTTP_STATUS:200
TIME_TOTAL:3.588573
TIME_CONNECT:0.290899
SIZE_DOWNLOAD:1307
TIMESTAMP:2025-07-28 13:26:04 UTC
TRIGGER:schedule
