---METADATA---
HTTP_STATUS:200
TIME_TOTAL:3.573876
TIME_CONNECT:0.306729
SIZE_DOWNLOAD:1307
TIMESTAMP:2025-07-28 09:40:52 UTC
TRIGGER:schedule
