---METADATA---
HTTP_STATUS:200
TIME_TOTAL:3.516467
TIME_CONNECT:0.291352
SIZE_DOWNLOAD:1307
TIMESTAMP:2025-07-28 10:16:52 UTC
TRIGGER:schedule
