---METADATA---
HTTP_STATUS:200
TIME_TOTAL:3.576263
TIME_CONNECT:0.293141
SIZE_DOWNLOAD:1294
TIMESTAMP:2025-07-28 07:52:09 UTC
TRIGGER:schedule
