---METADATA---
HTTP_STATUS:200
TIME_TOTAL:1.072668
TIME_CONNECT:0.282723
SIZE_DOWNLOAD:1294
TIMESTAMP:2025-07-28 23:46:25 UTC
TRIGGER:schedule
