---METADATA---
HTTP_STATUS:200
TIME_TOTAL:3.433721
TIME_CONNECT:0.282127
SIZE_DOWNLOAD:1306
TIMESTAMP:2025-07-28 07:36:03 UTC
TRIGGER:schedule
