---METADATA---
HTTP_STATUS:200
TIME_TOTAL:3.510212
TIME_CONNECT:0.294329
SIZE_DOWNLOAD:1294
TIMESTAMP:2025-07-28 23:16:29 UTC
TRIGGER:schedule
