---METADATA---
HTTP_STATUS:200
TIME_TOTAL:3.412843
TIME_CONNECT:0.279320
SIZE_DOWNLOAD:1294
TIMESTAMP:2025-07-28 16:53:47 UTC
TRIGGER:schedule
