---METADATA---
HTTP_STATUS:200
TIME_TOTAL:3.474433
TIME_CONNECT:0.280607
SIZE_DOWNLOAD:1305
TIMESTAMP:2025-07-28 11:43:14 UTC
TRIGGER:schedule
