---METADATA---
HTTP_STATUS:200
TIME_TOTAL:3.348044
TIME_CONNECT:0.275613
SIZE_DOWNLOAD:1294
TIMESTAMP:2025-07-28 20:17:13 UTC
TRIGGER:schedule
