---METADATA---
HTTP_STATUS:200
TIME_TOTAL:3.509088
TIME_CONNECT:0.243905
SIZE_DOWNLOAD:1294
TIMESTAMP:2025-07-28 21:57:05 UTC
TRIGGER:schedule
