---METADATA---
HTTP_STATUS:200
TIME_TOTAL:3.443593
TIME_CONNECT:0.275147
SIZE_DOWNLOAD:1306
TIMESTAMP:2025-07-28 05:02:55 UTC
TRIGGER:schedule
