---METADATA---
HTTP_STATUS:200
TIME_TOTAL:3.495969
TIME_CONNECT:0.305184
SIZE_DOWNLOAD:1305
TIMESTAMP:2025-07-28 11:49:34 UTC
TRIGGER:schedule
