---METADATA---
HTTP_STATUS:200
TIME_TOTAL:3.336976
TIME_CONNECT:0.231556
SIZE_DOWNLOAD:1294
TIMESTAMP:2025-07-28 20:55:58 UTC
TRIGGER:schedule
