---METADATA---
HTTP_STATUS:200
TIME_TOTAL:3.437578
TIME_CONNECT:0.230800
SIZE_DOWNLOAD:1294
TIMESTAMP:2025-07-28 19:44:45 UTC
TRIGGER:schedule
