---METADATA---
HTTP_STATUS:200
TIME_TOTAL:3.608827
TIME_CONNECT:0.270911
SIZE_DOWNLOAD:1294
TIMESTAMP:2025-07-28 18:43:33 UTC
TRIGGER:schedule
