---METADATA---
HTTP_STATUS:200
TIME_TOTAL:3.446679
TIME_CONNECT:0.289750
SIZE_DOWNLOAD:1307
TIMESTAMP:2025-07-28 08:52:08 UTC
TRIGGER:schedule
