---METADATA---
HTTP_STATUS:200
TIME_TOTAL:3.486495
TIME_CONNECT:0.299016
SIZE_DOWNLOAD:1294
TIMESTAMP:2025-07-28 07:41:47 UTC
TRIGGER:schedule
