---METADATA---
HTTP_STATUS:200
TIME_TOTAL:3.547193
TIME_CONNECT:0.240701
SIZE_DOWNLOAD:1294
TIMESTAMP:2025-07-28 05:56:34 UTC
TRIGGER:schedule
