---METADATA---
HTTP_STATUS:200
TIME_TOTAL:3.440261
TIME_CONNECT:0.268756
SIZE_DOWNLOAD:1294
TIMESTAMP:2025-07-28 17:13:46 UTC
TRIGGER:schedule
