---METADATA---
HTTP_STATUS:200
TIME_TOTAL:3.460239
TIME_CONNECT:0.283034
SIZE_DOWNLOAD:1294
TIMESTAMP:2025-07-28 14:18:52 UTC
TRIGGER:schedule
