---METADATA---
HTTP_STATUS:200
TIME_TOTAL:3.472880
TIME_CONNECT:0.296071
SIZE_DOWNLOAD:1294
TIMESTAMP:2025-07-28 15:44:29 UTC
TRIGGER:schedule
