---METADATA---
HTTP_STATUS:200
TIME_TOTAL:3.393809
TIME_CONNECT:0.278090
SIZE_DOWNLOAD:1294
TIMESTAMP:2025-07-28 23:25:45 UTC
TRIGGER:schedule
