---METADATA---
HTTP_STATUS:200
TIME_TOTAL:3.629412
TIME_CONNECT:0.270459
SIZE_DOWNLOAD:1307
TIMESTAMP:2025-07-28 10:34:53 UTC
TRIGGER:schedule
