---METADATA---
HTTP_STATUS:200
TIME_TOTAL:3.374955
TIME_CONNECT:0.266939
SIZE_DOWNLOAD:1309
TIMESTAMP:2025-07-28 07:14:17 UTC
TRIGGER:schedule
