---METADATA---
HTTP_STATUS:200
TIME_TOTAL:3.494717
TIME_CONNECT:0.213763
SIZE_DOWNLOAD:1311
TIMESTAMP:2025-07-28 04:28:27 UTC
TRIGGER:schedule
