---METADATA---
HTTP_STATUS:200
TIME_TOTAL:3.230914
TIME_CONNECT:0.241620
SIZE_DOWNLOAD:1305
TIMESTAMP:2025-07-28 12:31:36 UTC
TRIGGER:schedule
