---METADATA---
HTTP_STATUS:200
TIME_TOTAL:3.430787
TIME_CONNECT:0.283992
SIZE_DOWNLOAD:1294
TIMESTAMP:2025-07-28 22:55:47 UTC
TRIGGER:schedule
