---METADATA---
HTTP_STATUS:200
TIME_TOTAL:3.547575
TIME_CONNECT:0.288770
SIZE_DOWNLOAD:1309
TIMESTAMP:2025-07-28 08:22:27 UTC
TRIGGER:schedule
