---METADATA---
HTTP_STATUS:200
TIME_TOTAL:3.657779
TIME_CONNECT:0.271909
SIZE_DOWNLOAD:1305
TIMESTAMP:2025-07-28 11:30:56 UTC
TRIGGER:schedule
