---METADATA---
HTTP_STATUS:200
TIME_TOTAL:3.673418
TIME_CONNECT:0.278555
SIZE_DOWNLOAD:1307
TIMESTAMP:2025-07-28 08:40:03 UTC
TRIGGER:schedule
