---METADATA---
HTTP_STATUS:200
TIME_TOTAL:3.130449
TIME_CONNECT:0.214974
SIZE_DOWNLOAD:1294
TIMESTAMP:2025-07-28 05:44:49 UTC
TRIGGER:schedule
