---METADATA---
HTTP_STATUS:200
TIME_TOTAL:1.074023
TIME_CONNECT:0.267620
SIZE_DOWNLOAD:1294
TIMESTAMP:2025-07-28 17:43:21 UTC
TRIGGER:schedule
