---METADATA---
HTTP_STATUS:200
TIME_TOTAL:3.365090
TIME_CONNECT:0.231173
SIZE_DOWNLOAD:1294
TIMESTAMP:2025-07-28 20:53:41 UTC
TRIGGER:schedule
