---METADATA---
HTTP_STATUS:200
TIME_TOTAL:3.302406
TIME_CONNECT:0.215575
SIZE_DOWNLOAD:1315
TIMESTAMP:2025-07-28 03:58:26 UTC
TRIGGER:schedule
