---METADATA---
HTTP_STATUS:200
TIME_TOTAL:3.339285
TIME_CONNECT:0.262540
SIZE_DOWNLOAD:1294
TIMESTAMP:2025-07-28 22:54:29 UTC
TRIGGER:schedule
