---METADATA---
HTTP_STATUS:200
TIME_TOTAL:3.548820
TIME_CONNECT:0.277773
SIZE_DOWNLOAD:1294
TIMESTAMP:2025-07-28 15:48:41 UTC
TRIGGER:schedule
