---METADATA---
HTTP_STATUS:200
TIME_TOTAL:3.541881
TIME_CONNECT:0.300064
SIZE_DOWNLOAD:1305
TIMESTAMP:2025-07-28 11:57:06 UTC
TRIGGER:schedule
