---METADATA---
HTTP_STATUS:200
TIME_TOTAL:3.446283
TIME_CONNECT:0.307627
SIZE_DOWNLOAD:1296
TIMESTAMP:2025-07-28 10:54:59 UTC
TRIGGER:schedule
