---METADATA---
HTTP_STATUS:200
TIME_TOTAL:3.516357
TIME_CONNECT:0.294211
SIZE_DOWNLOAD:1294
TIMESTAMP:2025-07-28 20:32:32 UTC
TRIGGER:schedule
