---METADATA---
HTTP_STATUS:200
TIME_TOTAL:1.157982
TIME_CONNECT:0.285666
SIZE_DOWNLOAD:1294
TIMESTAMP:2025-07-28 19:49:23 UTC
TRIGGER:schedule
