---METADATA---
HTTP_STATUS:200
TIME_TOTAL:3.375611
TIME_CONNECT:0.264682
SIZE_DOWNLOAD:1294
TIMESTAMP:2025-07-28 23:53:59 UTC
TRIGGER:schedule
