---METADATA---
HTTP_STATUS:200
TIME_TOTAL:3.424739
TIME_CONNECT:0.284967
SIZE_DOWNLOAD:1294
TIMESTAMP:2025-07-28 14:51:13 UTC
TRIGGER:schedule
