---METADATA---
HTTP_STATUS:200
TIME_TOTAL:1.097920
TIME_CONNECT:0.289089
SIZE_DOWNLOAD:1294
TIMESTAMP:2025-07-28 19:31:41 UTC
TRIGGER:schedule
