---METADATA---
HTTP_STATUS:200
TIME_TOTAL:3.580236
TIME_CONNECT:0.239996
SIZE_DOWNLOAD:1307
TIMESTAMP:2025-07-28 09:01:42 UTC
TRIGGER:schedule
