---METADATA---
HTTP_STATUS:200
TIME_TOTAL:3.406291
TIME_CONNECT:0.214424
SIZE_DOWNLOAD:1294
TIMESTAMP:2025-07-28 04:53:04 UTC
TRIGGER:schedule
