---METADATA---
HTTP_STATUS:200
TIME_TOTAL:3.538410
TIME_CONNECT:0.262834
SIZE_DOWNLOAD:1307
TIMESTAMP:2025-07-28 09:47:54 UTC
TRIGGER:schedule
