---METADATA---
HTTP_STATUS:200
TIME_TOTAL:3.341252
TIME_CONNECT:0.267483
SIZE_DOWNLOAD:1294
TIMESTAMP:2025-07-28 21:39:33 UTC
TRIGGER:schedule
