---METADATA---
HTTP_STATUS:200
TIME_TOTAL:3.519191
TIME_CONNECT:0.278294
SIZE_DOWNLOAD:1294
TIMESTAMP:2025-07-28 17:57:15 UTC
TRIGGER:schedule
