---METADATA---
HTTP_STATUS:200
TIME_TOTAL:3.306945
TIME_CONNECT:0.271489
SIZE_DOWNLOAD:1294
TIMESTAMP:2025-07-28 15:27:50 UTC
TRIGGER:schedule
