---METADATA---
HTTP_STATUS:200
TIME_TOTAL:3.444988
TIME_CONNECT:0.286600
SIZE_DOWNLOAD:1294
TIMESTAMP:2025-07-28 20:43:54 UTC
TRIGGER:schedule
