---METADATA---
HTTP_STATUS:200
TIME_TOTAL:3.386174
TIME_CONNECT:0.278035
SIZE_DOWNLOAD:1294
TIMESTAMP:2025-07-28 03:20:38 UTC
TRIGGER:schedule
