---METADATA---
HTTP_STATUS:200
TIME_TOTAL:3.472814
TIME_CONNECT:0.269140
SIZE_DOWNLOAD:1294
TIMESTAMP:2025-07-28 22:30:18 UTC
TRIGGER:schedule
