---METADATA---
HTTP_STATUS:200
TIME_TOTAL:3.507001
TIME_CONNECT:0.282252
SIZE_DOWNLOAD:1294
TIMESTAMP:2025-07-28 19:08:49 UTC
TRIGGER:schedule
