---METADATA---
HTTP_STATUS:200
TIME_TOTAL:3.465977
TIME_CONNECT:0.270516
SIZE_DOWNLOAD:1294
TIMESTAMP:2025-07-28 17:40:52 UTC
TRIGGER:schedule
