---METADATA---
HTTP_STATUS:200
TIME_TOTAL:3.487898
TIME_CONNECT:0.291633
SIZE_DOWNLOAD:1294
TIMESTAMP:2025-07-28 21:16:06 UTC
TRIGGER:schedule
