---METADATA---
HTTP_STATUS:200
TIME_TOTAL:3.418729
TIME_CONNECT:0.281631
SIZE_DOWNLOAD:1294
TIMESTAMP:2025-07-28 21:43:23 UTC
TRIGGER:schedule
