---METADATA---
HTTP_STATUS:200
TIME_TOTAL:3.520722
TIME_CONNECT:0.276448
SIZE_DOWNLOAD:1294
TIMESTAMP:2025-07-28 19:14:55 UTC
TRIGGER:schedule
