---METADATA---
HTTP_STATUS:200
TIME_TOTAL:3.521121
TIME_CONNECT:0.275090
SIZE_DOWNLOAD:1307
TIMESTAMP:2025-07-28 09:22:32 UTC
TRIGGER:schedule
