---METADATA---
HTTP_STATUS:200
TIME_TOTAL:1.083417
TIME_CONNECT:0.276600
SIZE_DOWNLOAD:1294
TIMESTAMP:2025-07-28 23:58:25 UTC
TRIGGER:schedule
