---METADATA---
HTTP_STATUS:200
TIME_TOTAL:3.341844
TIME_CONNECT:0.276317
SIZE_DOWNLOAD:1294
TIMESTAMP:2025-07-28 15:16:40 UTC
TRIGGER:schedule
