---METADATA---
HTTP_STATUS:200
TIME_TOTAL:3.384818
TIME_CONNECT:0.277201
SIZE_DOWNLOAD:1309
TIMESTAMP:2025-07-28 06:45:43 UTC
TRIGGER:schedule
