---METADATA---
HTTP_STATUS:200
TIME_TOTAL:1.111538
TIME_CONNECT:0.276817
SIZE_DOWNLOAD:1294
TIMESTAMP:2025-07-28 07:56:58 UTC
TRIGGER:schedule
