---METADATA---
HTTP_STATUS:200
TIME_TOTAL:3.421023
TIME_CONNECT:0.243810
SIZE_DOWNLOAD:1296
TIMESTAMP:2025-07-28 01:19:12 UTC
TRIGGER:schedule
