---METADATA---
HTTP_STATUS:200
TIME_TOTAL:1.081832
TIME_CONNECT:0.288902
SIZE_DOWNLOAD:1294
TIMESTAMP:2025-07-28 17:17:40 UTC
TRIGGER:schedule
