---METADATA---
HTTP_STATUS:200
TIME_TOTAL:3.351624
TIME_CONNECT:0.264028
SIZE_DOWNLOAD:1294
TIMESTAMP:2025-07-28 17:54:12 UTC
TRIGGER:schedule
