---METADATA---
HTTP_STATUS:200
TIME_TOTAL:3.493337
TIME_CONNECT:0.250420
SIZE_DOWNLOAD:1307
TIMESTAMP:2025-07-28 10:48:10 UTC
TRIGGER:schedule
