---METADATA---
HTTP_STATUS:200
TIME_TOTAL:3.456036
TIME_CONNECT:0.235315
SIZE_DOWNLOAD:1294
TIMESTAMP:2025-07-28 18:22:26 UTC
TRIGGER:schedule
