---METADATA---
HTTP_STATUS:200
TIME_TOTAL:3.279915
TIME_CONNECT:0.288649
SIZE_DOWNLOAD:1307
TIMESTAMP:2025-07-28 07:01:35 UTC
TRIGGER:schedule
