---METADATA---
HTTP_STATUS:200
TIME_TOTAL:3.243271
TIME_CONNECT:0.275925
SIZE_DOWNLOAD:1294
TIMESTAMP:2025-07-28 15:57:04 UTC
TRIGGER:schedule
