---METADATA---
HTTP_STATUS:200
TIME_TOTAL:3.578202
TIME_CONNECT:0.296542
SIZE_DOWNLOAD:1294
TIMESTAMP:2025-07-28 16:49:09 UTC
TRIGGER:schedule
