---METADATA---
HTTP_STATUS:200
TIME_TOTAL:3.590080
TIME_CONNECT:0.284715
SIZE_DOWNLOAD:1307
TIMESTAMP:2025-07-28 05:31:50 UTC
TRIGGER:schedule
