---METADATA---
HTTP_STATUS:200
TIME_TOTAL:3.390955
TIME_CONNECT:0.275729
SIZE_DOWNLOAD:1294
TIMESTAMP:2025-07-28 18:53:32 UTC
TRIGGER:schedule
