---METADATA---
HTTP_STATUS:200
TIME_TOTAL:3.514078
TIME_CONNECT:0.280213
SIZE_DOWNLOAD:1294
TIMESTAMP:2025-07-28 14:26:19 UTC
TRIGGER:schedule
