---METADATA---
HTTP_STATUS:200
TIME_TOTAL:3.349412
TIME_CONNECT:0.243369
SIZE_DOWNLOAD:1292
TIMESTAMP:2025-07-28 13:01:28 UTC
TRIGGER:schedule
