---METADATA---
HTTP_STATUS:200
TIME_TOTAL:3.558840
TIME_CONNECT:0.292781
SIZE_DOWNLOAD:1294
TIMESTAMP:2025-07-28 02:32:12 UTC
TRIGGER:schedule
