---METADATA---
HTTP_STATUS:200
TIME_TOTAL:3.378370
TIME_CONNECT:0.279544
SIZE_DOWNLOAD:1294
TIMESTAMP:2025-07-28 22:14:48 UTC
TRIGGER:schedule
