---METADATA---
HTTP_STATUS:200
TIME_TOTAL:3.441298
TIME_CONNECT:0.270977
SIZE_DOWNLOAD:1294
TIMESTAMP:2025-07-28 19:56:45 UTC
TRIGGER:schedule
