---METADATA---
HTTP_STATUS:200
TIME_TOTAL:3.457369
TIME_CONNECT:0.281637
SIZE_DOWNLOAD:1307
TIMESTAMP:2025-07-28 09:58:38 UTC
TRIGGER:schedule
