---METADATA---
HTTP_STATUS:200
TIME_TOTAL:1.146592
TIME_CONNECT:0.297054
SIZE_DOWNLOAD:1294
TIMESTAMP:2025-07-28 13:55:44 UTC
TRIGGER:schedule
