---METADATA---
HTTP_STATUS:200
TIME_TOTAL:3.347560
TIME_CONNECT:0.283094
SIZE_DOWNLOAD:1294
TIMESTAMP:2025-07-28 16:26:41 UTC
TRIGGER:schedule
