---METADATA---
HTTP_STATUS:200
TIME_TOTAL:3.435640
TIME_CONNECT:0.278080
SIZE_DOWNLOAD:1294
TIMESTAMP:2025-07-28 21:50:06 UTC
TRIGGER:schedule
