---METADATA---
HTTP_STATUS:200
TIME_TOTAL:3.325098
TIME_CONNECT:0.276299
SIZE_DOWNLOAD:1294
TIMESTAMP:2025-07-28 16:11:25 UTC
TRIGGER:schedule
