---METADATA---
HTTP_STATUS:200
TIME_TOTAL:3.500901
TIME_CONNECT:0.287876
SIZE_DOWNLOAD:1294
TIMESTAMP:2025-07-28 05:58:45 UTC
TRIGGER:schedule
