---METADATA---
HTTP_STATUS:200
TIME_TOTAL:3.283502
TIME_CONNECT:0.273359
SIZE_DOWNLOAD:1294
TIMESTAMP:2025-07-28 21:22:38 UTC
TRIGGER:schedule
