---METADATA---
HTTP_STATUS:200
TIME_TOTAL:3.368163
TIME_CONNECT:0.259147
SIZE_DOWNLOAD:1294
TIMESTAMP:2025-08-18 08:21:41 UTC
TRIGGER:schedule
