---METADATA---
HTTP_STATUS:200
TIME_TOTAL:1.004580
TIME_CONNECT:0.242203
SIZE_DOWNLOAD:1294
TIMESTAMP:2025-08-18 08:49:37 UTC
TRIGGER:schedule
