---METADATA---
HTTP_STATUS:200
TIME_TOTAL:3.369984
TIME_CONNECT:0.242254
SIZE_DOWNLOAD:1303
TIMESTAMP:2025-08-18 22:24:17 UTC
TRIGGER:schedule
