---METADATA---
HTTP_STATUS:200
TIME_TOTAL:3.696581
TIME_CONNECT:0.264219
SIZE_DOWNLOAD:1294
TIMESTAMP:2025-08-18 03:48:54 UTC
TRIGGER:schedule
