---METADATA---
HTTP_STATUS:200
TIME_TOTAL:3.526918
TIME_CONNECT:0.246071
SIZE_DOWNLOAD:1303
TIMESTAMP:2025-08-18 21:48:10 UTC
TRIGGER:schedule
