---METADATA---
HTTP_STATUS:200
TIME_TOTAL:3.519381
TIME_CONNECT:0.345833
SIZE_DOWNLOAD:1294
TIMESTAMP:2025-08-18 05:33:28 UTC
TRIGGER:schedule
