---METADATA---
HTTP_STATUS:200
TIME_TOTAL:3.707666
TIME_CONNECT:0.278435
SIZE_DOWNLOAD:1294
TIMESTAMP:2025-08-18 09:12:45 UTC
TRIGGER:schedule
