---METADATA---
HTTP_STATUS:200
TIME_TOTAL:3.578198
TIME_CONNECT:0.295145
SIZE_DOWNLOAD:1294
TIMESTAMP:2025-08-18 07:50:35 UTC
TRIGGER:schedule
