---METADATA---
HTTP_STATUS:200
TIME_TOTAL:3.426160
TIME_CONNECT:0.241227
SIZE_DOWNLOAD:1294
TIMESTAMP:2025-08-18 05:45:21 UTC
TRIGGER:schedule
