---METADATA---
HTTP_STATUS:200
TIME_TOTAL:3.654600
TIME_CONNECT:0.280943
SIZE_DOWNLOAD:1294
TIMESTAMP:2025-08-18 10:53:04 UTC
TRIGGER:schedule
