---METADATA---
HTTP_STATUS:200
TIME_TOTAL:3.576273
TIME_CONNECT:0.280433
SIZE_DOWNLOAD:1294
TIMESTAMP:2025-08-18 06:54:20 UTC
TRIGGER:schedule
