---METADATA---
HTTP_STATUS:200
TIME_TOTAL:3.423539
TIME_CONNECT:0.276987
SIZE_DOWNLOAD:1303
TIMESTAMP:2025-08-18 19:26:35 UTC
TRIGGER:schedule
