---METADATA---
HTTP_STATUS:200
TIME_TOTAL:3.472467
TIME_CONNECT:0.253567
SIZE_DOWNLOAD:1292
TIMESTAMP:2025-08-18 01:14:58 UTC
TRIGGER:schedule
