---METADATA---
HTTP_STATUS:200
TIME_TOTAL:1.099059
TIME_CONNECT:0.282558
SIZE_DOWNLOAD:1294
TIMESTAMP:2025-08-18 09:57:13 UTC
TRIGGER:schedule
