---METADATA---
HTTP_STATUS:200
TIME_TOTAL:3.631025
TIME_CONNECT:0.300923
SIZE_DOWNLOAD:1305
TIMESTAMP:2025-08-18 15:18:34 UTC
TRIGGER:schedule
