---METADATA---
HTTP_STATUS:200
TIME_TOTAL:3.406267
TIME_CONNECT:0.280662
SIZE_DOWNLOAD:1303
TIMESTAMP:2025-08-18 23:40:31 UTC
TRIGGER:schedule
