---METADATA---
HTTP_STATUS:200
TIME_TOTAL:3.509191
TIME_CONNECT:0.297258
SIZE_DOWNLOAD:1294
TIMESTAMP:2025-08-18 07:41:19 UTC
TRIGGER:schedule
