---METADATA---
HTTP_STATUS:200
TIME_TOTAL:3.479311
TIME_CONNECT:0.283870
SIZE_DOWNLOAD:1305
TIMESTAMP:2025-08-18 15:42:29 UTC
TRIGGER:schedule
