---METADATA---
HTTP_STATUS:200
TIME_TOTAL:3.361543
TIME_CONNECT:0.267491
SIZE_DOWNLOAD:1303
TIMESTAMP:2025-08-18 21:57:11 UTC
TRIGGER:schedule
