---METADATA---
HTTP_STATUS:200
TIME_TOTAL:3.569334
TIME_CONNECT:0.241659
SIZE_DOWNLOAD:1305
TIMESTAMP:2025-08-18 14:15:37 UTC
TRIGGER:schedule
