---METADATA---
HTTP_STATUS:200
TIME_TOTAL:3.739116
TIME_CONNECT:0.452098
SIZE_DOWNLOAD:1292
TIMESTAMP:2025-08-18 12:30:34 UTC
TRIGGER:schedule
