---METADATA---
HTTP_STATUS:200
TIME_TOTAL:4.083673
TIME_CONNECT:0.245799
SIZE_DOWNLOAD:1294
TIMESTAMP:2025-08-18 06:24:10 UTC
TRIGGER:schedule
