---METADATA---
HTTP_STATUS:200
TIME_TOTAL:3.259885
TIME_CONNECT:0.295768
SIZE_DOWNLOAD:1303
TIMESTAMP:2025-08-18 17:57:34 UTC
TRIGGER:schedule
