---METADATA---
HTTP_STATUS:200
TIME_TOTAL:3.282929
TIME_CONNECT:0.214751
SIZE_DOWNLOAD:1303
TIMESTAMP:2025-08-18 16:56:55 UTC
TRIGGER:schedule
