---METADATA---
HTTP_STATUS:200
TIME_TOTAL:3.561481
TIME_CONNECT:0.248069
SIZE_DOWNLOAD:1305
TIMESTAMP:2025-08-18 15:46:55 UTC
TRIGGER:schedule
