---METADATA---
HTTP_STATUS:200
TIME_TOTAL:3.460072
TIME_CONNECT:0.277818
SIZE_DOWNLOAD:1305
TIMESTAMP:2025-08-18 15:53:24 UTC
TRIGGER:schedule
