---METADATA---
HTTP_STATUS:200
TIME_TOTAL:3.669333
TIME_CONNECT:0.267633
SIZE_DOWNLOAD:1294
TIMESTAMP:2025-08-18 10:45:53 UTC
TRIGGER:schedule
