---METADATA---
HTTP_STATUS:200
TIME_TOTAL:1.029945
TIME_CONNECT:0.277980
SIZE_DOWNLOAD:1303
TIMESTAMP:2025-08-18 19:28:11 UTC
TRIGGER:schedule
