---METADATA---
HTTP_STATUS:200
TIME_TOTAL:3.646683
TIME_CONNECT:0.291453
SIZE_DOWNLOAD:1294
TIMESTAMP:2025-08-18 07:18:32 UTC
TRIGGER:schedule
