---METADATA---
HTTP_STATUS:200
TIME_TOTAL:3.574202
TIME_CONNECT:0.273946
SIZE_DOWNLOAD:1303
TIMESTAMP:2025-08-18 22:31:20 UTC
TRIGGER:schedule
