---METADATA---
HTTP_STATUS:200
TIME_TOTAL:3.476324
TIME_CONNECT:0.234853
SIZE_DOWNLOAD:1294
TIMESTAMP:2025-08-18 08:46:53 UTC
TRIGGER:schedule
