---METADATA---
HTTP_STATUS:200
TIME_TOTAL:3.576659
TIME_CONNECT:0.278189
SIZE_DOWNLOAD:1307
TIMESTAMP:2025-08-18 15:58:44 UTC
TRIGGER:schedule
