---METADATA---
HTTP_STATUS:200
TIME_TOTAL:3.677577
TIME_CONNECT:0.291077
SIZE_DOWNLOAD:1294
TIMESTAMP:2025-08-18 11:50:08 UTC
TRIGGER:schedule
