---METADATA---
HTTP_STATUS:200
TIME_TOTAL:3.561257
TIME_CONNECT:0.275149
SIZE_DOWNLOAD:1294
TIMESTAMP:2025-08-18 10:32:31 UTC
TRIGGER:schedule
