---METADATA---
HTTP_STATUS:200
TIME_TOTAL:3.580571
TIME_CONNECT:0.292665
SIZE_DOWNLOAD:1294
TIMESTAMP:2025-08-18 04:49:55 UTC
TRIGGER:schedule
