---METADATA---
HTTP_STATUS:200
TIME_TOTAL:3.456520
TIME_CONNECT:0.267849
SIZE_DOWNLOAD:1303
TIMESTAMP:2025-08-18 16:36:21 UTC
TRIGGER:schedule
