---METADATA---
HTTP_STATUS:200
TIME_TOTAL:3.605111
TIME_CONNECT:0.306622
SIZE_DOWNLOAD:1303
TIMESTAMP:2025-08-18 16:49:06 UTC
TRIGGER:schedule
