---METADATA---
HTTP_STATUS:200
TIME_TOTAL:3.592775
TIME_CONNECT:0.252691
SIZE_DOWNLOAD:1294
TIMESTAMP:2025-08-18 10:16:42 UTC
TRIGGER:schedule
