---METADATA---
HTTP_STATUS:200
TIME_TOTAL:3.407076
TIME_CONNECT:0.247676
SIZE_DOWNLOAD:1305
TIMESTAMP:2025-08-18 14:56:17 UTC
TRIGGER:schedule
