---METADATA---
HTTP_STATUS:200
TIME_TOTAL:3.454611
TIME_CONNECT:0.266530
SIZE_DOWNLOAD:1294
TIMESTAMP:2025-08-18 11:29:29 UTC
TRIGGER:schedule
