---METADATA---
HTTP_STATUS:200
TIME_TOTAL:3.492116
TIME_CONNECT:0.295623
SIZE_DOWNLOAD:1303
TIMESTAMP:2025-08-18 17:36:15 UTC
TRIGGER:schedule
