---METADATA---
HTTP_STATUS:200
TIME_TOTAL:3.441869
TIME_CONNECT:0.276650
SIZE_DOWNLOAD:1303
TIMESTAMP:2025-08-18 21:23:25 UTC
TRIGGER:schedule
