---METADATA---
HTTP_STATUS:200
TIME_TOTAL:3.473081
TIME_CONNECT:0.288806
SIZE_DOWNLOAD:1303
TIMESTAMP:2025-08-18 17:50:45 UTC
TRIGGER:schedule
