---METADATA---
HTTP_STATUS:200
TIME_TOTAL:3.468585
TIME_CONNECT:0.289047
SIZE_DOWNLOAD:1294
TIMESTAMP:2025-08-18 13:23:00 UTC
TRIGGER:schedule
