---METADATA---
HTTP_STATUS:200
TIME_TOTAL:3.534851
TIME_CONNECT:0.278071
SIZE_DOWNLOAD:1303
TIMESTAMP:2025-08-18 16:18:24 UTC
TRIGGER:schedule
