---METADATA---
HTTP_STATUS:200
TIME_TOTAL:3.506331
TIME_CONNECT:0.220648
SIZE_DOWNLOAD:1303
TIMESTAMP:2025-08-18 20:49:14 UTC
TRIGGER:schedule
