---METADATA---
HTTP_STATUS:200
TIME_TOTAL:3.373763
TIME_CONNECT:0.291729
SIZE_DOWNLOAD:1303
TIMESTAMP:2025-08-18 21:28:38 UTC
TRIGGER:schedule
