---METADATA---
HTTP_STATUS:200
TIME_TOTAL:3.524096
TIME_CONNECT:0.280386
SIZE_DOWNLOAD:1294
TIMESTAMP:2025-08-18 05:18:57 UTC
TRIGGER:schedule
