---METADATA---
HTTP_STATUS:200
TIME_TOTAL:3.401920
TIME_CONNECT:0.272268
SIZE_DOWNLOAD:1303
TIMESTAMP:2025-08-18 22:48:38 UTC
TRIGGER:schedule
