---METADATA---
HTTP_STATUS:200
TIME_TOTAL:3.630027
TIME_CONNECT:0.309541
SIZE_DOWNLOAD:1294
TIMESTAMP:2025-08-18 09:41:46 UTC
TRIGGER:schedule
