---METADATA---
HTTP_STATUS:200
TIME_TOTAL:3.474519
TIME_CONNECT:0.248404
SIZE_DOWNLOAD:1305
TIMESTAMP:2025-08-18 13:51:58 UTC
TRIGGER:schedule
