---METADATA---
HTTP_STATUS:200
TIME_TOTAL:3.338963
TIME_CONNECT:0.226786
SIZE_DOWNLOAD:1303
TIMESTAMP:2025-08-18 23:57:03 UTC
TRIGGER:schedule
