---METADATA---
HTTP_STATUS:200
TIME_TOTAL:3.543571
TIME_CONNECT:0.269980
SIZE_DOWNLOAD:1303
TIMESTAMP:2025-08-18 20:56:52 UTC
TRIGGER:schedule
