---METADATA---
HTTP_STATUS:200
TIME_TOTAL:3.397994
TIME_CONNECT:0.273426
SIZE_DOWNLOAD:1303
TIMESTAMP:2025-08-18 20:15:10 UTC
TRIGGER:schedule
