---METADATA---
HTTP_STATUS:200
TIME_TOTAL:3.483563
TIME_CONNECT:0.290827
SIZE_DOWNLOAD:1303
TIMESTAMP:2025-08-18 02:25:10 UTC
TRIGGER:schedule
