---METADATA---
HTTP_STATUS:200
TIME_TOTAL:3.434744
TIME_CONNECT:0.250794
SIZE_DOWNLOAD:1303
TIMESTAMP:2025-08-18 22:42:19 UTC
TRIGGER:schedule
