---METADATA---
HTTP_STATUS:200
TIME_TOTAL:3.437386
TIME_CONNECT:0.242244
SIZE_DOWNLOAD:1303
TIMESTAMP:2025-08-18 19:56:58 UTC
TRIGGER:schedule
