---METADATA---
HTTP_STATUS:200
TIME_TOTAL:3.415402
TIME_CONNECT:0.293448
SIZE_DOWNLOAD:1294
TIMESTAMP:2025-08-18 04:58:48 UTC
TRIGGER:schedule
