---METADATA---
HTTP_STATUS:200
TIME_TOTAL:3.419687
TIME_CONNECT:0.272684
SIZE_DOWNLOAD:1303
TIMESTAMP:2025-08-18 19:41:59 UTC
TRIGGER:schedule
