---METADATA---
HTTP_STATUS:200
TIME_TOTAL:3.544011
TIME_CONNECT:0.253998
SIZE_DOWNLOAD:1303
TIMESTAMP:2025-08-18 17:45:46 UTC
TRIGGER:schedule
