---METADATA---
HTTP_STATUS:200
TIME_TOTAL:3.653999
TIME_CONNECT:0.277643
SIZE_DOWNLOAD:1294
TIMESTAMP:2025-08-18 04:07:37 UTC
TRIGGER:schedule
