---METADATA---
HTTP_STATUS:200
TIME_TOTAL:3.579594
TIME_CONNECT:0.236084
SIZE_DOWNLOAD:1294
TIMESTAMP:2025-08-18 09:19:35 UTC
TRIGGER:schedule
