---METADATA---
HTTP_STATUS:200
TIME_TOTAL:3.522174
TIME_CONNECT:0.266433
SIZE_DOWNLOAD:1303
TIMESTAMP:2025-08-18 20:44:26 UTC
TRIGGER:schedule
