---METADATA---
HTTP_STATUS:200
TIME_TOTAL:3.370815
TIME_CONNECT:0.282625
SIZE_DOWNLOAD:1303
TIMESTAMP:2025-08-18 17:26:48 UTC
TRIGGER:schedule
