---METADATA---
HTTP_STATUS:200
TIME_TOTAL:3.609893
TIME_CONNECT:0.347036
SIZE_DOWNLOAD:1303
TIMESTAMP:2025-08-18 20:39:01 UTC
TRIGGER:schedule
