---METADATA---
HTTP_STATUS:200
TIME_TOTAL:3.561130
TIME_CONNECT:0.277931
SIZE_DOWNLOAD:1294
TIMESTAMP:2025-08-18 11:56:49 UTC
TRIGGER:schedule
