---METADATA---
HTTP_STATUS:200
TIME_TOTAL:3.570104
TIME_CONNECT:0.234633
SIZE_DOWNLOAD:1294
TIMESTAMP:2025-08-18 11:21:06 UTC
TRIGGER:schedule
