---METADATA---
HTTP_STATUS:200
TIME_TOTAL:3.470602
TIME_CONNECT:0.293072
SIZE_DOWNLOAD:1294
TIMESTAMP:2025-08-18 07:32:06 UTC
TRIGGER:schedule
