---METADATA---
HTTP_STATUS:200
TIME_TOTAL:3.695316
TIME_CONNECT:0.341522
SIZE_DOWNLOAD:1294
TIMESTAMP:2025-08-18 09:54:53 UTC
TRIGGER:schedule
