---METADATA---
HTTP_STATUS:200
TIME_TOTAL:3.502402
TIME_CONNECT:0.272536
SIZE_DOWNLOAD:1303
TIMESTAMP:2025-08-18 18:40:28 UTC
TRIGGER:schedule
