---METADATA---
HTTP_STATUS:200
TIME_TOTAL:3.569313
TIME_CONNECT:0.250871
SIZE_DOWNLOAD:1294
TIMESTAMP:2025-08-18 09:44:31 UTC
TRIGGER:schedule
