---METADATA---
HTTP_STATUS:200
TIME_TOTAL:3.328850
TIME_CONNECT:0.239271
SIZE_DOWNLOAD:1303
TIMESTAMP:2025-08-18 21:40:00 UTC
TRIGGER:schedule
