---METADATA---
HTTP_STATUS:200
TIME_TOTAL:3.434110
TIME_CONNECT:0.292022
SIZE_DOWNLOAD:1305
TIMESTAMP:2025-08-18 14:53:22 UTC
TRIGGER:schedule
