---METADATA---
HTTP_STATUS:200
TIME_TOTAL:3.329975
TIME_CONNECT:0.226481
SIZE_DOWNLOAD:1303
TIMESTAMP:2025-08-18 22:12:21 UTC
TRIGGER:schedule
