---METADATA---
HTTP_STATUS:200
TIME_TOTAL:3.401951
TIME_CONNECT:0.283056
SIZE_DOWNLOAD:1303
TIMESTAMP:2025-08-18 23:13:00 UTC
TRIGGER:schedule
