---METADATA---
HTTP_STATUS:200
TIME_TOTAL:0.975516
TIME_CONNECT:0.276310
SIZE_DOWNLOAD:1303
TIMESTAMP:2025-08-18 21:40:17 UTC
TRIGGER:schedule
