---METADATA---
HTTP_STATUS:200
TIME_TOTAL:3.526903
TIME_CONNECT:0.289001
SIZE_DOWNLOAD:1305
TIMESTAMP:2025-08-18 14:45:00 UTC
TRIGGER:schedule
