---METADATA---
HTTP_STATUS:200
TIME_TOTAL:3.404544
TIME_CONNECT:0.266533
SIZE_DOWNLOAD:1294
TIMESTAMP:2025-08-18 11:41:46 UTC
TRIGGER:schedule
