---METADATA---
HTTP_STATUS:200
TIME_TOTAL:3.454246
TIME_CONNECT:0.240028
SIZE_DOWNLOAD:1305
TIMESTAMP:2025-08-18 15:27:23 UTC
TRIGGER:schedule
