---METADATA---
HTTP_STATUS:200
TIME_TOTAL:3.661619
TIME_CONNECT:0.343399
SIZE_DOWNLOAD:1294
TIMESTAMP:2025-08-18 08:17:03 UTC
TRIGGER:schedule
