---METADATA---
HTTP_STATUS:200
TIME_TOTAL:3.281625
TIME_CONNECT:0.231682
SIZE_DOWNLOAD:1303
TIMESTAMP:2025-08-18 22:57:01 UTC
TRIGGER:schedule
