---METADATA---
HTTP_STATUS:200
TIME_TOTAL:3.504213
TIME_CONNECT:0.256677
SIZE_DOWNLOAD:1305
TIMESTAMP:2025-08-18 13:59:56 UTC
TRIGGER:schedule
