---METADATA---
HTTP_STATUS:200
TIME_TOTAL:3.254398
TIME_CONNECT:0.218642
SIZE_DOWNLOAD:1303
TIMESTAMP:2025-08-18 23:29:01 UTC
TRIGGER:schedule
