---METADATA---
HTTP_STATUS:200
TIME_TOTAL:3.608818
TIME_CONNECT:0.306698
SIZE_DOWNLOAD:1303
TIMESTAMP:2025-08-18 17:14:27 UTC
TRIGGER:schedule
