---METADATA---
HTTP_STATUS:200
TIME_TOTAL:3.534644
TIME_CONNECT:0.244508
SIZE_DOWNLOAD:1303
TIMESTAMP:2025-08-18 19:12:57 UTC
TRIGGER:schedule
