---METADATA---
HTTP_STATUS:200
TIME_TOTAL:3.467754
TIME_CONNECT:0.268233
SIZE_DOWNLOAD:1303
TIMESTAMP:2025-08-18 18:21:12 UTC
TRIGGER:schedule
