---METADATA---
HTTP_STATUS:200
TIME_TOTAL:3.536424
TIME_CONNECT:0.281604
SIZE_DOWNLOAD:1294
TIMESTAMP:2025-08-18 04:28:47 UTC
TRIGGER:schedule
