---METADATA---
HTTP_STATUS:200
TIME_TOTAL:3.535336
TIME_CONNECT:0.286129
SIZE_DOWNLOAD:1294
TIMESTAMP:2025-08-18 05:51:59 UTC
TRIGGER:schedule
