---METADATA---
HTTP_STATUS:200
TIME_TOTAL:3.595874
TIME_CONNECT:0.248785
SIZE_DOWNLOAD:1303
TIMESTAMP:2025-08-18 19:48:08 UTC
TRIGGER:schedule
