---METADATA---
HTTP_STATUS:200
TIME_TOTAL:3.457311
TIME_CONNECT:0.276956
SIZE_DOWNLOAD:1303
TIMESTAMP:2025-08-18 18:51:20 UTC
TRIGGER:schedule
