---METADATA---
HTTP_STATUS:200
TIME_TOTAL:3.318259
TIME_CONNECT:0.212080
SIZE_DOWNLOAD:1303
TIMESTAMP:2025-08-18 19:00:54 UTC
TRIGGER:schedule
