---METADATA---
HTTP_STATUS:200
TIME_TOTAL:3.357875
TIME_CONNECT:0.279059
SIZE_DOWNLOAD:1294
TIMESTAMP:2025-08-18 11:42:16 UTC
TRIGGER:schedule
