---METADATA---
HTTP_STATUS:200
TIME_TOTAL:3.573539
TIME_CONNECT:0.243212
SIZE_DOWNLOAD:1303
TIMESTAMP:2025-08-18 23:24:39 UTC
TRIGGER:schedule
