---METADATA---
HTTP_STATUS:200
TIME_TOTAL:3.447433
TIME_CONNECT:0.251514
SIZE_DOWNLOAD:1307
TIMESTAMP:2025-08-18 13:42:28 UTC
TRIGGER:schedule
