---METADATA---
HTTP_STATUS:200
TIME_TOTAL:3.623919
TIME_CONNECT:0.244217
SIZE_DOWNLOAD:1305
TIMESTAMP:2025-08-18 14:32:26 UTC
TRIGGER:schedule
