---METADATA---
HTTP_STATUS:200
TIME_TOTAL:3.405479
TIME_CONNECT:0.283755
SIZE_DOWNLOAD:1303
TIMESTAMP:2025-08-18 19:39:21 UTC
TRIGGER:schedule
