---METADATA---
HTTP_STATUS:200
TIME_TOTAL:3.428697
TIME_CONNECT:0.286665
SIZE_DOWNLOAD:1303
TIMESTAMP:2025-08-18 20:27:42 UTC
TRIGGER:schedule
