---METADATA---
HTTP_STATUS:200
TIME_TOTAL:3.987013
TIME_CONNECT:0.248560
SIZE_DOWNLOAD:1294
TIMESTAMP:2025-08-18 07:00:40 UTC
TRIGGER:schedule
