---METADATA---
HTTP_STATUS:200
TIME_TOTAL:3.567010
TIME_CONNECT:0.239697
SIZE_DOWNLOAD:1294
TIMESTAMP:2025-08-18 07:49:40 UTC
TRIGGER:schedule
