---METADATA---
HTTP_STATUS:200
TIME_TOTAL:3.627877
TIME_CONNECT:0.293379
SIZE_DOWNLOAD:1292
TIMESTAMP:2025-08-18 12:59:09 UTC
TRIGGER:schedule
