---METADATA---
HTTP_STATUS:200
TIME_TOTAL:3.438874
TIME_CONNECT:0.243427
SIZE_DOWNLOAD:1294
TIMESTAMP:2025-08-18 11:13:18 UTC
TRIGGER:schedule
