---METADATA---
HTTP_STATUS:200
TIME_TOTAL:3.681217
TIME_CONNECT:0.297002
SIZE_DOWNLOAD:1294
TIMESTAMP:2025-08-18 06:38:45 UTC
TRIGGER:schedule
