---METADATA---
HTTP_STATUS:200
TIME_TOTAL:3.408476
TIME_CONNECT:0.257511
SIZE_DOWNLOAD:1303
TIMESTAMP:2025-08-18 23:48:30 UTC
TRIGGER:schedule
