---METADATA---
HTTP_STATUS:200
TIME_TOTAL:3.477834
TIME_CONNECT:0.240591
SIZE_DOWNLOAD:1307
TIMESTAMP:2025-08-30 15:36:49 UTC
TRIGGER:schedule
