---METADATA---
HTTP_STATUS:200
TIME_TOTAL:3.318399
TIME_CONNECT:0.286424
SIZE_DOWNLOAD:1294
TIMESTAMP:2025-08-30 21:38:00 UTC
TRIGGER:schedule
