---METADATA---
HTTP_STATUS:200
TIME_TOTAL:3.363718
TIME_CONNECT:0.283765
SIZE_DOWNLOAD:1294
TIMESTAMP:2025-08-30 20:47:09 UTC
TRIGGER:schedule
