---METADATA---
HTTP_STATUS:200
TIME_TOTAL:3.621476
TIME_CONNECT:0.285275
SIZE_DOWNLOAD:1307
TIMESTAMP:2025-08-30 14:38:28 UTC
TRIGGER:schedule
