---METADATA---
HTTP_STATUS:200
TIME_TOTAL:3.573354
TIME_CONNECT:0.227936
SIZE_DOWNLOAD:1293
TIMESTAMP:2025-08-30 11:09:50 UTC
TRIGGER:schedule
