---METADATA---
HTTP_STATUS:200
TIME_TOTAL:3.455351
TIME_CONNECT:0.266363
SIZE_DOWNLOAD:1294
TIMESTAMP:2025-08-30 22:30:17 UTC
TRIGGER:schedule
