---METADATA---
HTTP_STATUS:200
TIME_TOTAL:3.740979
TIME_CONNECT:0.238571
SIZE_DOWNLOAD:1293
TIMESTAMP:2025-08-30 10:56:45 UTC
TRIGGER:schedule
