---METADATA---
HTTP_STATUS:200
TIME_TOTAL:3.423157
TIME_CONNECT:0.228516
SIZE_DOWNLOAD:1307
TIMESTAMP:2025-08-30 20:13:07 UTC
TRIGGER:schedule
