---METADATA---
HTTP_STATUS:200
TIME_TOTAL:3.469373
TIME_CONNECT:0.240373
SIZE_DOWNLOAD:1294
TIMESTAMP:2025-08-30 23:35:46 UTC
TRIGGER:schedule
