---METADATA---
HTTP_STATUS:200
TIME_TOTAL:3.513607
TIME_CONNECT:0.281537
SIZE_DOWNLOAD:1307
TIMESTAMP:2025-08-30 18:42:14 UTC
TRIGGER:schedule
