---METADATA---
HTTP_STATUS:200
TIME_TOTAL:3.516372
TIME_CONNECT:0.263309
SIZE_DOWNLOAD:1293
TIMESTAMP:2025-08-30 05:48:40 UTC
TRIGGER:schedule
