---METADATA---
HTTP_STATUS:200
TIME_TOTAL:1.198448
TIME_CONNECT:0.301425
SIZE_DOWNLOAD:1308
TIMESTAMP:2025-08-30 09:36:36 UTC
TRIGGER:schedule
