---METADATA---
HTTP_STATUS:200
TIME_TOTAL:3.530824
TIME_CONNECT:0.298470
SIZE_DOWNLOAD:1307
TIMESTAMP:2025-08-30 15:58:53 UTC
TRIGGER:schedule
