---METADATA---
HTTP_STATUS:200
TIME_TOTAL:0.985798
TIME_CONNECT:0.212117
SIZE_DOWNLOAD:1307
TIMESTAMP:2025-08-30 15:48:15 UTC
TRIGGER:schedule
