---METADATA---
HTTP_STATUS:200
TIME_TOTAL:3.464886
TIME_CONNECT:0.273401
SIZE_DOWNLOAD:1307
TIMESTAMP:2025-08-30 15:19:32 UTC
TRIGGER:schedule
