---METADATA---
HTTP_STATUS:200
TIME_TOTAL:3.575300
TIME_CONNECT:0.264958
SIZE_DOWNLOAD:1295
TIMESTAMP:2025-08-30 09:27:23 UTC
TRIGGER:schedule
