---METADATA---
HTTP_STATUS:200
TIME_TOTAL:3.680688
TIME_CONNECT:0.266347
SIZE_DOWNLOAD:1309
TIMESTAMP:2025-08-30 06:59:08 UTC
TRIGGER:schedule
