---METADATA---
HTTP_STATUS:200
TIME_TOTAL:3.446146
TIME_CONNECT:0.272962
SIZE_DOWNLOAD:1293
TIMESTAMP:2025-08-30 11:18:24 UTC
TRIGGER:schedule
