---METADATA---
HTTP_STATUS:200
TIME_TOTAL:3.494077
TIME_CONNECT:0.271199
SIZE_DOWNLOAD:1294
TIMESTAMP:2025-08-30 11:56:51 UTC
TRIGGER:schedule
