---METADATA---
HTTP_STATUS:200
TIME_TOTAL:3.420896
TIME_CONNECT:0.243333
SIZE_DOWNLOAD:1307
TIMESTAMP:2025-08-30 13:58:48 UTC
TRIGGER:schedule
