---METADATA---
HTTP_STATUS:200
TIME_TOTAL:3.439653
TIME_CONNECT:0.275802
SIZE_DOWNLOAD:1294
TIMESTAMP:2025-08-30 10:24:07 UTC
TRIGGER:schedule
