---METADATA---
HTTP_STATUS:200
TIME_TOTAL:3.644997
TIME_CONNECT:0.288518
SIZE_DOWNLOAD:1295
TIMESTAMP:2025-08-30 05:22:56 UTC
TRIGGER:schedule
