---METADATA---
HTTP_STATUS:200
TIME_TOTAL:3.542529
TIME_CONNECT:0.243047
SIZE_DOWNLOAD:1293
TIMESTAMP:2025-08-30 11:22:29 UTC
TRIGGER:schedule
