---METADATA---
HTTP_STATUS:200
TIME_TOTAL:3.496814
TIME_CONNECT:0.283832
SIZE_DOWNLOAD:1307
TIMESTAMP:2025-08-30 02:46:25 UTC
TRIGGER:schedule
