---METADATA---
HTTP_STATUS:200
TIME_TOTAL:3.438628
TIME_CONNECT:0.291005
SIZE_DOWNLOAD:1307
TIMESTAMP:2025-08-30 20:10:24 UTC
TRIGGER:schedule
