---METADATA---
HTTP_STATUS:200
TIME_TOTAL:3.525896
TIME_CONNECT:0.253960
SIZE_DOWNLOAD:1294
TIMESTAMP:2025-08-30 10:40:12 UTC
TRIGGER:schedule
