---METADATA---
HTTP_STATUS:200
TIME_TOTAL:3.419535
TIME_CONNECT:0.258817
SIZE_DOWNLOAD:1307
TIMESTAMP:2025-08-30 16:14:21 UTC
TRIGGER:schedule
