---METADATA---
HTTP_STATUS:200
TIME_TOTAL:1.114887
TIME_CONNECT:0.267107
SIZE_DOWNLOAD:1294
TIMESTAMP:2025-08-30 20:48:14 UTC
TRIGGER:schedule
