---METADATA---
HTTP_STATUS:200
TIME_TOTAL:3.441342
TIME_CONNECT:0.274459
SIZE_DOWNLOAD:1294
TIMESTAMP:2025-08-30 22:29:30 UTC
TRIGGER:schedule
