---METADATA---
HTTP_STATUS:200
TIME_TOTAL:3.549491
TIME_CONNECT:0.274701
SIZE_DOWNLOAD:1307
TIMESTAMP:2025-08-30 14:22:59 UTC
TRIGGER:schedule
