---METADATA---
HTTP_STATUS:200
TIME_TOTAL:3.624602
TIME_CONNECT:0.283669
SIZE_DOWNLOAD:1294
TIMESTAMP:2025-08-30 04:56:48 UTC
TRIGGER:schedule
