---METADATA---
HTTP_STATUS:200
TIME_TOTAL:3.651221
TIME_CONNECT:0.277443
SIZE_DOWNLOAD:1296
TIMESTAMP:2025-08-30 08:15:39 UTC
TRIGGER:schedule
