---METADATA---
HTTP_STATUS:200
TIME_TOTAL:1.081980
TIME_CONNECT:0.245448
SIZE_DOWNLOAD:1307
TIMESTAMP:2025-08-30 16:48:46 UTC
TRIGGER:schedule
