---METADATA---
HTTP_STATUS:200
TIME_TOTAL:3.522669
TIME_CONNECT:0.226174
SIZE_DOWNLOAD:1305
TIMESTAMP:2025-08-30 13:20:31 UTC
TRIGGER:schedule
