---METADATA---
HTTP_STATUS:200
TIME_TOTAL:3.431489
TIME_CONNECT:0.247704
SIZE_DOWNLOAD:1307
TIMESTAMP:2025-08-30 04:39:01 UTC
TRIGGER:schedule
