---METADATA---
HTTP_STATUS:200
TIME_TOTAL:3.463564
TIME_CONNECT:0.252776
SIZE_DOWNLOAD:1307
TIMESTAMP:2025-08-30 18:33:11 UTC
TRIGGER:schedule
