---METADATA---
HTTP_STATUS:200
TIME_TOTAL:3.496352
TIME_CONNECT:0.261680
SIZE_DOWNLOAD:1307
TIMESTAMP:2025-08-30 18:50:52 UTC
TRIGGER:schedule
