---METADATA---
HTTP_STATUS:200
TIME_TOTAL:3.398239
TIME_CONNECT:0.291756
SIZE_DOWNLOAD:1307
TIMESTAMP:2025-08-30 19:21:45 UTC
TRIGGER:schedule
