---METADATA---
HTTP_STATUS:200
TIME_TOTAL:3.508242
TIME_CONNECT:0.267256
SIZE_DOWNLOAD:1294
TIMESTAMP:2025-08-30 23:48:02 UTC
TRIGGER:schedule
