---METADATA---
HTTP_STATUS:200
TIME_TOTAL:3.476127
TIME_CONNECT:0.246415
SIZE_DOWNLOAD:1294
TIMESTAMP:2025-08-30 21:49:55 UTC
TRIGGER:schedule
