---METADATA---
HTTP_STATUS:200
TIME_TOTAL:3.560953
TIME_CONNECT:0.263723
SIZE_DOWNLOAD:1294
TIMESTAMP:2025-08-30 05:12:19 UTC
TRIGGER:schedule
