---METADATA---
HTTP_STATUS:200
TIME_TOTAL:3.445571
TIME_CONNECT:0.281681
SIZE_DOWNLOAD:1307
TIMESTAMP:2025-08-30 01:00:26 UTC
TRIGGER:schedule
