---METADATA---
HTTP_STATUS:200
TIME_TOTAL:1.042168
TIME_CONNECT:0.227413
SIZE_DOWNLOAD:1307
TIMESTAMP:2025-08-30 19:38:24 UTC
TRIGGER:schedule
