---METADATA---
HTTP_STATUS:200
TIME_TOTAL:3.597976
TIME_CONNECT:0.245251
SIZE_DOWNLOAD:1307
TIMESTAMP:2025-08-30 02:34:10 UTC
TRIGGER:schedule
