---METADATA---
HTTP_STATUS:200
TIME_TOTAL:3.517987
TIME_CONNECT:0.237583
SIZE_DOWNLOAD:1294
TIMESTAMP:2025-08-30 20:58:59 UTC
TRIGGER:schedule
