---METADATA---
HTTP_STATUS:200
TIME_TOTAL:3.503036
TIME_CONNECT:0.249828
SIZE_DOWNLOAD:1307
TIMESTAMP:2025-08-30 17:33:10 UTC
TRIGGER:schedule
