---METADATA---
HTTP_STATUS:200
TIME_TOTAL:3.611896
TIME_CONNECT:0.258253
SIZE_DOWNLOAD:1307
TIMESTAMP:2025-08-30 16:56:57 UTC
TRIGGER:schedule
