---METADATA---
HTTP_STATUS:200
TIME_TOTAL:3.486686
TIME_CONNECT:0.230437
SIZE_DOWNLOAD:1307
TIMESTAMP:2025-08-30 17:58:37 UTC
TRIGGER:schedule
