---METADATA---
HTTP_STATUS:200
TIME_TOTAL:3.638291
TIME_CONNECT:0.280446
SIZE_DOWNLOAD:1293
TIMESTAMP:2025-08-30 11:34:39 UTC
TRIGGER:schedule
