---METADATA---
HTTP_STATUS:200
TIME_TOTAL:1.025948
TIME_CONNECT:0.272879
SIZE_DOWNLOAD:1307
TIMESTAMP:2025-08-30 19:50:02 UTC
TRIGGER:schedule
