---METADATA---
HTTP_STATUS:200
TIME_TOTAL:3.360161
TIME_CONNECT:0.280330
SIZE_DOWNLOAD:1293
TIMESTAMP:2025-08-30 05:40:01 UTC
TRIGGER:schedule
