---METADATA---
HTTP_STATUS:200
TIME_TOTAL:3.555710
TIME_CONNECT:0.278842
SIZE_DOWNLOAD:1307
TIMESTAMP:2025-08-30 03:57:29 UTC
TRIGGER:schedule
