---METADATA---
HTTP_STATUS:200
TIME_TOTAL:3.577671
TIME_CONNECT:0.282161
SIZE_DOWNLOAD:1294
TIMESTAMP:2025-08-30 10:12:27 UTC
TRIGGER:schedule
