---METADATA---
HTTP_STATUS:200
TIME_TOTAL:3.373132
TIME_CONNECT:0.276388
SIZE_DOWNLOAD:1296
TIMESTAMP:2025-08-30 08:36:52 UTC
TRIGGER:schedule
