---METADATA---
HTTP_STATUS:200
TIME_TOTAL:3.569500
TIME_CONNECT:0.238545
SIZE_DOWNLOAD:1294
TIMESTAMP:2025-08-30 12:56:46 UTC
TRIGGER:schedule
