---METADATA---
HTTP_STATUS:200
TIME_TOTAL:3.438529
TIME_CONNECT:0.249654
SIZE_DOWNLOAD:1294
TIMESTAMP:2025-08-30 21:10:46 UTC
TRIGGER:schedule
