---METADATA---
HTTP_STATUS:200
TIME_TOTAL:3.706968
TIME_CONNECT:0.282437
SIZE_DOWNLOAD:1294
TIMESTAMP:2025-08-30 22:40:41 UTC
TRIGGER:schedule
