---METADATA---
HTTP_STATUS:200
TIME_TOTAL:3.436763
TIME_CONNECT:0.238596
SIZE_DOWNLOAD:1294
TIMESTAMP:2025-08-30 07:34:24 UTC
TRIGGER:schedule
