---METADATA---
HTTP_STATUS:200
TIME_TOTAL:3.324457
TIME_CONNECT:0.230937
SIZE_DOWNLOAD:1307
TIMESTAMP:2025-08-30 03:18:47 UTC
TRIGGER:schedule
