---METADATA---
HTTP_STATUS:200
TIME_TOTAL:3.525905
TIME_CONNECT:0.304699
SIZE_DOWNLOAD:1307
TIMESTAMP:2025-08-30 14:51:27 UTC
TRIGGER:schedule
