---METADATA---
HTTP_STATUS:200
TIME_TOTAL:1.088545
TIME_CONNECT:0.276157
SIZE_DOWNLOAD:1296
TIMESTAMP:2025-08-30 04:48:14 UTC
TRIGGER:schedule
