---METADATA---
HTTP_STATUS:200
TIME_TOTAL:1.023224
TIME_CONNECT:0.231905
SIZE_DOWNLOAD:1307
TIMESTAMP:2025-08-30 19:09:36 UTC
TRIGGER:schedule
