---METADATA---
HTTP_STATUS:200
TIME_TOTAL:1.031902
TIME_CONNECT:0.215450
SIZE_DOWNLOAD:1294
TIMESTAMP:2025-08-30 23:26:39 UTC
TRIGGER:schedule
