---METADATA---
HTTP_STATUS:200
TIME_TOTAL:3.379069
TIME_CONNECT:0.232901
SIZE_DOWNLOAD:1307
TIMESTAMP:2025-08-30 19:06:41 UTC
TRIGGER:schedule
