---METADATA---
HTTP_STATUS:200
TIME_TOTAL:3.506603
TIME_CONNECT:0.267756
SIZE_DOWNLOAD:1298
TIMESTAMP:2025-08-30 13:33:19 UTC
TRIGGER:schedule
