---METADATA---
HTTP_STATUS:200
TIME_TOTAL:3.541191
TIME_CONNECT:0.251121
SIZE_DOWNLOAD:1307
TIMESTAMP:2025-08-30 17:19:31 UTC
TRIGGER:schedule
