---METADATA---
HTTP_STATUS:200
TIME_TOTAL:3.478735
TIME_CONNECT:0.279922
SIZE_DOWNLOAD:1307
TIMESTAMP:2025-08-30 15:27:23 UTC
TRIGGER:schedule
