---METADATA---
HTTP_STATUS:200
TIME_TOTAL:3.617060
TIME_CONNECT:0.310186
SIZE_DOWNLOAD:1294
TIMESTAMP:2025-08-30 11:48:13 UTC
TRIGGER:schedule
