---METADATA---
HTTP_STATUS:200
TIME_TOTAL:0.953155
TIME_CONNECT:0.248582
SIZE_DOWNLOAD:1307
TIMESTAMP:2025-08-30 19:22:36 UTC
TRIGGER:schedule
