---METADATA---
HTTP_STATUS:200
TIME_TOTAL:1.096940
TIME_CONNECT:0.280507
SIZE_DOWNLOAD:1294
TIMESTAMP:2025-08-30 21:25:27 UTC
TRIGGER:schedule
