---METADATA---
HTTP_STATUS:200
TIME_TOTAL:3.595364
TIME_CONNECT:0.290169
SIZE_DOWNLOAD:1307
TIMESTAMP:2025-08-30 01:41:19 UTC
TRIGGER:schedule
