---METADATA---
HTTP_STATUS:200
TIME_TOTAL:3.641675
TIME_CONNECT:0.264113
SIZE_DOWNLOAD:1307
TIMESTAMP:2025-08-30 12:47:18 UTC
TRIGGER:schedule
