---METADATA---
HTTP_STATUS:200
TIME_TOTAL:3.556179
TIME_CONNECT:0.269706
SIZE_DOWNLOAD:1307
TIMESTAMP:2025-08-30 14:47:58 UTC
TRIGGER:schedule
