---METADATA---
HTTP_STATUS:200
TIME_TOTAL:3.482317
TIME_CONNECT:0.260629
SIZE_DOWNLOAD:1293
TIMESTAMP:2025-08-30 11:42:01 UTC
TRIGGER:schedule
