---METADATA---
HTTP_STATUS:200
TIME_TOTAL:3.554590
TIME_CONNECT:0.275205
SIZE_DOWNLOAD:1294
TIMESTAMP:2025-08-30 22:11:41 UTC
TRIGGER:schedule
