---METADATA---
HTTP_STATUS:200
TIME_TOTAL:3.581274
TIME_CONNECT:0.239316
SIZE_DOWNLOAD:1307
TIMESTAMP:2025-08-30 20:32:00 UTC
TRIGGER:schedule
