---METADATA---
HTTP_STATUS:200
TIME_TOTAL:3.845836
TIME_CONNECT:0.271158
SIZE_DOWNLOAD:1307
TIMESTAMP:2025-08-30 15:33:00 UTC
TRIGGER:schedule
