---METADATA---
HTTP_STATUS:200
TIME_TOTAL:1.045951
TIME_CONNECT:0.233668
SIZE_DOWNLOAD:1294
TIMESTAMP:2025-08-30 07:25:09 UTC
TRIGGER:schedule
