---METADATA---
HTTP_STATUS:200
TIME_TOTAL:3.534818
TIME_CONNECT:0.260234
SIZE_DOWNLOAD:1312
TIMESTAMP:2025-08-30 07:21:41 UTC
TRIGGER:schedule
