---METADATA---
HTTP_STATUS:200
TIME_TOTAL:3.464861
TIME_CONNECT:0.280793
SIZE_DOWNLOAD:1294
TIMESTAMP:2025-08-30 07:49:59 UTC
TRIGGER:schedule
