---METADATA---
HTTP_STATUS:200
TIME_TOTAL:3.561763
TIME_CONNECT:0.240624
SIZE_DOWNLOAD:1294
TIMESTAMP:2025-08-30 07:11:27 UTC
TRIGGER:schedule
