---METADATA---
HTTP_STATUS:200
TIME_TOTAL:3.360213
TIME_CONNECT:0.237682
SIZE_DOWNLOAD:1307
TIMESTAMP:2025-08-30 03:44:00 UTC
TRIGGER:schedule
