---METADATA---
HTTP_STATUS:200
TIME_TOTAL:3.433968
TIME_CONNECT:0.243574
SIZE_DOWNLOAD:1309
TIMESTAMP:2025-08-30 04:43:40 UTC
TRIGGER:schedule
