---METADATA---
HTTP_STATUS:200
TIME_TOTAL:3.434213
TIME_CONNECT:0.246130
SIZE_DOWNLOAD:1307
TIMESTAMP:2025-08-30 19:34:38 UTC
TRIGGER:schedule
