---METADATA---
HTTP_STATUS:200
TIME_TOTAL:1.106215
TIME_CONNECT:0.234929
SIZE_DOWNLOAD:1298
TIMESTAMP:2025-08-30 13:36:37 UTC
TRIGGER:schedule
