---METADATA---
HTTP_STATUS:200
TIME_TOTAL:3.512828
TIME_CONNECT:0.285780
SIZE_DOWNLOAD:1294
TIMESTAMP:2025-08-30 23:50:24 UTC
TRIGGER:schedule
