---METADATA---
HTTP_STATUS:200
TIME_TOTAL:3.669519
TIME_CONNECT:0.246161
SIZE_DOWNLOAD:1294
TIMESTAMP:2025-08-30 07:48:16 UTC
TRIGGER:schedule
