---METADATA---
HTTP_STATUS:200
TIME_TOTAL:3.572224
TIME_CONNECT:0.219677
SIZE_DOWNLOAD:1294
TIMESTAMP:2025-08-30 06:47:17 UTC
TRIGGER:schedule
