---METADATA---
HTTP_STATUS:200
TIME_TOTAL:3.574022
TIME_CONNECT:0.252907
SIZE_DOWNLOAD:1296
TIMESTAMP:2025-08-30 08:39:55 UTC
TRIGGER:schedule
