---METADATA---
HTTP_STATUS:200
TIME_TOTAL:0.966085
TIME_CONNECT:0.233607
SIZE_DOWNLOAD:1293
TIMESTAMP:2025-08-30 05:40:38 UTC
TRIGGER:schedule
