---METADATA---
HTTP_STATUS:200
TIME_TOTAL:1.113156
TIME_CONNECT:0.283426
SIZE_DOWNLOAD:1307
TIMESTAMP:2025-08-30 03:21:04 UTC
TRIGGER:schedule
