---METADATA---
HTTP_STATUS:200
TIME_TOTAL:3.447663
TIME_CONNECT:0.282419
SIZE_DOWNLOAD:1294
TIMESTAMP:2025-08-30 23:23:09 UTC
TRIGGER:schedule
