---METADATA---
HTTP_STATUS:200
TIME_TOTAL:3.437112
TIME_CONNECT:0.284231
SIZE_DOWNLOAD:1294
TIMESTAMP:2025-08-30 22:47:05 UTC
TRIGGER:schedule
