---METADATA---
HTTP_STATUS:200
TIME_TOTAL:3.432172
TIME_CONNECT:0.220127
SIZE_DOWNLOAD:1294
TIMESTAMP:2025-08-30 10:30:56 UTC
TRIGGER:schedule
