---METADATA---
HTTP_STATUS:200
TIME_TOTAL:3.569190
TIME_CONNECT:0.284834
SIZE_DOWNLOAD:1307
TIMESTAMP:2025-08-30 13:48:14 UTC
TRIGGER:schedule
