---METADATA---
HTTP_STATUS:200
TIME_TOTAL:3.701739
TIME_CONNECT:0.280394
SIZE_DOWNLOAD:1294
TIMESTAMP:2025-08-30 05:51:49 UTC
TRIGGER:schedule
