---METADATA---
HTTP_STATUS:200
TIME_TOTAL:3.314287
TIME_CONNECT:0.212210
SIZE_DOWNLOAD:1296
TIMESTAMP:2025-08-30 06:42:46 UTC
TRIGGER:schedule
