---METADATA---
HTTP_STATUS:200
TIME_TOTAL:3.954944
TIME_CONNECT:0.226841
SIZE_DOWNLOAD:1307
TIMESTAMP:2025-08-30 16:45:06 UTC
TRIGGER:schedule
