---METADATA---
HTTP_STATUS:200
TIME_TOTAL:3.545422
TIME_CONNECT:0.298653
SIZE_DOWNLOAD:1307
TIMESTAMP:2025-08-30 16:29:22 UTC
TRIGGER:schedule
