---METADATA---
HTTP_STATUS:200
TIME_TOTAL:3.410060
TIME_CONNECT:0.248086
SIZE_DOWNLOAD:1294
TIMESTAMP:2025-08-30 22:08:50 UTC
TRIGGER:schedule
