---METADATA---
HTTP_STATUS:200
TIME_TOTAL:3.548528
TIME_CONNECT:0.257087
SIZE_DOWNLOAD:1294
TIMESTAMP:2025-08-30 21:35:02 UTC
TRIGGER:schedule
