---METADATA---
HTTP_STATUS:200
TIME_TOTAL:3.394382
TIME_CONNECT:0.279471
SIZE_DOWNLOAD:1307
TIMESTAMP:2025-08-30 15:11:34 UTC
TRIGGER:schedule
