---METADATA---
HTTP_STATUS:200
TIME_TOTAL:3.478368
TIME_CONNECT:0.275787
SIZE_DOWNLOAD:1307
TIMESTAMP:2025-08-30 12:24:04 UTC
TRIGGER:schedule
