---METADATA---
HTTP_STATUS:200
TIME_TOTAL:1.013225
TIME_CONNECT:0.222005
SIZE_DOWNLOAD:1294
TIMESTAMP:2025-08-30 07:38:00 UTC
TRIGGER:schedule
