---METADATA---
HTTP_STATUS:200
TIME_TOTAL:3.391217
TIME_CONNECT:0.235280
SIZE_DOWNLOAD:1307
TIMESTAMP:2025-08-30 17:46:59 UTC
TRIGGER:schedule
