---METADATA---
HTTP_STATUS:200
TIME_TOTAL:3.482895
TIME_CONNECT:0.264628
SIZE_DOWNLOAD:1294
TIMESTAMP:2025-08-30 06:17:44 UTC
TRIGGER:schedule
