---METADATA---
HTTP_STATUS:200
TIME_TOTAL:3.643309
TIME_CONNECT:0.250723
SIZE_DOWNLOAD:1293
TIMESTAMP:2025-08-30 06:29:21 UTC
TRIGGER:schedule
