---METADATA---
HTTP_STATUS:200
TIME_TOTAL:3.526116
TIME_CONNECT:0.233554
SIZE_DOWNLOAD:1307
TIMESTAMP:2025-08-30 18:16:40 UTC
TRIGGER:schedule
