---METADATA---
HTTP_STATUS:200
TIME_TOTAL:3.463638
TIME_CONNECT:0.271509
SIZE_DOWNLOAD:1295
TIMESTAMP:2025-08-30 09:12:27 UTC
TRIGGER:schedule
