---METADATA---
HTTP_STATUS:200
TIME_TOTAL:3.473500
TIME_CONNECT:0.285140
SIZE_DOWNLOAD:1294
TIMESTAMP:2025-08-30 21:48:13 UTC
TRIGGER:schedule
