---METADATA---
HTTP_STATUS:200
TIME_TOTAL:1.101384
TIME_CONNECT:0.247401
SIZE_DOWNLOAD:1294
TIMESTAMP:2025-08-30 22:48:48 UTC
TRIGGER:schedule
