---METADATA---
HTTP_STATUS:200
TIME_TOTAL:3.512654
TIME_CONNECT:0.277243
SIZE_DOWNLOAD:1306
TIMESTAMP:2025-08-30 09:56:59 UTC
TRIGGER:schedule
