---METADATA---
HTTP_STATUS:200
TIME_TOTAL:3.453614
TIME_CONNECT:0.250586
SIZE_DOWNLOAD:1307
TIMESTAMP:2025-08-30 17:26:32 UTC
TRIGGER:schedule
