---METADATA---
HTTP_STATUS:200
TIME_TOTAL:3.506190
TIME_CONNECT:0.296259
SIZE_DOWNLOAD:1307
TIMESTAMP:2025-08-30 17:48:00 UTC
TRIGGER:schedule
