---METADATA---
HTTP_STATUS:200
TIME_TOTAL:3.464840
TIME_CONNECT:0.247356
SIZE_DOWNLOAD:1307
TIMESTAMP:2025-08-30 17:36:02 UTC
TRIGGER:schedule
