---METADATA---
HTTP_STATUS:200
TIME_TOTAL:3.369487
TIME_CONNECT:0.271455
SIZE_DOWNLOAD:1294
TIMESTAMP:2025-08-30 23:38:26 UTC
TRIGGER:schedule
