---METADATA---
HTTP_STATUS:200
TIME_TOTAL:3.404113
TIME_CONNECT:0.241098
SIZE_DOWNLOAD:1308
TIMESTAMP:2025-08-30 09:40:09 UTC
TRIGGER:schedule
