---METADATA---
HTTP_STATUS:200
TIME_TOTAL:3.336622
TIME_CONNECT:0.271225
SIZE_DOWNLOAD:1307
TIMESTAMP:2025-08-30 17:10:29 UTC
TRIGGER:schedule
