---METADATA---
HTTP_STATUS:200
TIME_TOTAL:3.447481
TIME_CONNECT:0.290149
SIZE_DOWNLOAD:1296
TIMESTAMP:2025-08-30 08:49:25 UTC
TRIGGER:schedule
