---METADATA---
HTTP_STATUS:200
TIME_TOTAL:3.479478
TIME_CONNECT:0.271382
SIZE_DOWNLOAD:1293
TIMESTAMP:2025-08-30 05:29:48 UTC
TRIGGER:schedule
