---METADATA---
HTTP_STATUS:200
TIME_TOTAL:3.406225
TIME_CONNECT:0.275405
SIZE_DOWNLOAD:1294
TIMESTAMP:2025-08-30 22:58:40 UTC
TRIGGER:schedule
