---METADATA---
HTTP_STATUS:200
TIME_TOTAL:3.557351
TIME_CONNECT:0.227076
SIZE_DOWNLOAD:1307
TIMESTAMP:2025-08-30 15:47:03 UTC
TRIGGER:schedule
