---METADATA---
HTTP_STATUS:200
TIME_TOTAL:1.185140
TIME_CONNECT:0.258344
SIZE_DOWNLOAD:1307
TIMESTAMP:2025-08-30 14:27:59 UTC
TRIGGER:schedule
