---METADATA---
HTTP_STATUS:200
TIME_TOTAL:3.423488
TIME_CONNECT:0.224408
SIZE_DOWNLOAD:1296
TIMESTAMP:2025-08-30 08:12:41 UTC
TRIGGER:schedule
