---METADATA---
HTTP_STATUS:200
TIME_TOTAL:3.543615
TIME_CONNECT:0.280100
SIZE_DOWNLOAD:1294
TIMESTAMP:2025-08-30 21:21:51 UTC
TRIGGER:schedule
