---METADATA---
HTTP_STATUS:200
TIME_TOTAL:3.478471
TIME_CONNECT:0.246450
SIZE_DOWNLOAD:1292
TIMESTAMP:2025-08-30 20:29:20 UTC
TRIGGER:schedule
