---METADATA---
HTTP_STATUS:200
TIME_TOTAL:3.457404
TIME_CONNECT:0.240892
SIZE_DOWNLOAD:1295
TIMESTAMP:2025-08-30 09:08:58 UTC
TRIGGER:schedule
