---METADATA---
HTTP_STATUS:200
TIME_TOTAL:3.526380
TIME_CONNECT:0.299350
SIZE_DOWNLOAD:1307
TIMESTAMP:2025-08-30 19:48:15 UTC
TRIGGER:schedule
