---METADATA---
HTTP_STATUS:200
TIME_TOTAL:3.599841
TIME_CONNECT:0.240820
SIZE_DOWNLOAD:1307
TIMESTAMP:2025-08-30 13:46:59 UTC
TRIGGER:schedule
