---METADATA---
HTTP_STATUS:200
TIME_TOTAL:3.563087
TIME_CONNECT:0.280753
SIZE_DOWNLOAD:1307
TIMESTAMP:2025-08-30 18:49:32 UTC
TRIGGER:schedule
