---METADATA---
HTTP_STATUS:200
TIME_TOTAL:3.621117
TIME_CONNECT:0.251861
SIZE_DOWNLOAD:1294
TIMESTAMP:2025-08-30 10:48:12 UTC
TRIGGER:schedule
