---METADATA---
HTTP_STATUS:200
TIME_TOTAL:3.565148
TIME_CONNECT:0.240350
SIZE_DOWNLOAD:1307
TIMESTAMP:2025-08-30 14:39:23 UTC
TRIGGER:schedule
