---METADATA---
HTTP_STATUS:200
TIME_TOTAL:3.726889
TIME_CONNECT:0.318190
SIZE_DOWNLOAD:1307
TIMESTAMP:2025-08-30 16:34:26 UTC
TRIGGER:schedule
