---METADATA---
HTTP_STATUS:200
TIME_TOTAL:3.455536
TIME_CONNECT:0.228940
SIZE_DOWNLOAD:1305
TIMESTAMP:2025-08-30 04:28:50 UTC
TRIGGER:schedule
