---METADATA---
HTTP_STATUS:200
TIME_TOTAL:3.580310
TIME_CONNECT:0.295147
SIZE_DOWNLOAD:1307
TIMESTAMP:2025-08-30 14:10:31 UTC
TRIGGER:schedule
