---METADATA---
HTTP_STATUS:200
TIME_TOTAL:3.684390
TIME_CONNECT:0.241117
SIZE_DOWNLOAD:1307
TIMESTAMP:2025-08-30 03:52:11 UTC
TRIGGER:schedule
