---METADATA---
HTTP_STATUS:200
TIME_TOTAL:1.215111
TIME_CONNECT:0.289715
SIZE_DOWNLOAD:1295
TIMESTAMP:2025-08-30 06:51:13 UTC
TRIGGER:schedule
