---METADATA---
HTTP_STATUS:200
TIME_TOTAL:3.395603
TIME_CONNECT:0.256964
SIZE_DOWNLOAD:1294
TIMESTAMP:2025-08-30 20:39:53 UTC
TRIGGER:schedule
