---METADATA---
HTTP_STATUS:200
TIME_TOTAL:3.684001
TIME_CONNECT:0.242518
SIZE_DOWNLOAD:1293
TIMESTAMP:2025-08-30 11:30:05 UTC
TRIGGER:schedule
