---METADATA---
HTTP_STATUS:200
TIME_TOTAL:3.372743
TIME_CONNECT:0.255474
SIZE_DOWNLOAD:1307
TIMESTAMP:2025-08-30 13:12:57 UTC
TRIGGER:schedule
