---METADATA---
HTTP_STATUS:200
TIME_TOTAL:3.682506
TIME_CONNECT:0.305790
SIZE_DOWNLOAD:1306
TIMESTAMP:2025-08-30 09:48:14 UTC
TRIGGER:schedule
