---METADATA---
HTTP_STATUS:200
TIME_TOTAL:3.648947
TIME_CONNECT:0.277111
SIZE_DOWNLOAD:1307
TIMESTAMP:2025-08-30 03:45:53 UTC
TRIGGER:schedule
