---METADATA---
HTTP_STATUS:200
TIME_TOTAL:3.387617
TIME_CONNECT:0.219832
SIZE_DOWNLOAD:1296
TIMESTAMP:2025-08-30 04:15:10 UTC
TRIGGER:schedule
