---METADATA---
HTTP_STATUS:200
TIME_TOTAL:3.630612
TIME_CONNECT:0.271213
SIZE_DOWNLOAD:1306
TIMESTAMP:2025-08-04 19:15:57 UTC
TRIGGER:schedule
