---METADATA---
HTTP_STATUS:200
TIME_TOTAL:3.399773
TIME_CONNECT:0.281756
SIZE_DOWNLOAD:1306
TIMESTAMP:2025-08-04 21:34:39 UTC
TRIGGER:schedule
