---METADATA---
HTTP_STATUS:200
TIME_TOTAL:3.537718
TIME_CONNECT:0.299061
SIZE_DOWNLOAD:1296
TIMESTAMP:2025-08-04 05:50:44 UTC
TRIGGER:schedule
