---METADATA---
HTTP_STATUS:200
TIME_TOTAL:3.547997
TIME_CONNECT:0.289772
SIZE_DOWNLOAD:1306
TIMESTAMP:2025-08-04 21:25:16 UTC
TRIGGER:schedule
