---METADATA---
HTTP_STATUS:200
TIME_TOTAL:3.542541
TIME_CONNECT:0.224584
SIZE_DOWNLOAD:1309
TIMESTAMP:2025-08-04 01:20:53 UTC
TRIGGER:schedule
