---METADATA---
HTTP_STATUS:200
TIME_TOTAL:3.465992
TIME_CONNECT:0.278050
SIZE_DOWNLOAD:1306
TIMESTAMP:2025-08-04 20:32:55 UTC
TRIGGER:schedule
