---METADATA---
HTTP_STATUS:200
TIME_TOTAL:3.284326
TIME_CONNECT:0.213933
SIZE_DOWNLOAD:1306
TIMESTAMP:2025-08-04 23:44:24 UTC
TRIGGER:schedule
