---METADATA---
HTTP_STATUS:200
TIME_TOTAL:3.507898
TIME_CONNECT:0.288407
SIZE_DOWNLOAD:1294
TIMESTAMP:2025-08-04 05:23:47 UTC
TRIGGER:schedule
