---METADATA---
HTTP_STATUS:200
TIME_TOTAL:3.556630
TIME_CONNECT:0.282842
SIZE_DOWNLOAD:1306
TIMESTAMP:2025-08-04 15:16:51 UTC
TRIGGER:schedule
