---METADATA---
HTTP_STATUS:200
TIME_TOTAL:3.630264
TIME_CONNECT:0.339589
SIZE_DOWNLOAD:1306
TIMESTAMP:2025-08-04 18:37:45 UTC
TRIGGER:schedule
