---METADATA---
HTTP_STATUS:200
TIME_TOTAL:1.081044
TIME_CONNECT:0.224356
SIZE_DOWNLOAD:1306
TIMESTAMP:2025-08-04 15:50:47 UTC
TRIGGER:schedule
