---METADATA---
HTTP_STATUS:200
TIME_TOTAL:3.500431
TIME_CONNECT:0.272725
SIZE_DOWNLOAD:1306
TIMESTAMP:2025-08-04 23:14:38 UTC
TRIGGER:schedule
