---METADATA---
HTTP_STATUS:200
TIME_TOTAL:3.615330
TIME_CONNECT:0.301237
SIZE_DOWNLOAD:1294
TIMESTAMP:2025-08-04 11:00:59 UTC
TRIGGER:schedule
