---METADATA---
HTTP_STATUS:200
TIME_TOTAL:3.592026
TIME_CONNECT:0.296541
SIZE_DOWNLOAD:1306
TIMESTAMP:2025-08-04 17:47:17 UTC
TRIGGER:schedule
