---METADATA---
HTTP_STATUS:200
TIME_TOTAL:3.684144
TIME_CONNECT:0.278795
SIZE_DOWNLOAD:1306
TIMESTAMP:2025-08-04 13:58:32 UTC
TRIGGER:schedule
