---METADATA---
HTTP_STATUS:200
TIME_TOTAL:3.744100
TIME_CONNECT:0.297509
SIZE_DOWNLOAD:1294
TIMESTAMP:2025-08-04 05:56:47 UTC
TRIGGER:schedule
