---METADATA---
HTTP_STATUS:200
TIME_TOTAL:3.258829
TIME_CONNECT:0.213944
SIZE_DOWNLOAD:1306
TIMESTAMP:2025-08-04 20:52:05 UTC
TRIGGER:schedule
