---METADATA---
HTTP_STATUS:200
TIME_TOTAL:3.474589
TIME_CONNECT:0.282419
SIZE_DOWNLOAD:1306
TIMESTAMP:2025-08-04 19:29:30 UTC
TRIGGER:schedule
