---METADATA---
HTTP_STATUS:200
TIME_TOTAL:3.503266
TIME_CONNECT:0.281589
SIZE_DOWNLOAD:1294
TIMESTAMP:2025-08-04 11:30:03 UTC
TRIGGER:schedule
