---METADATA---
HTTP_STATUS:200
TIME_TOTAL:3.518769
TIME_CONNECT:0.286414
SIZE_DOWNLOAD:1294
TIMESTAMP:2025-08-04 10:18:25 UTC
TRIGGER:schedule
