---METADATA---
HTTP_STATUS:200
TIME_TOTAL:3.559206
TIME_CONNECT:0.283160
SIZE_DOWNLOAD:1306
TIMESTAMP:2025-08-04 15:28:58 UTC
TRIGGER:schedule
