---METADATA---
HTTP_STATUS:200
TIME_TOTAL:3.393278
TIME_CONNECT:0.277878
SIZE_DOWNLOAD:1306
TIMESTAMP:2025-08-04 23:51:42 UTC
TRIGGER:schedule
