---METADATA---
HTTP_STATUS:200
TIME_TOTAL:3.465457
TIME_CONNECT:0.274053
SIZE_DOWNLOAD:1306
TIMESTAMP:2025-08-04 21:14:35 UTC
TRIGGER:schedule
