---METADATA---
HTTP_STATUS:200
TIME_TOTAL:3.584490
TIME_CONNECT:0.293986
SIZE_DOWNLOAD:1308
TIMESTAMP:2025-08-04 06:44:04 UTC
TRIGGER:schedule
