---METADATA---
HTTP_STATUS:200
TIME_TOTAL:3.557696
TIME_CONNECT:0.279390
SIZE_DOWNLOAD:1293
TIMESTAMP:2025-08-04 13:28:41 UTC
TRIGGER:schedule
