---METADATA---
HTTP_STATUS:200
TIME_TOTAL:3.488309
TIME_CONNECT:0.277562
SIZE_DOWNLOAD:1294
TIMESTAMP:2025-08-04 08:52:55 UTC
TRIGGER:schedule
