---METADATA---
HTTP_STATUS:200
TIME_TOTAL:3.410556
TIME_CONNECT:0.219446
SIZE_DOWNLOAD:1306
TIMESTAMP:2025-08-04 20:44:10 UTC
TRIGGER:schedule
