---METADATA---
HTTP_STATUS:200
TIME_TOTAL:3.591945
TIME_CONNECT:0.276218
SIZE_DOWNLOAD:1306
TIMESTAMP:2025-08-04 22:29:46 UTC
TRIGGER:schedule
