---METADATA---
HTTP_STATUS:200
TIME_TOTAL:3.364225
TIME_CONNECT:0.215537
SIZE_DOWNLOAD:1294
TIMESTAMP:2025-08-04 11:46:45 UTC
TRIGGER:schedule
