---METADATA---
HTTP_STATUS:200
TIME_TOTAL:3.200179
TIME_CONNECT:0.285723
SIZE_DOWNLOAD:1306
TIMESTAMP:2025-08-04 14:27:50 UTC
TRIGGER:schedule
