---METADATA---
HTTP_STATUS:200
TIME_TOTAL:3.455450
TIME_CONNECT:0.286424
SIZE_DOWNLOAD:1306
TIMESTAMP:2025-08-04 21:51:20 UTC
TRIGGER:schedule
