---METADATA---
HTTP_STATUS:200
TIME_TOTAL:3.387437
TIME_CONNECT:0.275007
SIZE_DOWNLOAD:1306
TIMESTAMP:2025-08-04 23:25:13 UTC
TRIGGER:schedule
