---METADATA---
HTTP_STATUS:200
TIME_TOTAL:3.610737
TIME_CONNECT:0.275320
SIZE_DOWNLOAD:1294
TIMESTAMP:2025-08-04 07:41:52 UTC
TRIGGER:schedule
