---METADATA---
HTTP_STATUS:200
TIME_TOTAL:3.464621
TIME_CONNECT:0.217713
SIZE_DOWNLOAD:1296
TIMESTAMP:2025-08-04 07:05:30 UTC
TRIGGER:schedule
