---METADATA---
HTTP_STATUS:200
TIME_TOTAL:3.538940
TIME_CONNECT:0.280700
SIZE_DOWNLOAD:1307
TIMESTAMP:2025-08-04 02:21:33 UTC
TRIGGER:schedule
