---METADATA---
HTTP_STATUS:200
TIME_TOTAL:3.453909
TIME_CONNECT:0.307699
SIZE_DOWNLOAD:1306
TIMESTAMP:2025-08-04 16:34:23 UTC
TRIGGER:schedule
