---METADATA---
HTTP_STATUS:200
TIME_TOTAL:3.698906
TIME_CONNECT:0.290997
SIZE_DOWNLOAD:1294
TIMESTAMP:2025-08-04 10:46:38 UTC
TRIGGER:schedule
