---METADATA---
HTTP_STATUS:200
TIME_TOTAL:3.581951
TIME_CONNECT:0.216691
SIZE_DOWNLOAD:1309
TIMESTAMP:2025-08-04 08:41:31 UTC
TRIGGER:schedule
