---METADATA---
HTTP_STATUS:200
TIME_TOTAL:3.204254
TIME_CONNECT:0.219099
SIZE_DOWNLOAD:1306
TIMESTAMP:2025-08-04 17:19:45 UTC
TRIGGER:schedule
