---METADATA---
HTTP_STATUS:200
TIME_TOTAL:3.546520
TIME_CONNECT:0.303688
SIZE_DOWNLOAD:1298
TIMESTAMP:2025-08-04 08:24:20 UTC
TRIGGER:schedule
