---METADATA---
HTTP_STATUS:200
TIME_TOTAL:3.430468
TIME_CONNECT:0.271738
SIZE_DOWNLOAD:1306
TIMESTAMP:2025-08-04 14:54:15 UTC
TRIGGER:schedule
