---METADATA---
HTTP_STATUS:200
TIME_TOTAL:3.439547
TIME_CONNECT:0.274379
SIZE_DOWNLOAD:1306
TIMESTAMP:2025-08-04 21:44:35 UTC
TRIGGER:schedule
