---METADATA---
HTTP_STATUS:200
TIME_TOTAL:3.416912
TIME_CONNECT:0.292091
SIZE_DOWNLOAD:1306
TIMESTAMP:2025-08-04 18:22:03 UTC
TRIGGER:schedule
