---METADATA---
HTTP_STATUS:200
TIME_TOTAL:3.560770
TIME_CONNECT:0.283878
SIZE_DOWNLOAD:1294
TIMESTAMP:2025-08-04 09:17:11 UTC
TRIGGER:schedule
