---METADATA---
HTTP_STATUS:200
TIME_TOTAL:3.446597
TIME_CONNECT:0.273816
SIZE_DOWNLOAD:1306
TIMESTAMP:2025-08-04 14:28:55 UTC
TRIGGER:schedule
