---METADATA---
HTTP_STATUS:200
TIME_TOTAL:3.574424
TIME_CONNECT:0.272972
SIZE_DOWNLOAD:1311
TIMESTAMP:2025-08-04 07:18:03 UTC
TRIGGER:schedule
