---METADATA---
HTTP_STATUS:200
TIME_TOTAL:3.632703
TIME_CONNECT:0.288495
SIZE_DOWNLOAD:1296
TIMESTAMP:2025-08-04 06:35:45 UTC
TRIGGER:schedule
