---METADATA---
HTTP_STATUS:200
TIME_TOTAL:3.384915
TIME_CONNECT:0.273144
SIZE_DOWNLOAD:1306
TIMESTAMP:2025-08-04 20:55:07 UTC
TRIGGER:schedule
