---METADATA---
HTTP_STATUS:200
TIME_TOTAL:3.943169
TIME_CONNECT:0.284945
SIZE_DOWNLOAD:1294
TIMESTAMP:2025-08-04 09:49:55 UTC
TRIGGER:schedule
