---METADATA---
HTTP_STATUS:200
TIME_TOTAL:1.030305
TIME_CONNECT:0.279055
SIZE_DOWNLOAD:1294
TIMESTAMP:2025-08-04 07:58:44 UTC
TRIGGER:schedule
