---METADATA---
HTTP_STATUS:200
TIME_TOTAL:3.488067
TIME_CONNECT:0.239898
SIZE_DOWNLOAD:1307
TIMESTAMP:2025-08-04 05:05:28 UTC
TRIGGER:schedule
