---METADATA---
HTTP_STATUS:200
TIME_TOTAL:3.444212
TIME_CONNECT:0.304454
SIZE_DOWNLOAD:1306
TIMESTAMP:2025-08-04 16:53:43 UTC
TRIGGER:schedule
