---METADATA---
HTTP_STATUS:200
TIME_TOTAL:3.370307
TIME_CONNECT:0.235069
SIZE_DOWNLOAD:1309
TIMESTAMP:2025-08-04 13:04:27 UTC
TRIGGER:schedule
