---METADATA---
HTTP_STATUS:200
TIME_TOTAL:3.533764
TIME_CONNECT:0.244005
SIZE_DOWNLOAD:1306
TIMESTAMP:2025-08-04 15:45:35 UTC
TRIGGER:schedule
