---METADATA---
HTTP_STATUS:200
TIME_TOTAL:3.506115
TIME_CONNECT:0.298625
SIZE_DOWNLOAD:1306
TIMESTAMP:2025-08-04 18:54:25 UTC
TRIGGER:schedule
