---METADATA---
HTTP_STATUS:200
TIME_TOTAL:3.442182
TIME_CONNECT:0.219623
SIZE_DOWNLOAD:1306
TIMESTAMP:2025-08-04 17:37:20 UTC
TRIGGER:schedule
