---METADATA---
HTTP_STATUS:200
TIME_TOTAL:1.027941
TIME_CONNECT:0.272784
SIZE_DOWNLOAD:1306
TIMESTAMP:2025-08-04 19:49:43 UTC
TRIGGER:schedule
