---METADATA---
HTTP_STATUS:200
TIME_TOTAL:3.529811
TIME_CONNECT:0.276931
SIZE_DOWNLOAD:1307
TIMESTAMP:2025-08-04 04:06:13 UTC
TRIGGER:schedule
