---METADATA---
HTTP_STATUS:200
TIME_TOTAL:3.639664
TIME_CONNECT:0.293651
SIZE_DOWNLOAD:1307
TIMESTAMP:2025-08-04 03:28:36 UTC
TRIGGER:schedule
