---METADATA---
HTTP_STATUS:200
TIME_TOTAL:3.450827
TIME_CONNECT:0.297998
SIZE_DOWNLOAD:1294
TIMESTAMP:2025-08-04 11:58:38 UTC
TRIGGER:schedule
