---METADATA---
HTTP_STATUS:200
TIME_TOTAL:3.673561
TIME_CONNECT:0.265532
SIZE_DOWNLOAD:1306
TIMESTAMP:2025-08-04 14:52:32 UTC
TRIGGER:schedule
