---METADATA---
HTTP_STATUS:200
TIME_TOTAL:3.532668
TIME_CONNECT:0.222167
SIZE_DOWNLOAD:1306
TIMESTAMP:2025-08-04 17:55:00 UTC
TRIGGER:schedule
