---METADATA---
HTTP_STATUS:200
TIME_TOTAL:3.996702
TIME_CONNECT:0.273234
SIZE_DOWNLOAD:1306
TIMESTAMP:2025-08-04 16:20:25 UTC
TRIGGER:schedule
