---METADATA---
HTTP_STATUS:200
TIME_TOTAL:3.566932
TIME_CONNECT:0.289219
SIZE_DOWNLOAD:1298
TIMESTAMP:2025-08-04 12:32:35 UTC
TRIGGER:schedule
