---METADATA---
HTTP_STATUS:200
TIME_TOTAL:3.475648
TIME_CONNECT:0.284390
SIZE_DOWNLOAD:1294
TIMESTAMP:2025-08-04 11:14:12 UTC
TRIGGER:schedule
