---METADATA---
HTTP_STATUS:200
TIME_TOTAL:3.745417
TIME_CONNECT:0.285805
SIZE_DOWNLOAD:1307
TIMESTAMP:2025-08-04 04:41:04 UTC
TRIGGER:schedule
