---METADATA---
HTTP_STATUS:200
TIME_TOTAL:3.652480
TIME_CONNECT:0.245481
SIZE_DOWNLOAD:1307
TIMESTAMP:2025-08-04 07:45:36 UTC
TRIGGER:schedule
