---METADATA---
HTTP_STATUS:200
TIME_TOTAL:3.697992
TIME_CONNECT:0.290688
SIZE_DOWNLOAD:1294
TIMESTAMP:2025-08-04 07:55:42 UTC
TRIGGER:schedule
