---METADATA---
HTTP_STATUS:200
TIME_TOTAL:3.662740
TIME_CONNECT:0.296033
SIZE_DOWNLOAD:1294
TIMESTAMP:2025-08-04 09:53:04 UTC
TRIGGER:schedule
