---METADATA---
HTTP_STATUS:200
TIME_TOTAL:3.424185
TIME_CONNECT:0.281238
SIZE_DOWNLOAD:1306
TIMESTAMP:2025-08-04 19:01:05 UTC
TRIGGER:schedule
