---METADATA---
HTTP_STATUS:200
TIME_TOTAL:3.583754
TIME_CONNECT:0.354689
SIZE_DOWNLOAD:1306
TIMESTAMP:2025-08-04 22:51:03 UTC
TRIGGER:schedule
