---METADATA---
HTTP_STATUS:200
TIME_TOTAL:1.074627
TIME_CONNECT:0.269378
SIZE_DOWNLOAD:1294
TIMESTAMP:2025-08-04 10:49:08 UTC
TRIGGER:schedule
