---METADATA---
HTTP_STATUS:200
TIME_TOTAL:3.419576
TIME_CONNECT:0.272109
SIZE_DOWNLOAD:1294
TIMESTAMP:2025-08-04 10:15:07 UTC
TRIGGER:schedule
