---METADATA---
HTTP_STATUS:200
TIME_TOTAL:3.540238
TIME_CONNECT:0.291198
SIZE_DOWNLOAD:1306
TIMESTAMP:2025-08-04 22:41:31 UTC
TRIGGER:schedule
