---METADATA---
HTTP_STATUS:200
TIME_TOTAL:3.568551
TIME_CONNECT:0.281997
SIZE_DOWNLOAD:1306
TIMESTAMP:2025-08-04 13:51:31 UTC
TRIGGER:schedule
