---METADATA---
HTTP_STATUS:200
TIME_TOTAL:3.465653
TIME_CONNECT:0.231785
SIZE_DOWNLOAD:1294
TIMESTAMP:2025-08-04 09:25:53 UTC
TRIGGER:schedule
