---METADATA---
HTTP_STATUS:200
TIME_TOTAL:3.540336
TIME_CONNECT:0.289156
SIZE_DOWNLOAD:1306
TIMESTAMP:2025-08-04 20:17:08 UTC
TRIGGER:schedule
