---METADATA---
HTTP_STATUS:200
TIME_TOTAL:3.218747
TIME_CONNECT:0.214481
SIZE_DOWNLOAD:1306
TIMESTAMP:2025-08-04 19:39:23 UTC
TRIGGER:schedule
