---METADATA---
HTTP_STATUS:200
TIME_TOTAL:3.489050
TIME_CONNECT:0.272730
SIZE_DOWNLOAD:1306
TIMESTAMP:2025-08-04 19:57:24 UTC
TRIGGER:schedule
