---METADATA---
HTTP_STATUS:200
TIME_TOTAL:3.410204
TIME_CONNECT:0.279285
SIZE_DOWNLOAD:1306
TIMESTAMP:2025-08-04 19:45:36 UTC
TRIGGER:schedule
