---METADATA---
HTTP_STATUS:200
TIME_TOTAL:3.486979
TIME_CONNECT:0.275503
SIZE_DOWNLOAD:1306
TIMESTAMP:2025-08-04 17:00:41 UTC
TRIGGER:schedule
