---METADATA---
HTTP_STATUS:200
TIME_TOTAL:1.032793
TIME_CONNECT:0.266459
SIZE_DOWNLOAD:1294
TIMESTAMP:2025-08-04 11:32:14 UTC
TRIGGER:schedule
