---METADATA---
HTTP_STATUS:200
TIME_TOTAL:1.027689
TIME_CONNECT:0.270405
SIZE_DOWNLOAD:1306
TIMESTAMP:2025-08-04 22:54:40 UTC
TRIGGER:schedule
