---METADATA---
HTTP_STATUS:200
TIME_TOTAL:3.377034
TIME_CONNECT:0.281866
SIZE_DOWNLOAD:1306
TIMESTAMP:2025-08-04 23:33:57 UTC
TRIGGER:schedule
