---METADATA---
HTTP_STATUS:200
TIME_TOTAL:3.428304
TIME_CONNECT:0.267674
SIZE_DOWNLOAD:1306
TIMESTAMP:2025-08-04 22:15:02 UTC
TRIGGER:schedule
