---METADATA---
HTTP_STATUS:200
TIME_TOTAL:3.567001
TIME_CONNECT:0.272332
SIZE_DOWNLOAD:1306
TIMESTAMP:2025-08-04 21:57:01 UTC
TRIGGER:schedule
