---METADATA---
HTTP_STATUS:200
TIME_TOTAL:3.619132
TIME_CONNECT:0.278044
SIZE_DOWNLOAD:1294
TIMESTAMP:2025-08-04 11:50:34 UTC
TRIGGER:schedule
