---METADATA---
HTTP_STATUS:200
TIME_TOTAL:3.414487
TIME_CONNECT:0.296346
SIZE_DOWNLOAD:1306
TIMESTAMP:2025-08-04 23:57:03 UTC
TRIGGER:schedule
