---METADATA---
HTTP_STATUS:200
TIME_TOTAL:3.553372
TIME_CONNECT:0.296407
SIZE_DOWNLOAD:1296
TIMESTAMP:2025-07-09 16:49:16 UTC
TRIGGER:schedule
