---METADATA---
HTTP_STATUS:200
TIME_TOTAL:3.517008
TIME_CONNECT:0.271783
SIZE_DOWNLOAD:1307
TIMESTAMP:2025-07-09 06:21:34 UTC
TRIGGER:schedule
