---METADATA---
HTTP_STATUS:200
TIME_TOTAL:3.510597
TIME_CONNECT:0.212358
SIZE_DOWNLOAD:1296
TIMESTAMP:2025-07-09 17:14:46 UTC
TRIGGER:schedule
