---METADATA---
HTTP_STATUS:200
TIME_TOTAL:3.731563
TIME_CONNECT:0.319739
SIZE_DOWNLOAD:1294
TIMESTAMP:2025-07-09 05:31:39 UTC
TRIGGER:schedule
