---METADATA---
HTTP_STATUS:200
TIME_TOTAL:3.526174
TIME_CONNECT:0.276550
SIZE_DOWNLOAD:1296
TIMESTAMP:2025-07-09 18:50:04 UTC
TRIGGER:schedule
