---METADATA---
HTTP_STATUS:200
TIME_TOTAL:3.284152
TIME_CONNECT:0.284342
SIZE_DOWNLOAD:1296
TIMESTAMP:2025-07-09 20:41:18 UTC
TRIGGER:schedule
