---METADATA---
HTTP_STATUS:200
TIME_TOTAL:3.400854
TIME_CONNECT:0.230042
SIZE_DOWNLOAD:1296
TIMESTAMP:2025-07-09 02:59:29 UTC
TRIGGER:schedule
