---METADATA---
HTTP_STATUS:200
TIME_TOTAL:3.606254
TIME_CONNECT:0.289408
SIZE_DOWNLOAD:1296
TIMESTAMP:2025-07-09 14:18:09 UTC
TRIGGER:schedule
