---METADATA---
HTTP_STATUS:200
TIME_TOTAL:3.521392
TIME_CONNECT:0.270229
SIZE_DOWNLOAD:1296
TIMESTAMP:2025-07-09 18:20:04 UTC
TRIGGER:schedule
