---METADATA---
HTTP_STATUS:200
TIME_TOTAL:3.209219
TIME_CONNECT:0.265922
SIZE_DOWNLOAD:1296
TIMESTAMP:2025-07-09 22:51:10 UTC
TRIGGER:schedule
