---METADATA---
HTTP_STATUS:200
TIME_TOTAL:1.094535
TIME_CONNECT:0.264655
SIZE_DOWNLOAD:1309
TIMESTAMP:2025-07-09 11:45:09 UTC
TRIGGER:schedule
