---METADATA---
HTTP_STATUS:200
TIME_TOTAL:3.552867
TIME_CONNECT:0.300993
SIZE_DOWNLOAD:1296
TIMESTAMP:2025-07-09 22:27:01 UTC
TRIGGER:schedule
