---METADATA---
HTTP_STATUS:200
TIME_TOTAL:3.345793
TIME_CONNECT:0.239530
SIZE_DOWNLOAD:1292
TIMESTAMP:2025-07-09 05:53:08 UTC
TRIGGER:schedule
