---METADATA---
HTTP_STATUS:200
TIME_TOTAL:3.605507
TIME_CONNECT:0.241572
SIZE_DOWNLOAD:1294
TIMESTAMP:2025-07-09 13:44:41 UTC
TRIGGER:schedule
