---METADATA---
HTTP_STATUS:200
TIME_TOTAL:3.843742
TIME_CONNECT:0.280199
SIZE_DOWNLOAD:1294
TIMESTAMP:2025-07-09 11:09:01 UTC
TRIGGER:schedule
