---METADATA---
HTTP_STATUS:200
TIME_TOTAL:3.490946
TIME_CONNECT:0.279240
SIZE_DOWNLOAD:1296
TIMESTAMP:2025-07-09 22:58:16 UTC
TRIGGER:schedule
