---METADATA---
HTTP_STATUS:200
TIME_TOTAL:3.431935
TIME_CONNECT:0.279397
SIZE_DOWNLOAD:1296
TIMESTAMP:2025-07-09 23:26:33 UTC
TRIGGER:schedule
