---METADATA---
HTTP_STATUS:200
TIME_TOTAL:3.317760
TIME_CONNECT:0.248925
SIZE_DOWNLOAD:1296
TIMESTAMP:2025-07-09 22:46:20 UTC
TRIGGER:schedule
