---METADATA---
HTTP_STATUS:200
TIME_TOTAL:3.317973
TIME_CONNECT:0.285120
SIZE_DOWNLOAD:1296
TIMESTAMP:2025-07-09 07:56:58 UTC
TRIGGER:schedule
