---METADATA---
HTTP_STATUS:200
TIME_TOTAL:3.460267
TIME_CONNECT:0.279676
SIZE_DOWNLOAD:1296
TIMESTAMP:2025-07-09 21:31:02 UTC
TRIGGER:schedule
