---METADATA---
HTTP_STATUS:200
TIME_TOTAL:3.309225
TIME_CONNECT:0.306885
SIZE_DOWNLOAD:1296
TIMESTAMP:2025-07-09 02:19:20 UTC
TRIGGER:schedule
