---METADATA---
HTTP_STATUS:200
TIME_TOTAL:3.306431
TIME_CONNECT:0.233021
SIZE_DOWNLOAD:1293
TIMESTAMP:2025-07-09 05:45:57 UTC
TRIGGER:schedule
