---METADATA---
HTTP_STATUS:200
TIME_TOTAL:1.138685
TIME_CONNECT:0.268883
SIZE_DOWNLOAD:1296
TIMESTAMP:2025-07-09 19:27:13 UTC
TRIGGER:schedule
