---METADATA---
HTTP_STATUS:200
TIME_TOTAL:3.403267
TIME_CONNECT:0.276713
SIZE_DOWNLOAD:1296
TIMESTAMP:2025-07-09 21:27:01 UTC
TRIGGER:schedule
