---METADATA---
HTTP_STATUS:200
TIME_TOTAL:3.398297
TIME_CONNECT:0.272215
SIZE_DOWNLOAD:1296
TIMESTAMP:2025-07-09 15:15:37 UTC
TRIGGER:schedule
