---METADATA---
HTTP_STATUS:200
TIME_TOTAL:3.361446
TIME_CONNECT:0.263711
SIZE_DOWNLOAD:1298
TIMESTAMP:2025-07-09 08:19:39 UTC
TRIGGER:schedule
