---METADATA---
HTTP_STATUS:200
TIME_TOTAL:3.347659
TIME_CONNECT:0.280110
SIZE_DOWNLOAD:1296
TIMESTAMP:2025-07-09 15:51:42 UTC
TRIGGER:schedule
