---METADATA---
HTTP_STATUS:200
TIME_TOTAL:3.295867
TIME_CONNECT:0.279132
SIZE_DOWNLOAD:1296
TIMESTAMP:2025-07-09 23:49:23 UTC
TRIGGER:schedule
