---METADATA---
HTTP_STATUS:200
TIME_TOTAL:3.532021
TIME_CONNECT:0.245292
SIZE_DOWNLOAD:1296
TIMESTAMP:2025-07-09 15:30:47 UTC
TRIGGER:schedule
