---METADATA---
HTTP_STATUS:200
TIME_TOTAL:3.641067
TIME_CONNECT:0.266611
SIZE_DOWNLOAD:1307
TIMESTAMP:2025-07-09 09:51:50 UTC
TRIGGER:schedule
