---METADATA---
HTTP_STATUS:200
TIME_TOTAL:3.341079
TIME_CONNECT:0.282110
SIZE_DOWNLOAD:1296
TIMESTAMP:2025-07-09 19:37:55 UTC
TRIGGER:schedule
