---METADATA---
HTTP_STATUS:200
TIME_TOTAL:3.170565
TIME_CONNECT:0.275887
SIZE_DOWNLOAD:1296
TIMESTAMP:2025-07-09 14:43:42 UTC
TRIGGER:schedule
