---METADATA---
HTTP_STATUS:200
TIME_TOTAL:3.581172
TIME_CONNECT:0.284999
SIZE_DOWNLOAD:1296
TIMESTAMP:2025-07-09 12:56:47 UTC
TRIGGER:schedule
