---METADATA---
HTTP_STATUS:200
TIME_TOTAL:3.256829
TIME_CONNECT:0.263801
SIZE_DOWNLOAD:1296
TIMESTAMP:2025-07-09 23:13:48 UTC
TRIGGER:schedule
