---METADATA---
HTTP_STATUS:200
TIME_TOTAL:3.587697
TIME_CONNECT:0.300589
SIZE_DOWNLOAD:1296
TIMESTAMP:2025-07-09 21:13:19 UTC
TRIGGER:schedule
