---METADATA---
HTTP_STATUS:200
TIME_TOTAL:3.063432
TIME_CONNECT:0.279274
SIZE_DOWNLOAD:1296
TIMESTAMP:2025-07-09 21:57:08 UTC
TRIGGER:schedule
