---METADATA---
HTTP_STATUS:200
TIME_TOTAL:3.409055
TIME_CONNECT:0.324374
SIZE_DOWNLOAD:1307
TIMESTAMP:2025-07-09 01:11:26 UTC
TRIGGER:schedule
