---METADATA---
HTTP_STATUS:200
TIME_TOTAL:3.385703
TIME_CONNECT:0.272255
SIZE_DOWNLOAD:1296
TIMESTAMP:2025-07-09 16:30:09 UTC
TRIGGER:schedule
