---METADATA---
HTTP_STATUS:200
TIME_TOTAL:3.624776
TIME_CONNECT:0.279125
SIZE_DOWNLOAD:1307
TIMESTAMP:2025-07-09 06:35:18 UTC
TRIGGER:schedule
