---METADATA---
HTTP_STATUS:200
TIME_TOTAL:3.458070
TIME_CONNECT:0.275708
SIZE_DOWNLOAD:1296
TIMESTAMP:2025-07-09 15:42:06 UTC
TRIGGER:schedule
