---METADATA---
HTTP_STATUS:200
TIME_TOTAL:3.327682
TIME_CONNECT:0.237549
SIZE_DOWNLOAD:1296
TIMESTAMP:2025-07-09 18:39:14 UTC
TRIGGER:schedule
