---METADATA---
HTTP_STATUS:200
TIME_TOTAL:3.293588
TIME_CONNECT:0.275639
SIZE_DOWNLOAD:1296
TIMESTAMP:2025-07-09 20:52:04 UTC
TRIGGER:schedule
