---METADATA---
HTTP_STATUS:200
TIME_TOTAL:3.345749
TIME_CONNECT:0.282427
SIZE_DOWNLOAD:1296
TIMESTAMP:2025-07-09 17:25:24 UTC
TRIGGER:schedule
