---METADATA---
HTTP_STATUS:200
TIME_TOTAL:1.067017
TIME_CONNECT:0.233956
SIZE_DOWNLOAD:1292
TIMESTAMP:2025-07-09 10:49:06 UTC
TRIGGER:schedule
