---METADATA---
HTTP_STATUS:200
TIME_TOTAL:3.512038
TIME_CONNECT:0.266751
SIZE_DOWNLOAD:1296
TIMESTAMP:2025-07-09 14:54:13 UTC
TRIGGER:schedule
