---METADATA---
HTTP_STATUS:200
TIME_TOTAL:3.416838
TIME_CONNECT:0.255236
SIZE_DOWNLOAD:1296
TIMESTAMP:2025-07-09 19:48:05 UTC
TRIGGER:schedule
