---METADATA---
HTTP_STATUS:200
TIME_TOTAL:3.320135
TIME_CONNECT:0.251655
SIZE_DOWNLOAD:1305
TIMESTAMP:2025-07-09 13:55:31 UTC
TRIGGER:schedule
