---METADATA---
HTTP_STATUS:200
TIME_TOTAL:3.282156
TIME_CONNECT:0.244112
SIZE_DOWNLOAD:1310
TIMESTAMP:2025-07-09 04:56:42 UTC
TRIGGER:schedule
