---METADATA---
HTTP_STATUS:200
TIME_TOTAL:3.510997
TIME_CONNECT:0.229566
SIZE_DOWNLOAD:1307
TIMESTAMP:2025-07-09 13:38:57 UTC
TRIGGER:schedule
