---METADATA---
HTTP_STATUS:200
TIME_TOTAL:3.630018
TIME_CONNECT:0.263705
SIZE_DOWNLOAD:1307
TIMESTAMP:2025-07-09 11:57:07 UTC
TRIGGER:schedule
