---METADATA---
HTTP_STATUS:200
TIME_TOTAL:3.431506
TIME_CONNECT:0.270455
SIZE_DOWNLOAD:1307
TIMESTAMP:2025-07-09 05:22:29 UTC
TRIGGER:schedule
