---METADATA---
HTTP_STATUS:200
TIME_TOTAL:3.362619
TIME_CONNECT:0.254808
SIZE_DOWNLOAD:1296
TIMESTAMP:2025-07-09 22:35:52 UTC
TRIGGER:schedule
