---METADATA---
HTTP_STATUS:200
TIME_TOTAL:3.438191
TIME_CONNECT:0.267445
SIZE_DOWNLOAD:1296
TIMESTAMP:2025-07-09 17:35:47 UTC
TRIGGER:schedule
