---METADATA---
HTTP_STATUS:200
TIME_TOTAL:3.616638
TIME_CONNECT:0.252714
SIZE_DOWNLOAD:1296
TIMESTAMP:2025-07-09 07:40:13 UTC
TRIGGER:schedule
