---METADATA---
HTTP_STATUS:200
TIME_TOTAL:3.380248
TIME_CONNECT:0.249392
SIZE_DOWNLOAD:1305
TIMESTAMP:2025-07-09 13:56:57 UTC
TRIGGER:schedule
