---METADATA---
HTTP_STATUS:200
TIME_TOTAL:3.708973
TIME_CONNECT:0.309103
SIZE_DOWNLOAD:1307
TIMESTAMP:2025-07-09 09:17:13 UTC
TRIGGER:schedule
