---METADATA---
HTTP_STATUS:200
TIME_TOTAL:3.391491
TIME_CONNECT:0.354788
SIZE_DOWNLOAD:1296
TIMESTAMP:2025-07-09 14:24:40 UTC
TRIGGER:schedule
