---METADATA---
HTTP_STATUS:200
TIME_TOTAL:3.664823
TIME_CONNECT:0.493309
SIZE_DOWNLOAD:1295
TIMESTAMP:2025-07-09 07:27:53 UTC
TRIGGER:schedule
