---METADATA---
HTTP_STATUS:200
TIME_TOTAL:3.438549
TIME_CONNECT:0.274183
SIZE_DOWNLOAD:1307
TIMESTAMP:2025-07-09 06:51:20 UTC
TRIGGER:schedule
