---METADATA---
HTTP_STATUS:200
TIME_TOTAL:3.269851
TIME_CONNECT:0.246160
SIZE_DOWNLOAD:1296
TIMESTAMP:2025-07-09 11:29:31 UTC
TRIGGER:schedule
