---METADATA---
HTTP_STATUS:200
TIME_TOTAL:1.120114
TIME_CONNECT:0.244632
SIZE_DOWNLOAD:1294
TIMESTAMP:2025-07-09 11:12:49 UTC
TRIGGER:schedule
