---METADATA---
HTTP_STATUS:200
TIME_TOTAL:3.458113
TIME_CONNECT:0.277342
SIZE_DOWNLOAD:1296
TIMESTAMP:2025-07-09 19:40:22 UTC
TRIGGER:schedule
