---METADATA---
HTTP_STATUS:200
TIME_TOTAL:3.550479
TIME_CONNECT:0.272168
SIZE_DOWNLOAD:1307
TIMESTAMP:2025-07-09 06:57:24 UTC
TRIGGER:schedule
