---METADATA---
HTTP_STATUS:200
TIME_TOTAL:3.446545
TIME_CONNECT:0.288122
SIZE_DOWNLOAD:1309
TIMESTAMP:2025-07-09 08:36:25 UTC
TRIGGER:schedule
