---METADATA---
HTTP_STATUS:200
TIME_TOTAL:3.165094
TIME_CONNECT:0.211143
SIZE_DOWNLOAD:1296
TIMESTAMP:2025-07-09 23:57:00 UTC
TRIGGER:schedule
