---METADATA---
HTTP_STATUS:200
TIME_TOTAL:1.034980
TIME_CONNECT:0.255721
SIZE_DOWNLOAD:1307
TIMESTAMP:2025-07-09 09:53:31 UTC
TRIGGER:schedule
