---METADATA---
HTTP_STATUS:200
TIME_TOTAL:3.627678
TIME_CONNECT:0.275088
SIZE_DOWNLOAD:1296
TIMESTAMP:2025-07-09 16:15:55 UTC
TRIGGER:schedule
