---METADATA---
HTTP_STATUS:200
TIME_TOTAL:3.572101
TIME_CONNECT:0.236444
SIZE_DOWNLOAD:1294
TIMESTAMP:2025-07-09 10:16:18 UTC
TRIGGER:schedule
