---METADATA---
HTTP_STATUS:200
TIME_TOTAL:3.423639
TIME_CONNECT:0.271880
SIZE_DOWNLOAD:1294
TIMESTAMP:2025-07-09 03:55:03 UTC
TRIGGER:schedule
