---METADATA---
HTTP_STATUS:200
TIME_TOTAL:3.410464
TIME_CONNECT:0.276025
SIZE_DOWNLOAD:1296
TIMESTAMP:2025-07-09 20:59:28 UTC
TRIGGER:schedule
