---METADATA---
HTTP_STATUS:200
TIME_TOTAL:3.395283
TIME_CONNECT:0.234060
SIZE_DOWNLOAD:1309
TIMESTAMP:2025-07-09 12:29:10 UTC
TRIGGER:schedule
