---METADATA---
HTTP_STATUS:200
TIME_TOTAL:1.138040
TIME_CONNECT:0.282191
SIZE_DOWNLOAD:1296
TIMESTAMP:2025-07-09 14:58:50 UTC
TRIGGER:schedule
