---METADATA---
HTTP_STATUS:200
TIME_TOTAL:3.390369
TIME_CONNECT:0.308376
SIZE_DOWNLOAD:1296
TIMESTAMP:2025-07-09 19:22:41 UTC
TRIGGER:schedule
