---METADATA---
HTTP_STATUS:200
TIME_TOTAL:3.326864
TIME_CONNECT:0.285780
SIZE_DOWNLOAD:1296
TIMESTAMP:2025-07-09 23:31:37 UTC
TRIGGER:schedule
