---METADATA---
HTTP_STATUS:200
TIME_TOTAL:3.600774
TIME_CONNECT:0.251475
SIZE_DOWNLOAD:1306
TIMESTAMP:2025-07-09 08:48:24 UTC
TRIGGER:schedule
