---METADATA---
HTTP_STATUS:200
TIME_TOTAL:3.007747
TIME_CONNECT:0.237764
SIZE_DOWNLOAD:1294
TIMESTAMP:2025-07-09 10:26:48 UTC
TRIGGER:schedule
