---METADATA---
HTTP_STATUS:200
TIME_TOTAL:3.385392
TIME_CONNECT:0.287387
SIZE_DOWNLOAD:1296
TIMESTAMP:2025-07-09 14:47:09 UTC
TRIGGER:schedule
