---METADATA---
HTTP_STATUS:200
TIME_TOTAL:3.166336
TIME_CONNECT:0.242026
SIZE_DOWNLOAD:1296
TIMESTAMP:2025-07-09 19:11:58 UTC
TRIGGER:schedule
