---METADATA---
HTTP_STATUS:200
TIME_TOTAL:3.572377
TIME_CONNECT:0.281258
SIZE_DOWNLOAD:1309
TIMESTAMP:2025-07-09 10:45:17 UTC
TRIGGER:schedule
