---METADATA---
HTTP_STATUS:200
TIME_TOTAL:3.348611
TIME_CONNECT:0.269169
SIZE_DOWNLOAD:1296
TIMESTAMP:2025-07-09 09:31:49 UTC
TRIGGER:schedule
