---METADATA---
HTTP_STATUS:200
TIME_TOTAL:3.457692
TIME_CONNECT:0.278255
SIZE_DOWNLOAD:1296
TIMESTAMP:2025-07-09 15:53:04 UTC
TRIGGER:schedule
