---METADATA---
HTTP_STATUS:200
TIME_TOTAL:3.379158
TIME_CONNECT:0.309174
SIZE_DOWNLOAD:1296
TIMESTAMP:2025-07-09 20:29:58 UTC
TRIGGER:schedule
