---METADATA---
HTTP_STATUS:200
TIME_TOTAL:3.520143
TIME_CONNECT:0.273790
SIZE_DOWNLOAD:1305
TIMESTAMP:2025-07-09 07:15:36 UTC
TRIGGER:schedule
