---METADATA---
HTTP_STATUS:200
TIME_TOTAL:3.416004
TIME_CONNECT:0.240055
SIZE_DOWNLOAD:1294
TIMESTAMP:2025-07-09 13:09:54 UTC
TRIGGER:schedule
