---METADATA---
HTTP_STATUS:200
TIME_TOTAL:3.468028
TIME_CONNECT:0.252146
SIZE_DOWNLOAD:1310
TIMESTAMP:2025-07-09 04:29:07 UTC
TRIGGER:schedule
