---METADATA---
HTTP_STATUS:200
TIME_TOTAL:3.658169
TIME_CONNECT:0.231053
SIZE_DOWNLOAD:1296
TIMESTAMP:2025-07-09 23:43:58 UTC
TRIGGER:schedule
