---METADATA---
HTTP_STATUS:200
TIME_TOTAL:3.408365
TIME_CONNECT:0.209553
SIZE_DOWNLOAD:1296
TIMESTAMP:2025-07-09 21:48:39 UTC
TRIGGER:schedule
