---METADATA---
HTTP_STATUS:200
TIME_TOTAL:3.414997
TIME_CONNECT:0.278424
SIZE_DOWNLOAD:1296
TIMESTAMP:2025-07-09 21:43:55 UTC
TRIGGER:schedule
