---METADATA---
HTTP_STATUS:200
TIME_TOTAL:3.437802
TIME_CONNECT:0.238276
SIZE_DOWNLOAD:1309
TIMESTAMP:2025-07-09 11:42:53 UTC
TRIGGER:schedule
