---METADATA---
HTTP_STATUS:200
TIME_TOTAL:3.437139
TIME_CONNECT:0.261120
SIZE_DOWNLOAD:1294
TIMESTAMP:2025-07-09 09:43:21 UTC
TRIGGER:schedule
