---METADATA---
HTTP_STATUS:200
TIME_TOTAL:3.317963
TIME_CONNECT:0.277653
SIZE_DOWNLOAD:1296
TIMESTAMP:2025-07-09 20:15:46 UTC
TRIGGER:schedule
