---METADATA---
HTTP_STATUS:200
TIME_TOTAL:3.390819
TIME_CONNECT:0.288511
SIZE_DOWNLOAD:1296
TIMESTAMP:2025-07-09 17:45:30 UTC
TRIGGER:schedule
