---METADATA---
HTTP_STATUS:200
TIME_TOTAL:3.569527
TIME_CONNECT:0.303516
SIZE_DOWNLOAD:1307
TIMESTAMP:2025-07-09 03:38:08 UTC
TRIGGER:schedule
