---METADATA---
HTTP_STATUS:200
TIME_TOTAL:3.706517
TIME_CONNECT:0.311132
SIZE_DOWNLOAD:1309
TIMESTAMP:2025-07-09 08:57:34 UTC
TRIGGER:schedule
