---METADATA---
HTTP_STATUS:200
TIME_TOTAL:3.419265
TIME_CONNECT:0.240211
SIZE_DOWNLOAD:1307
TIMESTAMP:2025-07-09 07:44:58 UTC
TRIGGER:schedule
