---METADATA---
HTTP_STATUS:200
TIME_TOTAL:3.387177
TIME_CONNECT:0.265236
SIZE_DOWNLOAD:1296
TIMESTAMP:2025-07-09 17:57:39 UTC
TRIGGER:schedule
