---METADATA---
HTTP_STATUS:200
TIME_TOTAL:3.701490
TIME_CONNECT:0.236409
SIZE_DOWNLOAD:1298
TIMESTAMP:2025-07-09 04:20:09 UTC
TRIGGER:schedule
