---METADATA---
HTTP_STATUS:200
TIME_TOTAL:3.498130
TIME_CONNECT:0.274991
SIZE_DOWNLOAD:1292
TIMESTAMP:2025-07-09 11:51:04 UTC
TRIGGER:schedule
