---METADATA---
HTTP_STATUS:200
TIME_TOTAL:3.429361
TIME_CONNECT:0.273109
SIZE_DOWNLOAD:1296
TIMESTAMP:2025-07-09 17:50:46 UTC
TRIGGER:schedule
