---METADATA---
HTTP_STATUS:200
TIME_TOTAL:3.272309
TIME_CONNECT:0.267123
SIZE_DOWNLOAD:1296
TIMESTAMP:2025-07-09 16:56:19 UTC
TRIGGER:schedule
