---METADATA---
HTTP_STATUS:200
TIME_TOTAL:3.349676
TIME_CONNECT:0.268038
SIZE_DOWNLOAD:1296
TIMESTAMP:2025-07-09 18:57:43 UTC
TRIGGER:schedule
