---METADATA---
HTTP_STATUS:200
TIME_TOTAL:1.123336
TIME_CONNECT:0.297173
SIZE_DOWNLOAD:1294
TIMESTAMP:2025-07-09 07:50:15 UTC
TRIGGER:schedule
