---METADATA---
HTTP_STATUS:200
TIME_TOTAL:3.309955
TIME_CONNECT:0.276638
SIZE_DOWNLOAD:1296
TIMESTAMP:2025-07-09 20:47:27 UTC
TRIGGER:schedule
