---METADATA---
HTTP_STATUS:200
TIME_TOTAL:3.398609
TIME_CONNECT:0.292369
SIZE_DOWNLOAD:1294
TIMESTAMP:2025-07-25 21:32:21 UTC
TRIGGER:schedule
