---METADATA---
HTTP_STATUS:200
TIME_TOTAL:3.358868
TIME_CONNECT:0.237367
SIZE_DOWNLOAD:1294
TIMESTAMP:2025-07-25 19:41:20 UTC
TRIGGER:schedule
