---METADATA---
HTTP_STATUS:200
TIME_TOTAL:3.593623
TIME_CONNECT:0.282295
SIZE_DOWNLOAD:1307
TIMESTAMP:2025-07-25 13:52:00 UTC
TRIGGER:schedule
