---METADATA---
HTTP_STATUS:200
TIME_TOTAL:3.625152
TIME_CONNECT:0.277522
SIZE_DOWNLOAD:1294
TIMESTAMP:2025-07-25 23:50:29 UTC
TRIGGER:schedule
