---METADATA---
HTTP_STATUS:200
TIME_TOTAL:3.584459
TIME_CONNECT:0.300144
SIZE_DOWNLOAD:1294
TIMESTAMP:2025-07-25 19:01:10 UTC
TRIGGER:schedule
