---METADATA---
HTTP_STATUS:200
TIME_TOTAL:3.456803
TIME_CONNECT:0.272062
SIZE_DOWNLOAD:1294
TIMESTAMP:2025-07-25 16:37:11 UTC
TRIGGER:schedule
