---METADATA---
HTTP_STATUS:200
TIME_TOTAL:3.497829
TIME_CONNECT:0.300839
SIZE_DOWNLOAD:1294
TIMESTAMP:2025-07-25 22:37:12 UTC
TRIGGER:schedule
