---METADATA---
HTTP_STATUS:200
TIME_TOTAL:3.549182
TIME_CONNECT:0.280138
SIZE_DOWNLOAD:1309
TIMESTAMP:2025-07-25 09:53:35 UTC
TRIGGER:schedule
