---METADATA---
HTTP_STATUS:200
TIME_TOTAL:3.473512
TIME_CONNECT:0.224301
SIZE_DOWNLOAD:1309
TIMESTAMP:2025-07-25 11:13:21 UTC
TRIGGER:schedule
