---METADATA---
HTTP_STATUS:200
TIME_TOTAL:3.514225
TIME_CONNECT:0.337280
SIZE_DOWNLOAD:1307
TIMESTAMP:2025-07-25 04:28:04 UTC
TRIGGER:schedule
