---METADATA---
HTTP_STATUS:200
TIME_TOTAL:3.461721
TIME_CONNECT:0.271018
SIZE_DOWNLOAD:1294
TIMESTAMP:2025-07-25 20:54:17 UTC
TRIGGER:schedule
