---METADATA---
HTTP_STATUS:200
TIME_TOTAL:3.445711
TIME_CONNECT:0.219869
SIZE_DOWNLOAD:1294
TIMESTAMP:2025-07-25 17:15:10 UTC
TRIGGER:schedule
