---METADATA---
HTTP_STATUS:200
TIME_TOTAL:3.586328
TIME_CONNECT:0.229504
SIZE_DOWNLOAD:1309
TIMESTAMP:2025-07-25 07:18:12 UTC
TRIGGER:schedule
