---METADATA---
HTTP_STATUS:200
TIME_TOTAL:3.389416
TIME_CONNECT:0.280046
SIZE_DOWNLOAD:1294
TIMESTAMP:2025-07-25 20:16:19 UTC
TRIGGER:schedule
