---METADATA---
HTTP_STATUS:200
TIME_TOTAL:3.716333
TIME_CONNECT:0.221703
SIZE_DOWNLOAD:1298
TIMESTAMP:2025-07-25 05:42:32 UTC
TRIGGER:schedule
