---METADATA---
HTTP_STATUS:200
TIME_TOTAL:3.651161
TIME_CONNECT:0.288618
SIZE_DOWNLOAD:1309
TIMESTAMP:2025-07-25 09:18:25 UTC
TRIGGER:schedule
