---METADATA---
HTTP_STATUS:200
TIME_TOTAL:3.517248
TIME_CONNECT:0.282542
SIZE_DOWNLOAD:1294
TIMESTAMP:2025-07-25 16:49:14 UTC
TRIGGER:schedule
