---METADATA---
HTTP_STATUS:200
TIME_TOTAL:3.660893
TIME_CONNECT:0.359259
SIZE_DOWNLOAD:1309
TIMESTAMP:2025-07-25 06:54:16 UTC
TRIGGER:schedule
