---METADATA---
HTTP_STATUS:200
TIME_TOTAL:3.384994
TIME_CONNECT:0.276490
SIZE_DOWNLOAD:1309
TIMESTAMP:2025-07-25 08:48:53 UTC
TRIGGER:schedule
