---METADATA---
HTTP_STATUS:200
TIME_TOTAL:3.315712
TIME_CONNECT:0.268128
SIZE_DOWNLOAD:1294
TIMESTAMP:2025-07-25 19:56:52 UTC
TRIGGER:schedule
