---METADATA---
HTTP_STATUS:200
TIME_TOTAL:3.486796
TIME_CONNECT:0.293983
SIZE_DOWNLOAD:1309
TIMESTAMP:2025-07-25 13:19:07 UTC
TRIGGER:schedule
