---METADATA---
HTTP_STATUS:200
TIME_TOTAL:3.517366
TIME_CONNECT:0.296081
SIZE_DOWNLOAD:1294
TIMESTAMP:2025-07-25 16:57:32 UTC
TRIGGER:schedule
