---METADATA---
HTTP_STATUS:200
TIME_TOTAL:3.526073
TIME_CONNECT:0.294202
SIZE_DOWNLOAD:1294
TIMESTAMP:2025-07-25 15:53:59 UTC
TRIGGER:schedule
