---METADATA---
HTTP_STATUS:200
TIME_TOTAL:3.432600
TIME_CONNECT:0.278297
SIZE_DOWNLOAD:1294
TIMESTAMP:2025-07-25 14:53:35 UTC
TRIGGER:schedule
