---METADATA---
HTTP_STATUS:200
TIME_TOTAL:3.540708
TIME_CONNECT:0.283230
SIZE_DOWNLOAD:1294
TIMESTAMP:2025-07-25 14:38:40 UTC
TRIGGER:schedule
