---METADATA---
HTTP_STATUS:200
TIME_TOTAL:3.535114
TIME_CONNECT:0.294071
SIZE_DOWNLOAD:1294
TIMESTAMP:2025-07-25 13:59:41 UTC
TRIGGER:schedule
