---METADATA---
HTTP_STATUS:200
TIME_TOTAL:3.450932
TIME_CONNECT:0.257272
SIZE_DOWNLOAD:1294
TIMESTAMP:2025-07-25 21:42:42 UTC
TRIGGER:schedule
