---METADATA---
HTTP_STATUS:200
TIME_TOTAL:3.353197
TIME_CONNECT:0.221066
SIZE_DOWNLOAD:1294
TIMESTAMP:2025-07-25 21:49:48 UTC
TRIGGER:schedule
