---METADATA---
HTTP_STATUS:200
TIME_TOTAL:3.604141
TIME_CONNECT:0.240795
SIZE_DOWNLOAD:1309
TIMESTAMP:2025-07-25 11:31:00 UTC
TRIGGER:schedule
