---METADATA---
HTTP_STATUS:200
TIME_TOTAL:3.541223
TIME_CONNECT:0.246376
SIZE_DOWNLOAD:1309
TIMESTAMP:2025-07-25 07:52:07 UTC
TRIGGER:schedule
