---METADATA---
HTTP_STATUS:200
TIME_TOTAL:3.664419
TIME_CONNECT:0.282738
SIZE_DOWNLOAD:1294
TIMESTAMP:2025-07-25 14:30:37 UTC
TRIGGER:schedule
