---METADATA---
HTTP_STATUS:200
TIME_TOTAL:3.602299
TIME_CONNECT:0.269518
SIZE_DOWNLOAD:1294
TIMESTAMP:2025-07-25 18:20:56 UTC
TRIGGER:schedule
