---METADATA---
HTTP_STATUS:200
TIME_TOTAL:3.437082
TIME_CONNECT:0.322625
SIZE_DOWNLOAD:1294
TIMESTAMP:2025-07-25 17:51:12 UTC
TRIGGER:schedule
