---METADATA---
HTTP_STATUS:200
TIME_TOTAL:1.182366
TIME_CONNECT:0.277864
SIZE_DOWNLOAD:1294
TIMESTAMP:2025-07-25 15:47:01 UTC
TRIGGER:schedule
