---METADATA---
HTTP_STATUS:200
TIME_TOTAL:3.630239
TIME_CONNECT:0.300630
SIZE_DOWNLOAD:1309
TIMESTAMP:2025-07-25 08:33:07 UTC
TRIGGER:schedule
