---METADATA---
HTTP_STATUS:200
TIME_TOTAL:3.563660
TIME_CONNECT:0.306023
SIZE_DOWNLOAD:1298
TIMESTAMP:2025-07-25 05:01:51 UTC
TRIGGER:schedule
