---METADATA---
HTTP_STATUS:200
TIME_TOTAL:1.027530
TIME_CONNECT:0.239163
SIZE_DOWNLOAD:1309
TIMESTAMP:2025-07-25 10:51:44 UTC
TRIGGER:schedule
