---METADATA---
HTTP_STATUS:200
TIME_TOTAL:1.022056
TIME_CONNECT:0.294514
SIZE_DOWNLOAD:1294
TIMESTAMP:2025-07-25 23:32:42 UTC
TRIGGER:schedule
