---METADATA---
HTTP_STATUS:200
TIME_TOTAL:3.367380
TIME_CONNECT:0.279176
SIZE_DOWNLOAD:1294
TIMESTAMP:2025-07-25 22:48:58 UTC
TRIGGER:schedule
