---METADATA---
HTTP_STATUS:200
TIME_TOTAL:3.557080
TIME_CONNECT:0.270371
SIZE_DOWNLOAD:1293
TIMESTAMP:2025-07-25 06:22:40 UTC
TRIGGER:schedule
