---METADATA---
HTTP_STATUS:200
TIME_TOTAL:3.298192
TIME_CONNECT:0.221558
SIZE_DOWNLOAD:1309
TIMESTAMP:2025-07-25 07:12:08 UTC
TRIGGER:schedule
