---METADATA---
HTTP_STATUS:200
TIME_TOTAL:3.476498
TIME_CONNECT:0.282410
SIZE_DOWNLOAD:1294
TIMESTAMP:2025-07-25 23:14:31 UTC
TRIGGER:schedule
