---METADATA---
HTTP_STATUS:200
TIME_TOTAL:3.476497
TIME_CONNECT:0.233755
SIZE_DOWNLOAD:1294
TIMESTAMP:2025-07-25 22:27:54 UTC
TRIGGER:schedule
