---METADATA---
HTTP_STATUS:200
TIME_TOTAL:3.409459
TIME_CONNECT:0.283137
SIZE_DOWNLOAD:1294
TIMESTAMP:2025-07-25 17:39:48 UTC
TRIGGER:schedule
