---METADATA---
HTTP_STATUS:200
TIME_TOTAL:3.494333
TIME_CONNECT:0.237753
SIZE_DOWNLOAD:1298
TIMESTAMP:2025-07-25 05:59:15 UTC
TRIGGER:schedule
