---METADATA---
HTTP_STATUS:200
TIME_TOTAL:3.444820
TIME_CONNECT:0.288865
SIZE_DOWNLOAD:1294
TIMESTAMP:2025-07-25 22:13:57 UTC
TRIGGER:schedule
