---METADATA---
HTTP_STATUS:200
TIME_TOTAL:3.494205
TIME_CONNECT:0.300444
SIZE_DOWNLOAD:1298
TIMESTAMP:2025-07-25 05:21:48 UTC
TRIGGER:schedule
