---METADATA---
HTTP_STATUS:200
TIME_TOTAL:3.526298
TIME_CONNECT:0.281534
SIZE_DOWNLOAD:1309
TIMESTAMP:2025-07-25 10:47:10 UTC
TRIGGER:schedule
