---METADATA---
HTTP_STATUS:200
TIME_TOTAL:3.417783
TIME_CONNECT:0.239885
SIZE_DOWNLOAD:1294
TIMESTAMP:2025-07-25 21:13:48 UTC
TRIGGER:schedule
