---METADATA---
HTTP_STATUS:200
TIME_TOTAL:3.478483
TIME_CONNECT:0.284730
SIZE_DOWNLOAD:1294
TIMESTAMP:2025-07-25 19:13:18 UTC
TRIGGER:schedule
