---METADATA---
HTTP_STATUS:200
TIME_TOTAL:3.444583
TIME_CONNECT:0.300867
SIZE_DOWNLOAD:1294
TIMESTAMP:2025-07-25 22:53:22 UTC
TRIGGER:schedule
