---METADATA---
HTTP_STATUS:200
TIME_TOTAL:3.372008
TIME_CONNECT:0.281707
SIZE_DOWNLOAD:1307
TIMESTAMP:2025-07-25 03:08:06 UTC
TRIGGER:schedule
