---METADATA---
HTTP_STATUS:200
TIME_TOTAL:3.600402
TIME_CONNECT:0.292507
SIZE_DOWNLOAD:1307
TIMESTAMP:2025-07-25 01:13:51 UTC
TRIGGER:schedule
