---METADATA---
HTTP_STATUS:200
TIME_TOTAL:3.625991
TIME_CONNECT:0.301345
SIZE_DOWNLOAD:1309
TIMESTAMP:2025-07-25 11:21:16 UTC
TRIGGER:schedule
