---METADATA---
HTTP_STATUS:200
TIME_TOTAL:3.323249
TIME_CONNECT:0.272733
SIZE_DOWNLOAD:1294
TIMESTAMP:2025-07-25 23:09:22 UTC
TRIGGER:schedule
