---METADATA---
HTTP_STATUS:200
TIME_TOTAL:3.430599
TIME_CONNECT:0.277380
SIZE_DOWNLOAD:1294
TIMESTAMP:2025-07-25 23:31:57 UTC
TRIGGER:schedule
