---METADATA---
HTTP_STATUS:200
TIME_TOTAL:3.508764
TIME_CONNECT:0.281725
SIZE_DOWNLOAD:1294
TIMESTAMP:2025-07-25 21:23:17 UTC
TRIGGER:schedule
