---METADATA---
HTTP_STATUS:200
TIME_TOTAL:3.584613
TIME_CONNECT:0.276185
SIZE_DOWNLOAD:1309
TIMESTAMP:2025-07-25 10:16:35 UTC
TRIGGER:schedule
