---METADATA---
HTTP_STATUS:200
TIME_TOTAL:3.502516
TIME_CONNECT:0.242824
SIZE_DOWNLOAD:1294
TIMESTAMP:2025-07-25 17:59:56 UTC
TRIGGER:schedule
