---METADATA---
HTTP_STATUS:200
TIME_TOTAL:3.521228
TIME_CONNECT:0.277802
SIZE_DOWNLOAD:1309
TIMESTAMP:2025-07-25 08:57:04 UTC
TRIGGER:schedule
