---METADATA---
HTTP_STATUS:200
TIME_TOTAL:3.499485
TIME_CONNECT:0.219633
SIZE_DOWNLOAD:1294
TIMESTAMP:2025-07-25 04:51:19 UTC
TRIGGER:schedule
