---METADATA---
HTTP_STATUS:200
TIME_TOTAL:3.420532
TIME_CONNECT:0.289561
SIZE_DOWNLOAD:1294
TIMESTAMP:2025-07-25 19:43:32 UTC
TRIGGER:schedule
