---METADATA---
HTTP_STATUS:200
TIME_TOTAL:3.561168
TIME_CONNECT:0.279231
SIZE_DOWNLOAD:1294
TIMESTAMP:2025-07-25 14:13:58 UTC
TRIGGER:schedule
