---METADATA---
HTTP_STATUS:200
TIME_TOTAL:3.504559
TIME_CONNECT:0.242485
SIZE_DOWNLOAD:1294
TIMESTAMP:2025-07-25 16:18:43 UTC
TRIGGER:schedule
