---METADATA---
HTTP_STATUS:200
TIME_TOTAL:3.560959
TIME_CONNECT:0.279335
SIZE_DOWNLOAD:1294
TIMESTAMP:2025-07-25 19:50:25 UTC
TRIGGER:schedule
