---METADATA---
HTTP_STATUS:200
TIME_TOTAL:3.292026
TIME_CONNECT:0.236612
SIZE_DOWNLOAD:1309
TIMESTAMP:2025-07-25 12:29:47 UTC
TRIGGER:schedule
