---METADATA---
HTTP_STATUS:200
TIME_TOTAL:3.287974
TIME_CONNECT:0.240529
SIZE_DOWNLOAD:1294
TIMESTAMP:2025-07-25 20:52:29 UTC
TRIGGER:schedule
