---METADATA---
HTTP_STATUS:200
TIME_TOTAL:3.565286
TIME_CONNECT:0.296833
SIZE_DOWNLOAD:1294
TIMESTAMP:2025-07-25 21:57:00 UTC
TRIGGER:schedule
