---METADATA---
HTTP_STATUS:200
TIME_TOTAL:3.272714
TIME_CONNECT:0.237206
SIZE_DOWNLOAD:1294
TIMESTAMP:2025-07-25 14:52:47 UTC
TRIGGER:schedule
