---METADATA---
HTTP_STATUS:200
TIME_TOTAL:3.482987
TIME_CONNECT:0.279730
SIZE_DOWNLOAD:1294
TIMESTAMP:2025-07-25 17:48:13 UTC
TRIGGER:schedule
