---METADATA---
HTTP_STATUS:200
TIME_TOTAL:3.567818
TIME_CONNECT:0.280787
SIZE_DOWNLOAD:1309
TIMESTAMP:2025-07-25 11:48:53 UTC
TRIGGER:schedule
