---METADATA---
HTTP_STATUS:200
TIME_TOTAL:3.384843
TIME_CONNECT:0.269374
SIZE_DOWNLOAD:1307
TIMESTAMP:2025-07-25 02:24:14 UTC
TRIGGER:schedule
