---METADATA---
HTTP_STATUS:200
TIME_TOTAL:0.998929
TIME_CONNECT:0.238578
SIZE_DOWNLOAD:1309
TIMESTAMP:2025-07-25 07:41:36 UTC
TRIGGER:schedule
