---METADATA---
HTTP_STATUS:200
TIME_TOTAL:3.507343
TIME_CONNECT:0.275980
SIZE_DOWNLOAD:1294
TIMESTAMP:2025-07-25 18:52:02 UTC
TRIGGER:schedule
