---METADATA---
HTTP_STATUS:200
TIME_TOTAL:3.579414
TIME_CONNECT:0.270662
SIZE_DOWNLOAD:1309
TIMESTAMP:2025-07-25 11:56:53 UTC
TRIGGER:schedule
