---METADATA---
HTTP_STATUS:200
TIME_TOTAL:3.484422
TIME_CONNECT:0.280178
SIZE_DOWNLOAD:1309
TIMESTAMP:2025-07-25 11:42:18 UTC
TRIGGER:schedule
