---METADATA---
HTTP_STATUS:200
TIME_TOTAL:0.995099
TIME_CONNECT:0.278239
SIZE_DOWNLOAD:1294
TIMESTAMP:2025-07-25 19:29:03 UTC
TRIGGER:schedule
