---METADATA---
HTTP_STATUS:200
TIME_TOTAL:3.402450
TIME_CONNECT:0.290720
SIZE_DOWNLOAD:1294
TIMESTAMP:2025-07-25 19:27:29 UTC
TRIGGER:schedule
