---METADATA---
HTTP_STATUS:200
TIME_TOTAL:3.544034
TIME_CONNECT:0.252711
SIZE_DOWNLOAD:1294
TIMESTAMP:2025-07-25 20:30:54 UTC
TRIGGER:schedule
