---METADATA---
HTTP_STATUS:200
TIME_TOTAL:3.513182
TIME_CONNECT:0.269789
SIZE_DOWNLOAD:1294
TIMESTAMP:2025-07-25 15:59:08 UTC
TRIGGER:schedule
