---METADATA---
HTTP_STATUS:200
TIME_TOTAL:3.536913
TIME_CONNECT:0.344668
SIZE_DOWNLOAD:1309
TIMESTAMP:2025-07-25 07:39:06 UTC
TRIGGER:schedule
