---METADATA---
HTTP_STATUS:200
TIME_TOTAL:3.441833
TIME_CONNECT:0.242884
SIZE_DOWNLOAD:1296
TIMESTAMP:2025-07-25 04:06:42 UTC
TRIGGER:schedule
