---METADATA---
HTTP_STATUS:200
TIME_TOTAL:3.645614
TIME_CONNECT:0.236191
SIZE_DOWNLOAD:1309
TIMESTAMP:2025-07-25 09:32:30 UTC
TRIGGER:schedule
