---METADATA---
HTTP_STATUS:200
TIME_TOTAL:3.548744
TIME_CONNECT:0.308672
SIZE_DOWNLOAD:1294
TIMESTAMP:2025-07-25 15:42:39 UTC
TRIGGER:schedule
