---METADATA---
HTTP_STATUS:200
TIME_TOTAL:3.538137
TIME_CONNECT:0.284884
SIZE_DOWNLOAD:1309
TIMESTAMP:2025-07-25 07:51:04 UTC
TRIGGER:schedule
