---METADATA---
HTTP_STATUS:200
TIME_TOTAL:3.557504
TIME_CONNECT:0.237493
SIZE_DOWNLOAD:1309
TIMESTAMP:2025-07-25 08:19:47 UTC
TRIGGER:schedule
