---METADATA---
HTTP_STATUS:200
TIME_TOTAL:3.376245
TIME_CONNECT:0.250577
SIZE_DOWNLOAD:1309
TIMESTAMP:2025-07-25 10:28:25 UTC
TRIGGER:schedule
