---METADATA---
HTTP_STATUS:200
TIME_TOTAL:3.490859
TIME_CONNECT:0.291464
SIZE_DOWNLOAD:1294
TIMESTAMP:2025-07-25 23:49:46 UTC
TRIGGER:schedule
