---METADATA---
HTTP_STATUS:200
TIME_TOTAL:3.552331
TIME_CONNECT:0.230685
SIZE_DOWNLOAD:1309
TIMESTAMP:2025-07-25 09:46:01 UTC
TRIGGER:schedule
