---METADATA---
HTTP_STATUS:200
TIME_TOTAL:3.423429
TIME_CONNECT:0.235937
SIZE_DOWNLOAD:1309
TIMESTAMP:2025-07-25 03:47:49 UTC
TRIGGER:schedule
