---METADATA---
HTTP_STATUS:200
TIME_TOTAL:3.518464
TIME_CONNECT:0.277028
SIZE_DOWNLOAD:1307
TIMESTAMP:2025-07-25 13:42:43 UTC
TRIGGER:schedule
