---METADATA---
HTTP_STATUS:200
TIME_TOTAL:3.495680
TIME_CONNECT:0.220334
SIZE_DOWNLOAD:1309
TIMESTAMP:2025-07-25 06:46:10 UTC
TRIGGER:schedule
