---METADATA---
HTTP_STATUS:200
TIME_TOTAL:3.342099
TIME_CONNECT:0.296553
SIZE_DOWNLOAD:1294
TIMESTAMP:2025-07-25 17:28:51 UTC
TRIGGER:schedule
