---METADATA---
HTTP_STATUS:200
TIME_TOTAL:3.700820
TIME_CONNECT:0.266306
SIZE_DOWNLOAD:1298
TIMESTAMP:2025-07-25 05:50:11 UTC
TRIGGER:schedule
