---METADATA---
HTTP_STATUS:200
TIME_TOTAL:3.655033
TIME_CONNECT:0.325508
SIZE_DOWNLOAD:1294
TIMESTAMP:2025-07-25 18:43:06 UTC
TRIGGER:schedule
