---METADATA---
HTTP_STATUS:200
TIME_TOTAL:3.465911
TIME_CONNECT:0.266462
SIZE_DOWNLOAD:1309
TIMESTAMP:2025-07-25 12:58:42 UTC
TRIGGER:schedule
