---METADATA---
HTTP_STATUS:200
TIME_TOTAL:3.586339
TIME_CONNECT:0.240202
SIZE_DOWNLOAD:1294
TIMESTAMP:2025-07-25 15:27:01 UTC
TRIGGER:schedule
