---METADATA---
HTTP_STATUS:200
TIME_TOTAL:3.375945
TIME_CONNECT:0.298965
SIZE_DOWNLOAD:1294
TIMESTAMP:2025-07-25 15:16:02 UTC
TRIGGER:schedule
