---METADATA---
HTTP_STATUS:200
TIME_TOTAL:3.534892
TIME_CONNECT:0.283043
SIZE_DOWNLOAD:1294
TIMESTAMP:2025-07-25 20:42:40 UTC
TRIGGER:schedule
