---METADATA---
HTTP_STATUS:200
TIME_TOTAL:3.351846
TIME_CONNECT:0.258436
SIZE_DOWNLOAD:1296
TIMESTAMP:2025-07-15 07:17:36 UTC
TRIGGER:schedule
