---METADATA---
HTTP_STATUS:200
TIME_TOTAL:3.325587
TIME_CONNECT:0.293522
SIZE_DOWNLOAD:1306
TIMESTAMP:2025-07-15 21:23:17 UTC
TRIGGER:schedule
