---METADATA---
HTTP_STATUS:200
TIME_TOTAL:3.425139
TIME_CONNECT:0.322971
SIZE_DOWNLOAD:1294
TIMESTAMP:2025-07-15 07:51:31 UTC
TRIGGER:schedule
