---METADATA---
HTTP_STATUS:200
TIME_TOTAL:3.237398
TIME_CONNECT:0.269239
SIZE_DOWNLOAD:1306
TIMESTAMP:2025-07-15 23:57:29 UTC
TRIGGER:schedule
