---METADATA---
HTTP_STATUS:200
TIME_TOTAL:3.380439
TIME_CONNECT:0.278513
SIZE_DOWNLOAD:1306
TIMESTAMP:2025-07-15 14:34:26 UTC
TRIGGER:schedule
