---METADATA---
HTTP_STATUS:200
TIME_TOTAL:3.316658
TIME_CONNECT:0.261844
SIZE_DOWNLOAD:1306
TIMESTAMP:2025-07-15 14:14:42 UTC
TRIGGER:schedule
