---METADATA---
HTTP_STATUS:200
TIME_TOTAL:3.513482
TIME_CONNECT:0.296752
SIZE_DOWNLOAD:1306
TIMESTAMP:2025-07-15 23:27:17 UTC
TRIGGER:schedule
