---METADATA---
HTTP_STATUS:200
TIME_TOTAL:3.369442
TIME_CONNECT:0.257385
SIZE_DOWNLOAD:1306
TIMESTAMP:2025-07-15 16:37:03 UTC
TRIGGER:schedule
