---METADATA---
HTTP_STATUS:200
TIME_TOTAL:3.168186
TIME_CONNECT:0.288168
SIZE_DOWNLOAD:1306
TIMESTAMP:2025-07-15 18:52:16 UTC
TRIGGER:schedule
