---METADATA---
HTTP_STATUS:200
TIME_TOTAL:1.070246
TIME_CONNECT:0.242421
SIZE_DOWNLOAD:1306
TIMESTAMP:2025-07-15 19:49:08 UTC
TRIGGER:schedule
