---METADATA---
HTTP_STATUS:200
TIME_TOTAL:3.353858
TIME_CONNECT:0.307187
SIZE_DOWNLOAD:1294
TIMESTAMP:2025-07-15 12:30:21 UTC
TRIGGER:schedule
