---METADATA---
HTTP_STATUS:200
TIME_TOTAL:3.311405
TIME_CONNECT:0.230094
SIZE_DOWNLOAD:1306
TIMESTAMP:2025-07-15 19:13:40 UTC
TRIGGER:schedule
