---METADATA---
HTTP_STATUS:200
TIME_TOTAL:3.336348
TIME_CONNECT:0.281313
SIZE_DOWNLOAD:1296
TIMESTAMP:2025-07-15 09:48:07 UTC
TRIGGER:schedule
