---METADATA---
HTTP_STATUS:200
TIME_TOTAL:3.418296
TIME_CONNECT:0.292795
SIZE_DOWNLOAD:1306
TIMESTAMP:2025-07-15 17:26:25 UTC
TRIGGER:schedule
