---METADATA---
HTTP_STATUS:200
TIME_TOTAL:3.324940
TIME_CONNECT:0.274794
SIZE_DOWNLOAD:1294
TIMESTAMP:2025-07-15 10:53:45 UTC
TRIGGER:schedule
