---METADATA---
HTTP_STATUS:200
TIME_TOTAL:3.325404
TIME_CONNECT:0.279930
SIZE_DOWNLOAD:1306
TIMESTAMP:2025-07-15 17:51:20 UTC
TRIGGER:schedule
