---METADATA---
HTTP_STATUS:200
TIME_TOTAL:3.510026
TIME_CONNECT:0.261039
SIZE_DOWNLOAD:1306
TIMESTAMP:2025-07-15 16:18:44 UTC
TRIGGER:schedule
