---METADATA---
HTTP_STATUS:200
TIME_TOTAL:3.671486
TIME_CONNECT:0.276526
SIZE_DOWNLOAD:1294
TIMESTAMP:2025-07-15 04:28:27 UTC
TRIGGER:schedule
