---METADATA---
HTTP_STATUS:200
TIME_TOTAL:3.479745
TIME_CONNECT:0.342339
SIZE_DOWNLOAD:1306
TIMESTAMP:2025-07-15 22:52:23 UTC
TRIGGER:schedule
