---METADATA---
HTTP_STATUS:200
TIME_TOTAL:3.358257
TIME_CONNECT:0.262516
SIZE_DOWNLOAD:1296
TIMESTAMP:2025-07-15 04:50:41 UTC
TRIGGER:schedule
