---METADATA---
HTTP_STATUS:200
TIME_TOTAL:3.565881
TIME_CONNECT:0.254187
SIZE_DOWNLOAD:1306
TIMESTAMP:2025-07-15 21:56:57 UTC
TRIGGER:schedule
