---METADATA---
HTTP_STATUS:200
TIME_TOTAL:3.381993
TIME_CONNECT:0.289973
SIZE_DOWNLOAD:1306
TIMESTAMP:2025-07-15 16:57:06 UTC
TRIGGER:schedule
