---METADATA---
HTTP_STATUS:200
TIME_TOTAL:3.381148
TIME_CONNECT:0.271777
SIZE_DOWNLOAD:1293
TIMESTAMP:2025-07-15 05:38:51 UTC
TRIGGER:schedule
