---METADATA---
HTTP_STATUS:200
TIME_TOTAL:3.308072
TIME_CONNECT:0.266988
SIZE_DOWNLOAD:1306
TIMESTAMP:2025-07-15 19:57:09 UTC
TRIGGER:schedule
