---METADATA---
HTTP_STATUS:200
TIME_TOTAL:3.549403
TIME_CONNECT:0.235052
SIZE_DOWNLOAD:1293
TIMESTAMP:2025-07-15 13:43:34 UTC
TRIGGER:schedule
