---METADATA---
HTTP_STATUS:200
TIME_TOTAL:3.595741
TIME_CONNECT:0.283893
SIZE_DOWNLOAD:1307
TIMESTAMP:2025-07-15 10:30:45 UTC
TRIGGER:schedule
