---METADATA---
HTTP_STATUS:200
TIME_TOTAL:3.641659
TIME_CONNECT:0.269479
SIZE_DOWNLOAD:1306
TIMESTAMP:2025-07-15 17:58:22 UTC
TRIGGER:schedule
