---METADATA---
HTTP_STATUS:200
TIME_TOTAL:3.313623
TIME_CONNECT:0.224671
SIZE_DOWNLOAD:1307
TIMESTAMP:2025-07-15 06:52:57 UTC
TRIGGER:schedule
