---METADATA---
HTTP_STATUS:200
TIME_TOTAL:3.783621
TIME_CONNECT:0.569479
SIZE_DOWNLOAD:1306
TIMESTAMP:2025-07-15 19:01:30 UTC
TRIGGER:schedule
