---METADATA---
HTTP_STATUS:200
TIME_TOTAL:3.393999
TIME_CONNECT:0.266180
SIZE_DOWNLOAD:1307
TIMESTAMP:2025-07-15 14:00:16 UTC
TRIGGER:schedule
