---METADATA---
HTTP_STATUS:200
TIME_TOTAL:3.334487
TIME_CONNECT:0.281638
SIZE_DOWNLOAD:1296
TIMESTAMP:2025-07-15 09:56:30 UTC
TRIGGER:schedule
