---METADATA---
HTTP_STATUS:200
TIME_TOTAL:3.186833
TIME_CONNECT:0.235544
SIZE_DOWNLOAD:1306
TIMESTAMP:2025-07-15 22:14:32 UTC
TRIGGER:schedule
