---METADATA---
HTTP_STATUS:200
TIME_TOTAL:3.466836
TIME_CONNECT:0.290004
SIZE_DOWNLOAD:1296
TIMESTAMP:2025-07-15 11:43:40 UTC
TRIGGER:schedule
