---METADATA---
HTTP_STATUS:200
TIME_TOTAL:3.365941
TIME_CONNECT:0.332757
SIZE_DOWNLOAD:1306
TIMESTAMP:2025-07-15 21:49:16 UTC
TRIGGER:schedule
