---METADATA---
HTTP_STATUS:200
TIME_TOTAL:3.307648
TIME_CONNECT:0.284193
SIZE_DOWNLOAD:1306
TIMESTAMP:2025-07-15 22:28:15 UTC
TRIGGER:schedule
