---METADATA---
HTTP_STATUS:200
TIME_TOTAL:3.479520
TIME_CONNECT:0.217393
SIZE_DOWNLOAD:1306
TIMESTAMP:2025-07-15 15:35:26 UTC
TRIGGER:schedule
