---METADATA---
HTTP_STATUS:200
TIME_TOTAL:3.411019
TIME_CONNECT:0.277547
SIZE_DOWNLOAD:1305
TIMESTAMP:2025-07-15 02:26:11 UTC
TRIGGER:schedule
