---METADATA---
HTTP_STATUS:200
TIME_TOTAL:3.409310
TIME_CONNECT:0.272784
SIZE_DOWNLOAD:1308
TIMESTAMP:2025-07-15 08:33:12 UTC
TRIGGER:schedule
