---METADATA---
HTTP_STATUS:200
TIME_TOTAL:3.492836
TIME_CONNECT:0.296838
SIZE_DOWNLOAD:1296
TIMESTAMP:2025-07-15 09:02:40 UTC
TRIGGER:schedule
