---METADATA---
HTTP_STATUS:200
TIME_TOTAL:3.475975
TIME_CONNECT:0.312128
SIZE_DOWNLOAD:1296
TIMESTAMP:2025-07-15 05:19:48 UTC
TRIGGER:schedule
