---METADATA---
HTTP_STATUS:200
TIME_TOTAL:3.268275
TIME_CONNECT:0.282834
SIZE_DOWNLOAD:1306
TIMESTAMP:2025-07-15 23:13:41 UTC
TRIGGER:schedule
