---METADATA---
HTTP_STATUS:200
TIME_TOTAL:3.393894
TIME_CONNECT:0.276568
SIZE_DOWNLOAD:1306
TIMESTAMP:2025-07-15 14:53:48 UTC
TRIGGER:schedule
