---METADATA---
HTTP_STATUS:200
TIME_TOTAL:3.374216
TIME_CONNECT:0.232065
SIZE_DOWNLOAD:1306
TIMESTAMP:2025-07-15 20:54:24 UTC
TRIGGER:schedule
