---METADATA---
HTTP_STATUS:200
TIME_TOTAL:3.338440
TIME_CONNECT:0.277527
SIZE_DOWNLOAD:1306
TIMESTAMP:2025-07-15 16:49:46 UTC
TRIGGER:schedule
