---METADATA---
HTTP_STATUS:200
TIME_TOTAL:3.304398
TIME_CONNECT:0.276261
SIZE_DOWNLOAD:1306
TIMESTAMP:2025-07-15 17:13:28 UTC
TRIGGER:schedule
