---METADATA---
HTTP_STATUS:200
TIME_TOTAL:3.527758
TIME_CONNECT:0.287097
SIZE_DOWNLOAD:1294
TIMESTAMP:2025-07-15 10:46:01 UTC
TRIGGER:schedule
