---METADATA---
HTTP_STATUS:200
TIME_TOTAL:3.199793
TIME_CONNECT:0.249194
SIZE_DOWNLOAD:1306
TIMESTAMP:2025-07-15 20:52:24 UTC
TRIGGER:schedule
