---METADATA---
HTTP_STATUS:200
TIME_TOTAL:3.455848
TIME_CONNECT:0.277570
SIZE_DOWNLOAD:1296
TIMESTAMP:2025-07-15 09:39:59 UTC
TRIGGER:schedule
