---METADATA---
HTTP_STATUS:200
TIME_TOTAL:3.158187
TIME_CONNECT:0.273491
SIZE_DOWNLOAD:1306
TIMESTAMP:2025-07-15 21:13:15 UTC
TRIGGER:schedule
