---METADATA---
HTTP_STATUS:200
TIME_TOTAL:4.191815
TIME_CONNECT:0.539894
SIZE_DOWNLOAD:1306
TIMESTAMP:2025-07-15 22:48:04 UTC
TRIGGER:schedule
