---METADATA---
HTTP_STATUS:200
TIME_TOTAL:3.363951
TIME_CONNECT:0.283178
SIZE_DOWNLOAD:1307
TIMESTAMP:2025-07-15 11:51:55 UTC
TRIGGER:schedule
