---METADATA---
HTTP_STATUS:200
TIME_TOTAL:3.477266
TIME_CONNECT:0.282153
SIZE_DOWNLOAD:1296
TIMESTAMP:2025-07-15 11:42:13 UTC
TRIGGER:schedule
