---METADATA---
HTTP_STATUS:200
TIME_TOTAL:3.264536
TIME_CONNECT:0.214740
SIZE_DOWNLOAD:1306
TIMESTAMP:2025-07-15 20:43:00 UTC
TRIGGER:schedule
