---METADATA---
HTTP_STATUS:200
TIME_TOTAL:3.672741
TIME_CONNECT:0.348228
SIZE_DOWNLOAD:1296
TIMESTAMP:2025-07-15 11:29:58 UTC
TRIGGER:schedule
