---METADATA---
HTTP_STATUS:200
TIME_TOTAL:3.427065
TIME_CONNECT:0.271824
SIZE_DOWNLOAD:1296
TIMESTAMP:2025-07-15 10:15:47 UTC
TRIGGER:schedule
