---METADATA---
HTTP_STATUS:200
TIME_TOTAL:3.322585
TIME_CONNECT:0.289330
SIZE_DOWNLOAD:1294
TIMESTAMP:2025-07-15 11:56:54 UTC
TRIGGER:schedule
