---METADATA---
HTTP_STATUS:200
TIME_TOTAL:3.191773
TIME_CONNECT:0.272603
SIZE_DOWNLOAD:1306
TIMESTAMP:2025-07-15 17:46:35 UTC
TRIGGER:schedule
