---METADATA---
HTTP_STATUS:200
TIME_TOTAL:3.408666
TIME_CONNECT:0.280275
SIZE_DOWNLOAD:1306
TIMESTAMP:2025-07-15 18:41:56 UTC
TRIGGER:schedule
