---METADATA---
HTTP_STATUS:200
TIME_TOTAL:3.357170
TIME_CONNECT:0.284275
SIZE_DOWNLOAD:1306
TIMESTAMP:2025-07-15 23:31:41 UTC
TRIGGER:schedule
