---METADATA---
HTTP_STATUS:200
TIME_TOTAL:3.324109
TIME_CONNECT:0.237501
SIZE_DOWNLOAD:1294
TIMESTAMP:2025-07-15 06:59:50 UTC
TRIGGER:schedule
