---METADATA---
HTTP_STATUS:200
TIME_TOTAL:3.307256
TIME_CONNECT:0.289869
SIZE_DOWNLOAD:1306
TIMESTAMP:2025-07-15 21:32:45 UTC
TRIGGER:schedule
