---METADATA---
HTTP_STATUS:200
TIME_TOTAL:3.376418
TIME_CONNECT:0.278070
SIZE_DOWNLOAD:1306
TIMESTAMP:2025-07-15 20:31:19 UTC
TRIGGER:schedule
