---METADATA---
HTTP_STATUS:200
TIME_TOTAL:1.107133
TIME_CONNECT:0.275264
SIZE_DOWNLOAD:1306
TIMESTAMP:2025-07-15 14:39:26 UTC
TRIGGER:schedule
