---METADATA---
HTTP_STATUS:200
TIME_TOTAL:3.391726
TIME_CONNECT:0.269011
SIZE_DOWNLOAD:1296
TIMESTAMP:2025-07-15 03:47:48 UTC
TRIGGER:schedule
