---METADATA---
HTTP_STATUS:200
TIME_TOTAL:3.279477
TIME_CONNECT:0.229507
SIZE_DOWNLOAD:1306
TIMESTAMP:2025-07-15 15:13:55 UTC
TRIGGER:schedule
