---METADATA---
HTTP_STATUS:200
TIME_TOTAL:3.494445
TIME_CONNECT:0.251532
SIZE_DOWNLOAD:1306
TIMESTAMP:2025-07-15 21:42:31 UTC
TRIGGER:schedule
