---METADATA---
HTTP_STATUS:200
TIME_TOTAL:3.354277
TIME_CONNECT:0.227431
SIZE_DOWNLOAD:1294
TIMESTAMP:2025-07-15 05:47:06 UTC
TRIGGER:schedule
