---METADATA---
HTTP_STATUS:200
TIME_TOTAL:3.349294
TIME_CONNECT:0.275009
SIZE_DOWNLOAD:1296
TIMESTAMP:2025-07-15 04:07:45 UTC
TRIGGER:schedule
