---METADATA---
HTTP_STATUS:200
TIME_TOTAL:3.194993
TIME_CONNECT:0.238348
SIZE_DOWNLOAD:1306
TIMESTAMP:2025-07-15 23:45:29 UTC
TRIGGER:schedule
