---METADATA---
HTTP_STATUS:200
TIME_TOTAL:3.215224
TIME_CONNECT:0.255358
SIZE_DOWNLOAD:1296
TIMESTAMP:2025-07-15 11:21:15 UTC
TRIGGER:schedule
