---METADATA---
HTTP_STATUS:200
TIME_TOTAL:3.610368
TIME_CONNECT:0.236657
SIZE_DOWNLOAD:1294
TIMESTAMP:2025-07-15 08:20:13 UTC
TRIGGER:schedule
