---METADATA---
HTTP_STATUS:200
TIME_TOTAL:3.301625
TIME_CONNECT:0.272087
SIZE_DOWNLOAD:1306
TIMESTAMP:2025-07-15 19:44:21 UTC
TRIGGER:schedule
