---METADATA---
HTTP_STATUS:200
TIME_TOTAL:3.565519
TIME_CONNECT:0.314909
SIZE_DOWNLOAD:1307
TIMESTAMP:2025-07-15 05:55:33 UTC
TRIGGER:schedule
