---METADATA---
HTTP_STATUS:200
TIME_TOTAL:3.396590
TIME_CONNECT:0.256187
SIZE_DOWNLOAD:1296
TIMESTAMP:2025-07-15 09:23:40 UTC
TRIGGER:schedule
