---METADATA---
HTTP_STATUS:200
TIME_TOTAL:3.351609
TIME_CONNECT:0.241580
SIZE_DOWNLOAD:1295
TIMESTAMP:2025-07-15 13:53:03 UTC
TRIGGER:schedule
