---METADATA---
HTTP_STATUS:200
TIME_TOTAL:1.009673
TIME_CONNECT:0.242509
SIZE_DOWNLOAD:1306
TIMESTAMP:2025-07-15 19:30:10 UTC
TRIGGER:schedule
