---METADATA---
HTTP_STATUS:200
TIME_TOTAL:3.475125
TIME_CONNECT:0.281306
SIZE_DOWNLOAD:1307
TIMESTAMP:2025-07-15 07:41:42 UTC
TRIGGER:schedule
