---METADATA---
HTTP_STATUS:200
TIME_TOTAL:3.721012
TIME_CONNECT:0.276555
SIZE_DOWNLOAD:1294
TIMESTAMP:2025-07-15 07:50:25 UTC
TRIGGER:schedule
