---METADATA---
HTTP_STATUS:200
TIME_TOTAL:3.337118
TIME_CONNECT:0.280603
SIZE_DOWNLOAD:1306
TIMESTAMP:2025-07-15 19:28:33 UTC
TRIGGER:schedule
