---METADATA---
HTTP_STATUS:200
TIME_TOTAL:3.299626
TIME_CONNECT:0.276851
SIZE_DOWNLOAD:1306
TIMESTAMP:2025-07-15 14:52:51 UTC
TRIGGER:schedule
