---METADATA---
HTTP_STATUS:200
TIME_TOTAL:3.628102
TIME_CONNECT:0.267479
SIZE_DOWNLOAD:1294
TIMESTAMP:2025-07-15 13:23:17 UTC
TRIGGER:schedule
