---METADATA---
HTTP_STATUS:200
TIME_TOTAL:3.314701
TIME_CONNECT:0.277857
SIZE_DOWNLOAD:1296
TIMESTAMP:2025-07-15 06:22:42 UTC
TRIGGER:schedule
