---METADATA---
HTTP_STATUS:200
TIME_TOTAL:3.336788
TIME_CONNECT:0.294395
SIZE_DOWNLOAD:1306
TIMESTAMP:2025-07-15 15:52:26 UTC
TRIGGER:schedule
