---METADATA---
HTTP_STATUS:200
TIME_TOTAL:3.300822
TIME_CONNECT:0.280888
SIZE_DOWNLOAD:1306
TIMESTAMP:2025-07-15 22:39:03 UTC
TRIGGER:schedule
