---METADATA---
HTTP_STATUS:200
TIME_TOTAL:3.396339
TIME_CONNECT:0.229460
SIZE_DOWNLOAD:1294
TIMESTAMP:2025-07-15 12:58:49 UTC
TRIGGER:schedule
