---METADATA---
HTTP_STATUS:200
TIME_TOTAL:3.594044
TIME_CONNECT:0.285948
SIZE_DOWNLOAD:1307
TIMESTAMP:2025-07-15 08:49:45 UTC
TRIGGER:schedule
