---METADATA---
HTTP_STATUS:200
TIME_TOTAL:3.487304
TIME_CONNECT:0.259704
SIZE_DOWNLOAD:1306
TIMESTAMP:2025-07-15 15:45:46 UTC
TRIGGER:schedule
