---METADATA---
HTTP_STATUS:200
TIME_TOTAL:3.459855
TIME_CONNECT:0.274669
SIZE_DOWNLOAD:1306
TIMESTAMP:2025-07-15 20:16:23 UTC
TRIGGER:schedule
