---METADATA---
HTTP_STATUS:200
TIME_TOTAL:3.424628
TIME_CONNECT:0.275009
SIZE_DOWNLOAD:1307
TIMESTAMP:2025-07-15 06:38:25 UTC
TRIGGER:schedule
