---METADATA---
HTTP_STATUS:200
TIME_TOTAL:3.474741
TIME_CONNECT:0.233069
SIZE_DOWNLOAD:1296
TIMESTAMP:2025-07-15 07:31:16 UTC
TRIGGER:schedule
