---METADATA---
HTTP_STATUS:200
TIME_TOTAL:3.343009
TIME_CONNECT:0.278479
SIZE_DOWNLOAD:1306
TIMESTAMP:2025-07-15 17:35:06 UTC
TRIGGER:schedule
