---METADATA---
HTTP_STATUS:200
TIME_TOTAL:3.292602
TIME_CONNECT:0.247122
SIZE_DOWNLOAD:1306
TIMESTAMP:2025-07-15 22:59:47 UTC
TRIGGER:schedule
