---METADATA---
HTTP_STATUS:200
TIME_TOTAL:3.535549
TIME_CONNECT:0.266792
SIZE_DOWNLOAD:1307
TIMESTAMP:2025-07-15 01:15:23 UTC
TRIGGER:schedule
