---METADATA---
HTTP_STATUS:200
TIME_TOTAL:3.239059
TIME_CONNECT:0.237053
SIZE_DOWNLOAD:1306
TIMESTAMP:2025-07-15 15:58:39 UTC
TRIGGER:schedule
