---METADATA---
HTTP_STATUS:200
TIME_TOTAL:3.207384
TIME_CONNECT:0.262354
SIZE_DOWNLOAD:1306
TIMESTAMP:2025-07-15 18:21:24 UTC
TRIGGER:schedule
