---METADATA---
HTTP_STATUS:200
TIME_TOTAL:3.628995
TIME_CONNECT:0.279936
SIZE_DOWNLOAD:1296
TIMESTAMP:2025-07-15 05:00:20 UTC
TRIGGER:schedule
