---METADATA---
HTTP_STATUS:200
TIME_TOTAL:3.344639
TIME_CONNECT:0.274677
SIZE_DOWNLOAD:1305
TIMESTAMP:2025-07-15 03:14:20 UTC
TRIGGER:schedule
