---METADATA---
HTTP_STATUS:200
TIME_TOTAL:3.343306
TIME_CONNECT:0.277707
SIZE_DOWNLOAD:1306
TIMESTAMP:2025-07-15 23:51:38 UTC
TRIGGER:schedule
