---METADATA---
HTTP_STATUS:200
TIME_TOTAL:3.381752
TIME_CONNECT:0.274598
SIZE_DOWNLOAD:1296
TIMESTAMP:2025-07-15 11:13:04 UTC
TRIGGER:schedule
