---METADATA---
HTTP_STATUS:200
TIME_TOTAL:3.533573
TIME_CONNECT:0.263634
SIZE_DOWNLOAD:1306
TIMESTAMP:2025-07-15 15:25:30 UTC
TRIGGER:schedule
