---METADATA---
HTTP_STATUS:200
TIME_TOTAL:4.165096
TIME_CONNECT:0.269779
SIZE_DOWNLOAD:1307
TIMESTAMP:2025-08-20 11:48:10 UTC
TRIGGER:schedule
