---METADATA---
HTTP_STATUS:200
TIME_TOTAL:3.619138
TIME_CONNECT:0.270724
SIZE_DOWNLOAD:1307
TIMESTAMP:2025-08-20 04:57:08 UTC
TRIGGER:schedule
