---METADATA---
HTTP_STATUS:200
TIME_TOTAL:3.536112
TIME_CONNECT:0.292353
SIZE_DOWNLOAD:1305
TIMESTAMP:2025-08-20 08:18:47 UTC
TRIGGER:schedule
