---METADATA---
HTTP_STATUS:200
TIME_TOTAL:3.493446
TIME_CONNECT:0.279422
SIZE_DOWNLOAD:1292
TIMESTAMP:2025-08-20 09:25:32 UTC
TRIGGER:schedule
