---METADATA---
HTTP_STATUS:200
TIME_TOTAL:3.509852
TIME_CONNECT:0.271478
SIZE_DOWNLOAD:1307
TIMESTAMP:2025-08-20 22:12:10 UTC
TRIGGER:schedule
