---METADATA---
HTTP_STATUS:200
TIME_TOTAL:1.169938
TIME_CONNECT:0.257204
SIZE_DOWNLOAD:1292
TIMESTAMP:2025-08-20 07:31:01 UTC
TRIGGER:schedule
