---METADATA---
HTTP_STATUS:200
TIME_TOTAL:3.514095
TIME_CONNECT:0.263393
SIZE_DOWNLOAD:1294
TIMESTAMP:2025-08-20 05:33:50 UTC
TRIGGER:schedule
