---METADATA---
HTTP_STATUS:200
TIME_TOTAL:3.424803
TIME_CONNECT:0.281721
SIZE_DOWNLOAD:1307
TIMESTAMP:2025-08-20 18:45:25 UTC
TRIGGER:schedule
