---METADATA---
HTTP_STATUS:200
TIME_TOTAL:3.335384
TIME_CONNECT:0.241648
SIZE_DOWNLOAD:1305
TIMESTAMP:2025-08-20 08:55:04 UTC
TRIGGER:schedule
