---METADATA---
HTTP_STATUS:200
TIME_TOTAL:3.367924
TIME_CONNECT:0.274627
SIZE_DOWNLOAD:1307
TIMESTAMP:2025-08-20 23:23:35 UTC
TRIGGER:schedule
