---METADATA---
HTTP_STATUS:200
TIME_TOTAL:3.696904
TIME_CONNECT:0.222682
SIZE_DOWNLOAD:1292
TIMESTAMP:2025-08-20 13:47:32 UTC
TRIGGER:schedule
