---METADATA---
HTTP_STATUS:200
TIME_TOTAL:3.495430
TIME_CONNECT:0.267576
SIZE_DOWNLOAD:1307
TIMESTAMP:2025-08-20 23:12:42 UTC
TRIGGER:schedule
