---METADATA---
HTTP_STATUS:200
TIME_TOTAL:3.497528
TIME_CONNECT:0.274664
SIZE_DOWNLOAD:1292
TIMESTAMP:2025-08-20 10:28:45 UTC
TRIGGER:schedule
