---METADATA---
HTTP_STATUS:200
TIME_TOTAL:3.210278
TIME_CONNECT:0.221095
SIZE_DOWNLOAD:1307
TIMESTAMP:2025-08-20 21:12:40 UTC
TRIGGER:schedule
