---METADATA---
HTTP_STATUS:200
TIME_TOTAL:3.444857
TIME_CONNECT:0.269568
SIZE_DOWNLOAD:1294
TIMESTAMP:2025-08-20 06:49:48 UTC
TRIGGER:schedule
