---METADATA---
HTTP_STATUS:200
TIME_TOTAL:3.494343
TIME_CONNECT:0.246552
SIZE_DOWNLOAD:1307
TIMESTAMP:2025-08-20 12:48:34 UTC
TRIGGER:schedule
