---METADATA---
HTTP_STATUS:200
TIME_TOTAL:3.445232
TIME_CONNECT:0.275294
SIZE_DOWNLOAD:1307
TIMESTAMP:2025-08-20 18:14:49 UTC
TRIGGER:schedule
