---METADATA---
HTTP_STATUS:200
TIME_TOTAL:3.326215
TIME_CONNECT:0.296068
SIZE_DOWNLOAD:1295
TIMESTAMP:2025-08-20 08:34:31 UTC
TRIGGER:schedule
