---METADATA---
HTTP_STATUS:200
TIME_TOTAL:3.391749
TIME_CONNECT:0.286555
SIZE_DOWNLOAD:1307
TIMESTAMP:2025-08-20 19:22:04 UTC
TRIGGER:schedule
