---METADATA---
HTTP_STATUS:200
TIME_TOTAL:3.548763
TIME_CONNECT:0.242178
SIZE_DOWNLOAD:1292
TIMESTAMP:2025-08-20 09:39:58 UTC
TRIGGER:schedule
