---METADATA---
HTTP_STATUS:200
TIME_TOTAL:3.500932
TIME_CONNECT:0.250522
SIZE_DOWNLOAD:1307
TIMESTAMP:2025-08-20 17:38:02 UTC
TRIGGER:schedule
