---METADATA---
HTTP_STATUS:200
TIME_TOTAL:3.406229
TIME_CONNECT:0.249902
SIZE_DOWNLOAD:1292
TIMESTAMP:2025-08-20 08:43:53 UTC
TRIGGER:schedule
