---METADATA---
HTTP_STATUS:200
TIME_TOTAL:3.559711
TIME_CONNECT:0.229528
SIZE_DOWNLOAD:1307
TIMESTAMP:2025-08-20 11:51:38 UTC
TRIGGER:schedule
