---METADATA---
HTTP_STATUS:200
TIME_TOTAL:3.605984
TIME_CONNECT:0.294556
SIZE_DOWNLOAD:1307
TIMESTAMP:2025-08-20 12:28:09 UTC
TRIGGER:schedule
