---METADATA---
HTTP_STATUS:200
TIME_TOTAL:3.357092
TIME_CONNECT:0.273138
SIZE_DOWNLOAD:1307
TIMESTAMP:2025-08-20 23:38:54 UTC
TRIGGER:schedule
