---METADATA---
HTTP_STATUS:200
TIME_TOTAL:3.429143
TIME_CONNECT:0.281646
SIZE_DOWNLOAD:1292
TIMESTAMP:2025-08-20 01:50:32 UTC
TRIGGER:schedule
