---METADATA---
HTTP_STATUS:200
TIME_TOTAL:1.028797
TIME_CONNECT:0.249719
SIZE_DOWNLOAD:1307
TIMESTAMP:2025-08-20 23:39:37 UTC
TRIGGER:schedule
