---METADATA---
HTTP_STATUS:200
TIME_TOTAL:3.536037
TIME_CONNECT:0.258629
SIZE_DOWNLOAD:1294
TIMESTAMP:2025-08-20 04:40:24 UTC
TRIGGER:schedule
