---METADATA---
HTTP_STATUS:200
TIME_TOTAL:3.371367
TIME_CONNECT:0.283719
SIZE_DOWNLOAD:1307
TIMESTAMP:2025-08-20 19:25:01 UTC
TRIGGER:schedule
