---METADATA---
HTTP_STATUS:200
TIME_TOTAL:3.509812
TIME_CONNECT:0.248353
SIZE_DOWNLOAD:1292
TIMESTAMP:2025-08-20 03:10:42 UTC
TRIGGER:schedule
