---METADATA---
HTTP_STATUS:200
TIME_TOTAL:3.552843
TIME_CONNECT:0.291163
SIZE_DOWNLOAD:1307
TIMESTAMP:2025-08-20 11:39:37 UTC
TRIGGER:schedule
