---METADATA---
HTTP_STATUS:200
TIME_TOTAL:3.535035
TIME_CONNECT:0.297968
SIZE_DOWNLOAD:1292
TIMESTAMP:2025-08-20 09:57:01 UTC
TRIGGER:schedule
