---METADATA---
HTTP_STATUS:200
TIME_TOTAL:3.519333
TIME_CONNECT:0.243830
SIZE_DOWNLOAD:1307
TIMESTAMP:2025-08-20 20:40:01 UTC
TRIGGER:schedule
