---METADATA---
HTTP_STATUS:200
TIME_TOTAL:3.565733
TIME_CONNECT:0.272701
SIZE_DOWNLOAD:1307
TIMESTAMP:2025-08-20 17:49:38 UTC
TRIGGER:schedule
