---METADATA---
HTTP_STATUS:200
TIME_TOTAL:3.709220
TIME_CONNECT:0.587247
SIZE_DOWNLOAD:1304
TIMESTAMP:2025-08-20 03:57:46 UTC
TRIGGER:schedule
