---METADATA---
HTTP_STATUS:200
TIME_TOTAL:3.647523
TIME_CONNECT:0.279265
SIZE_DOWNLOAD:1294
TIMESTAMP:2025-08-20 05:57:04 UTC
TRIGGER:schedule
