---METADATA---
HTTP_STATUS:200
TIME_TOTAL:3.564687
TIME_CONNECT:0.245199
SIZE_DOWNLOAD:1307
TIMESTAMP:2025-08-20 15:58:10 UTC
TRIGGER:schedule
