---METADATA---
HTTP_STATUS:200
TIME_TOTAL:3.415571
TIME_CONNECT:0.339409
SIZE_DOWNLOAD:1307
TIMESTAMP:2025-08-20 18:48:18 UTC
TRIGGER:schedule
