---METADATA---
HTTP_STATUS:200
TIME_TOTAL:3.386159
TIME_CONNECT:0.272572
SIZE_DOWNLOAD:1307
TIMESTAMP:2025-08-20 19:50:59 UTC
TRIGGER:schedule
