---METADATA---
HTTP_STATUS:200
TIME_TOTAL:3.253625
TIME_CONNECT:0.243837
SIZE_DOWNLOAD:1307
TIMESTAMP:2025-08-20 20:15:32 UTC
TRIGGER:schedule
