---METADATA---
HTTP_STATUS:200
TIME_TOTAL:3.958900
TIME_CONNECT:0.381132
SIZE_DOWNLOAD:1292
TIMESTAMP:2025-08-20 10:50:45 UTC
TRIGGER:schedule
