---METADATA---
HTTP_STATUS:200
TIME_TOTAL:1.023496
TIME_CONNECT:0.283163
SIZE_DOWNLOAD:1307
TIMESTAMP:2025-08-20 19:39:13 UTC
TRIGGER:schedule
