---METADATA---
HTTP_STATUS:200
TIME_TOTAL:3.505594
TIME_CONNECT:0.282607
SIZE_DOWNLOAD:1307
TIMESTAMP:2025-08-20 23:51:38 UTC
TRIGGER:schedule
