---METADATA---
HTTP_STATUS:200
TIME_TOTAL:3.484450
TIME_CONNECT:0.289025
SIZE_DOWNLOAD:1294
TIMESTAMP:2025-08-20 07:14:02 UTC
TRIGGER:schedule
