---METADATA---
HTTP_STATUS:200
TIME_TOTAL:3.384165
TIME_CONNECT:0.275007
SIZE_DOWNLOAD:1307
TIMESTAMP:2025-08-20 18:58:30 UTC
TRIGGER:schedule
