---METADATA---
HTTP_STATUS:200
TIME_TOTAL:3.515710
TIME_CONNECT:0.292262
SIZE_DOWNLOAD:1296
TIMESTAMP:2025-08-20 07:48:22 UTC
TRIGGER:schedule
