---METADATA---
HTTP_STATUS:200
TIME_TOTAL:8.538025
TIME_CONNECT:5.325952
SIZE_DOWNLOAD:1305
TIMESTAMP:2025-08-20 06:20:57 UTC
TRIGGER:schedule
