---METADATA---
HTTP_STATUS:200
TIME_TOTAL:3.390316
TIME_CONNECT:0.285821
SIZE_DOWNLOAD:1307
TIMESTAMP:2025-08-20 21:48:24 UTC
TRIGGER:schedule
