---METADATA---
HTTP_STATUS:200
TIME_TOTAL:3.517585
TIME_CONNECT:0.231538
SIZE_DOWNLOAD:1302
TIMESTAMP:2025-08-20 01:05:29 UTC
TRIGGER:schedule
