---METADATA---
HTTP_STATUS:200
TIME_TOTAL:3.522402
TIME_CONNECT:0.332874
SIZE_DOWNLOAD:1307
TIMESTAMP:2025-08-20 17:48:26 UTC
TRIGGER:schedule
