---METADATA---
HTTP_STATUS:200
TIME_TOTAL:3.457731
TIME_CONNECT:0.276666
SIZE_DOWNLOAD:1307
TIMESTAMP:2025-08-20 22:24:05 UTC
TRIGGER:schedule
