---METADATA---
HTTP_STATUS:200
TIME_TOTAL:3.419941
TIME_CONNECT:0.258281
SIZE_DOWNLOAD:1292
TIMESTAMP:2025-08-20 09:43:08 UTC
TRIGGER:schedule
