---METADATA---
HTTP_STATUS:200
TIME_TOTAL:3.630434
TIME_CONNECT:0.277296
SIZE_DOWNLOAD:1307
TIMESTAMP:2025-08-20 11:37:47 UTC
TRIGGER:schedule
