---METADATA---
HTTP_STATUS:200
TIME_TOTAL:3.532646
TIME_CONNECT:0.276191
SIZE_DOWNLOAD:1307
TIMESTAMP:2025-08-20 16:52:57 UTC
TRIGGER:schedule
