---METADATA---
HTTP_STATUS:200
TIME_TOTAL:3.344137
TIME_CONNECT:0.244154
SIZE_DOWNLOAD:1307
TIMESTAMP:2025-08-20 21:24:14 UTC
TRIGGER:schedule
