---METADATA---
HTTP_STATUS:200
TIME_TOTAL:3.273291
TIME_CONNECT:0.226217
SIZE_DOWNLOAD:1307
TIMESTAMP:2025-08-20 22:31:25 UTC
TRIGGER:schedule
