---METADATA---
HTTP_STATUS:200
TIME_TOTAL:3.489115
TIME_CONNECT:0.219132
SIZE_DOWNLOAD:1292
TIMESTAMP:2025-08-20 13:23:00 UTC
TRIGGER:schedule
