---METADATA---
HTTP_STATUS:200
TIME_TOTAL:3.559358
TIME_CONNECT:0.268379
SIZE_DOWNLOAD:1307
TIMESTAMP:2025-08-20 16:32:45 UTC
TRIGGER:schedule
