---METADATA---
HTTP_STATUS:200
TIME_TOTAL:3.444776
TIME_CONNECT:0.284154
SIZE_DOWNLOAD:1307
TIMESTAMP:2025-08-20 20:50:15 UTC
TRIGGER:schedule
