---METADATA---
HTTP_STATUS:200
TIME_TOTAL:3.478414
TIME_CONNECT:0.281453
SIZE_DOWNLOAD:1307
TIMESTAMP:2025-08-20 15:46:01 UTC
TRIGGER:schedule
