---METADATA---
HTTP_STATUS:200
TIME_TOTAL:3.484309
TIME_CONNECT:0.276426
SIZE_DOWNLOAD:1307
TIMESTAMP:2025-08-20 22:48:10 UTC
TRIGGER:schedule
