---METADATA---
HTTP_STATUS:200
TIME_TOTAL:3.526300
TIME_CONNECT:0.304324
SIZE_DOWNLOAD:1307
TIMESTAMP:2025-08-20 17:12:56 UTC
TRIGGER:schedule
