---METADATA---
HTTP_STATUS:200
TIME_TOTAL:3.683380
TIME_CONNECT:0.288992
SIZE_DOWNLOAD:1294
TIMESTAMP:2025-08-20 07:25:50 UTC
TRIGGER:schedule
