---METADATA---
HTTP_STATUS:200
TIME_TOTAL:3.554162
TIME_CONNECT:0.283736
SIZE_DOWNLOAD:1292
TIMESTAMP:2025-08-20 06:39:29 UTC
TRIGGER:schedule
