---METADATA---
HTTP_STATUS:200
TIME_TOTAL:3.486299
TIME_CONNECT:0.209826
SIZE_DOWNLOAD:1307
TIMESTAMP:2025-08-20 23:28:18 UTC
TRIGGER:schedule
