---METADATA---
HTTP_STATUS:200
TIME_TOTAL:3.687209
TIME_CONNECT:0.281473
SIZE_DOWNLOAD:1292
TIMESTAMP:2025-08-20 10:46:48 UTC
TRIGGER:schedule
