---METADATA---
HTTP_STATUS:200
TIME_TOTAL:3.633860
TIME_CONNECT:0.272891
SIZE_DOWNLOAD:1294
TIMESTAMP:2025-08-20 04:23:59 UTC
TRIGGER:schedule
