---METADATA---
HTTP_STATUS:200
TIME_TOTAL:3.289670
TIME_CONNECT:0.224464
SIZE_DOWNLOAD:1294
TIMESTAMP:2025-08-20 14:51:31 UTC
TRIGGER:schedule
