---METADATA---
HTTP_STATUS:200
TIME_TOTAL:3.472814
TIME_CONNECT:0.245996
SIZE_DOWNLOAD:1294
TIMESTAMP:2025-08-20 07:57:05 UTC
TRIGGER:schedule
