---METADATA---
HTTP_STATUS:200
TIME_TOTAL:3.611269
TIME_CONNECT:0.295383
SIZE_DOWNLOAD:1292
TIMESTAMP:2025-08-20 08:52:28 UTC
TRIGGER:schedule
