---METADATA---
HTTP_STATUS:200
TIME_TOTAL:3.313125
TIME_CONNECT:0.288176
SIZE_DOWNLOAD:1290
TIMESTAMP:2025-08-20 13:07:14 UTC
TRIGGER:schedule
