---METADATA---
HTTP_STATUS:200
TIME_TOTAL:3.397278
TIME_CONNECT:0.271367
SIZE_DOWNLOAD:1307
TIMESTAMP:2025-08-20 23:48:09 UTC
TRIGGER:schedule
