---METADATA---
HTTP_STATUS:200
TIME_TOTAL:3.532948
TIME_CONNECT:0.273134
SIZE_DOWNLOAD:1307
TIMESTAMP:2025-08-20 04:12:18 UTC
TRIGGER:schedule
