---METADATA---
HTTP_STATUS:200
TIME_TOTAL:3.522505
TIME_CONNECT:0.235198
SIZE_DOWNLOAD:1294
TIMESTAMP:2025-08-20 04:42:59 UTC
TRIGGER:schedule
