---METADATA---
HTTP_STATUS:200
TIME_TOTAL:3.562596
TIME_CONNECT:0.271492
SIZE_DOWNLOAD:1292
TIMESTAMP:2025-08-20 10:14:38 UTC
TRIGGER:schedule
