---METADATA---
HTTP_STATUS:200
TIME_TOTAL:3.514231
TIME_CONNECT:0.333157
SIZE_DOWNLOAD:1303
TIMESTAMP:2025-08-20 11:22:48 UTC
TRIGGER:schedule
