---METADATA---
HTTP_STATUS:200
TIME_TOTAL:3.442289
TIME_CONNECT:0.275647
SIZE_DOWNLOAD:1307
TIMESTAMP:2025-08-20 04:53:28 UTC
TRIGGER:schedule
