---METADATA---
HTTP_STATUS:200
TIME_TOTAL:3.423278
TIME_CONNECT:0.256646
SIZE_DOWNLOAD:1292
TIMESTAMP:2025-08-20 14:14:11 UTC
TRIGGER:schedule
