---METADATA---
HTTP_STATUS:200
TIME_TOTAL:3.214395
TIME_CONNECT:0.223396
SIZE_DOWNLOAD:1307
TIMESTAMP:2025-08-20 20:25:40 UTC
TRIGGER:schedule
