---METADATA---
HTTP_STATUS:200
TIME_TOTAL:3.564740
TIME_CONNECT:0.311892
SIZE_DOWNLOAD:1294
TIMESTAMP:2025-08-20 14:48:09 UTC
TRIGGER:schedule
