---METADATA---
HTTP_STATUS:200
TIME_TOTAL:3.459204
TIME_CONNECT:0.237450
SIZE_DOWNLOAD:1307
TIMESTAMP:2025-08-20 17:31:13 UTC
TRIGGER:schedule
