---METADATA---
HTTP_STATUS:200
TIME_TOTAL:3.523689
TIME_CONNECT:0.289027
SIZE_DOWNLOAD:1307
TIMESTAMP:2025-08-20 20:57:09 UTC
TRIGGER:schedule
