---METADATA---
HTTP_STATUS:200
TIME_TOTAL:3.761433
TIME_CONNECT:0.284830
SIZE_DOWNLOAD:1294
TIMESTAMP:2025-08-20 05:43:54 UTC
TRIGGER:schedule
