---METADATA---
HTTP_STATUS:200
TIME_TOTAL:3.585475
TIME_CONNECT:0.248686
SIZE_DOWNLOAD:1307
TIMESTAMP:2025-08-20 20:43:34 UTC
TRIGGER:schedule
