---METADATA---
HTTP_STATUS:200
TIME_TOTAL:3.583531
TIME_CONNECT:0.276269
SIZE_DOWNLOAD:1305
TIMESTAMP:2025-08-20 07:42:26 UTC
TRIGGER:schedule
