---METADATA---
HTTP_STATUS:200
TIME_TOTAL:3.598647
TIME_CONNECT:0.273434
SIZE_DOWNLOAD:1307
TIMESTAMP:2025-08-20 05:14:19 UTC
TRIGGER:schedule
