---METADATA---
HTTP_STATUS:200
TIME_TOTAL:3.596235
TIME_CONNECT:0.289420
SIZE_DOWNLOAD:1292
TIMESTAMP:2025-08-20 13:59:12 UTC
TRIGGER:schedule
