---METADATA---
HTTP_STATUS:200
TIME_TOTAL:3.507781
TIME_CONNECT:0.249486
SIZE_DOWNLOAD:1307
TIMESTAMP:2025-08-20 22:41:41 UTC
TRIGGER:schedule
