---METADATA---
HTTP_STATUS:200
TIME_TOTAL:3.600434
TIME_CONNECT:0.288322
SIZE_DOWNLOAD:1307
TIMESTAMP:2025-08-20 15:30:03 UTC
TRIGGER:schedule
