---METADATA---
HTTP_STATUS:200
TIME_TOTAL:3.500817
TIME_CONNECT:0.276115
SIZE_DOWNLOAD:1292
TIMESTAMP:2025-08-20 11:27:16 UTC
TRIGGER:schedule
