---METADATA---
HTTP_STATUS:200
TIME_TOTAL:3.561508
TIME_CONNECT:0.294001
SIZE_DOWNLOAD:1307
TIMESTAMP:2025-08-20 15:14:51 UTC
TRIGGER:schedule
