---METADATA---
HTTP_STATUS:200
TIME_TOTAL:3.542759
TIME_CONNECT:0.277475
SIZE_DOWNLOAD:1294
TIMESTAMP:2025-08-20 15:00:06 UTC
TRIGGER:schedule
