---METADATA---
HTTP_STATUS:200
TIME_TOTAL:3.513954
TIME_CONNECT:0.235008
SIZE_DOWNLOAD:1292
TIMESTAMP:2025-08-20 13:52:18 UTC
TRIGGER:schedule
