---METADATA---
HTTP_STATUS:200
TIME_TOTAL:3.741566
TIME_CONNECT:0.293082
SIZE_DOWNLOAD:1294
TIMESTAMP:2025-08-20 14:36:33 UTC
TRIGGER:schedule
