---METADATA---
HTTP_STATUS:200
TIME_TOTAL:3.559032
TIME_CONNECT:0.265270
SIZE_DOWNLOAD:1307
TIMESTAMP:2025-08-20 22:56:44 UTC
TRIGGER:schedule
