---METADATA---
HTTP_STATUS:200
TIME_TOTAL:3.484556
TIME_CONNECT:0.298525
SIZE_DOWNLOAD:1307
TIMESTAMP:2025-08-20 21:29:12 UTC
TRIGGER:schedule
