---METADATA---
HTTP_STATUS:200
TIME_TOTAL:3.561523
TIME_CONNECT:0.290454
SIZE_DOWNLOAD:1307
TIMESTAMP:2025-08-20 16:56:20 UTC
TRIGGER:schedule
