---METADATA---
HTTP_STATUS:200
TIME_TOTAL:3.558842
TIME_CONNECT:0.283267
SIZE_DOWNLOAD:1292
TIMESTAMP:2025-08-20 11:12:05 UTC
TRIGGER:schedule
