---METADATA---
HTTP_STATUS:200
TIME_TOTAL:3.471282
TIME_CONNECT:0.322017
SIZE_DOWNLOAD:1292
TIMESTAMP:2025-08-20 02:45:55 UTC
TRIGGER:schedule
