---METADATA---
HTTP_STATUS:200
TIME_TOTAL:3.565757
TIME_CONNECT:0.244073
SIZE_DOWNLOAD:1294
TIMESTAMP:2025-08-20 14:29:38 UTC
TRIGGER:schedule
