---METADATA---
HTTP_STATUS:200
TIME_TOTAL:3.340596
TIME_CONNECT:0.215497
SIZE_DOWNLOAD:1307
TIMESTAMP:2025-08-20 19:11:10 UTC
TRIGGER:schedule
