---METADATA---
HTTP_STATUS:200
TIME_TOTAL:3.503566
TIME_CONNECT:0.256822
SIZE_DOWNLOAD:1305
TIMESTAMP:2025-08-20 05:48:55 UTC
TRIGGER:schedule
