---METADATA---
HTTP_STATUS:200
TIME_TOTAL:3.749856
TIME_CONNECT:0.246554
SIZE_DOWNLOAD:1292
TIMESTAMP:2025-08-20 09:49:30 UTC
TRIGGER:schedule
