---METADATA---
HTTP_STATUS:200
TIME_TOTAL:3.666387
TIME_CONNECT:0.242953
SIZE_DOWNLOAD:1292
TIMESTAMP:2025-08-20 09:15:25 UTC
TRIGGER:schedule
