---METADATA---
HTTP_STATUS:200
TIME_TOTAL:3.815801
TIME_CONNECT:0.274735
SIZE_DOWNLOAD:1292
TIMESTAMP:2025-08-20 13:40:48 UTC
TRIGGER:schedule
