---METADATA---
HTTP_STATUS:200
TIME_TOTAL:3.534732
TIME_CONNECT:0.271846
SIZE_DOWNLOAD:1307
TIMESTAMP:2025-08-20 16:17:21 UTC
TRIGGER:schedule
