---METADATA---
HTTP_STATUS:200
TIME_TOTAL:3.574670
TIME_CONNECT:0.333120
SIZE_DOWNLOAD:1305
TIMESTAMP:2025-08-20 03:49:10 UTC
TRIGGER:schedule
