---METADATA---
HTTP_STATUS:200
TIME_TOTAL:3.462173
TIME_CONNECT:0.280394
SIZE_DOWNLOAD:1292
TIMESTAMP:2025-08-20 03:37:17 UTC
TRIGGER:schedule
