---METADATA---
HTTP_STATUS:200
TIME_TOTAL:3.545125
TIME_CONNECT:0.296763
SIZE_DOWNLOAD:1307
TIMESTAMP:2025-08-20 19:48:26 UTC
TRIGGER:schedule
