---METADATA---
HTTP_STATUS:200
TIME_TOTAL:1.191829
TIME_CONNECT:0.261254
SIZE_DOWNLOAD:1307
TIMESTAMP:2025-08-20 15:49:03 UTC
TRIGGER:schedule
