---METADATA---
HTTP_STATUS:200
TIME_TOTAL:3.512079
TIME_CONNECT:0.281355
SIZE_DOWNLOAD:1307
TIMESTAMP:2025-08-20 21:40:24 UTC
TRIGGER:schedule
