---METADATA---
HTTP_STATUS:200
TIME_TOTAL:3.476699
TIME_CONNECT:0.280636
SIZE_DOWNLOAD:1307
TIMESTAMP:2025-08-20 17:20:00 UTC
TRIGGER:schedule
