---METADATA---
HTTP_STATUS:200
TIME_TOTAL:3.427039
TIME_CONNECT:0.253459
SIZE_DOWNLOAD:1307
TIMESTAMP:2025-08-20 21:56:55 UTC
TRIGGER:schedule
