---METADATA---
HTTP_STATUS:200
TIME_TOTAL:3.697264
TIME_CONNECT:0.277969
SIZE_DOWNLOAD:1307
TIMESTAMP:2025-08-20 10:38:13 UTC
TRIGGER:schedule
