---METADATA---
HTTP_STATUS:200
TIME_TOTAL:3.561468
TIME_CONNECT:0.298291
SIZE_DOWNLOAD:1307
TIMESTAMP:2025-08-20 15:34:14 UTC
TRIGGER:schedule
