---METADATA---
HTTP_STATUS:200
TIME_TOTAL:3.622326
TIME_CONNECT:0.278969
SIZE_DOWNLOAD:1307
TIMESTAMP:2025-08-20 16:44:41 UTC
TRIGGER:schedule
