---METADATA---
HTTP_STATUS:200
TIME_TOTAL:3.385848
TIME_CONNECT:0.283513
SIZE_DOWNLOAD:1307
TIMESTAMP:2025-08-20 19:34:48 UTC
TRIGGER:schedule
