---METADATA---
HTTP_STATUS:200
TIME_TOTAL:3.564757
TIME_CONNECT:0.253080
SIZE_DOWNLOAD:1292
TIMESTAMP:2025-08-20 10:58:29 UTC
TRIGGER:schedule
