---METADATA---
HTTP_STATUS:200
TIME_TOTAL:3.463604
TIME_CONNECT:0.233279
SIZE_DOWNLOAD:1294
TIMESTAMP:2025-08-20 05:26:40 UTC
TRIGGER:schedule
