---METADATA---
HTTP_STATUS:200
TIME_TOTAL:3.707633
TIME_CONNECT:0.460968
SIZE_DOWNLOAD:1307
TIMESTAMP:2025-08-20 18:19:55 UTC
TRIGGER:schedule
