---METADATA---
HTTP_STATUS:200
TIME_TOTAL:3.327137
TIME_CONNECT:0.230835
SIZE_DOWNLOAD:1296
TIMESTAMP:2025-07-13 05:34:17 UTC
TRIGGER:schedule
