---METADATA---
HTTP_STATUS:200
TIME_TOTAL:3.468136
TIME_CONNECT:0.237646
SIZE_DOWNLOAD:1307
TIMESTAMP:2025-07-13 13:50:57 UTC
TRIGGER:schedule
