---METADATA---
HTTP_STATUS:200
TIME_TOTAL:3.466717
TIME_CONNECT:0.272376
SIZE_DOWNLOAD:1291
TIMESTAMP:2025-07-13 15:31:48 UTC
TRIGGER:schedule
