---METADATA---
HTTP_STATUS:200
TIME_TOTAL:3.421750
TIME_CONNECT:0.259021
SIZE_DOWNLOAD:1294
TIMESTAMP:2025-07-13 20:45:22 UTC
TRIGGER:schedule
