---METADATA---
HTTP_STATUS:200
TIME_TOTAL:3.405920
TIME_CONNECT:0.283972
SIZE_DOWNLOAD:1291
TIMESTAMP:2025-07-13 15:45:09 UTC
TRIGGER:schedule
