---METADATA---
HTTP_STATUS:200
TIME_TOTAL:3.699863
TIME_CONNECT:0.342874
SIZE_DOWNLOAD:1294
TIMESTAMP:2025-07-13 17:19:18 UTC
TRIGGER:schedule
