---METADATA---
HTTP_STATUS:200
TIME_TOTAL:3.342777
TIME_CONNECT:0.275673
SIZE_DOWNLOAD:1296
TIMESTAMP:2025-07-13 05:16:42 UTC
TRIGGER:schedule
