---METADATA---
HTTP_STATUS:200
TIME_TOTAL:1.092509
TIME_CONNECT:0.274044
SIZE_DOWNLOAD:1294
TIMESTAMP:2025-07-13 11:48:38 UTC
TRIGGER:schedule
