---METADATA---
HTTP_STATUS:200
TIME_TOTAL:3.475223
TIME_CONNECT:0.247378
SIZE_DOWNLOAD:1294
TIMESTAMP:2025-07-13 20:28:54 UTC
TRIGGER:schedule
