---METADATA---
HTTP_STATUS:200
TIME_TOTAL:3.494575
TIME_CONNECT:0.278574
SIZE_DOWNLOAD:1309
TIMESTAMP:2025-07-13 04:48:43 UTC
TRIGGER:schedule
