---METADATA---
HTTP_STATUS:200
TIME_TOTAL:3.181017
TIME_CONNECT:0.279102
SIZE_DOWNLOAD:1294
TIMESTAMP:2025-07-13 21:56:57 UTC
TRIGGER:schedule
