---METADATA---
HTTP_STATUS:200
TIME_TOTAL:1.157111
TIME_CONNECT:0.277188
SIZE_DOWNLOAD:1294
TIMESTAMP:2025-07-13 21:49:29 UTC
TRIGGER:schedule
