---METADATA---
HTTP_STATUS:200
TIME_TOTAL:3.514712
TIME_CONNECT:0.232564
SIZE_DOWNLOAD:1291
TIMESTAMP:2025-07-13 16:32:03 UTC
TRIGGER:schedule
