---METADATA---
HTTP_STATUS:200
TIME_TOTAL:7.079084
TIME_CONNECT:3.889207
SIZE_DOWNLOAD:1307
TIMESTAMP:2025-07-13 13:50:05 UTC
TRIGGER:schedule
