---METADATA---
HTTP_STATUS:200
TIME_TOTAL:3.490660
TIME_CONNECT:0.276154
SIZE_DOWNLOAD:1307
TIMESTAMP:2025-07-13 13:31:36 UTC
TRIGGER:schedule
