---METADATA---
HTTP_STATUS:200
TIME_TOTAL:3.411157
TIME_CONNECT:0.273590
SIZE_DOWNLOAD:1307
TIMESTAMP:2025-07-13 09:25:59 UTC
TRIGGER:schedule
