---METADATA---
HTTP_STATUS:200
TIME_TOTAL:3.483731
TIME_CONNECT:0.269465
SIZE_DOWNLOAD:1294
TIMESTAMP:2025-07-13 19:48:27 UTC
TRIGGER:schedule
