---METADATA---
HTTP_STATUS:200
TIME_TOTAL:3.387693
TIME_CONNECT:0.253816
SIZE_DOWNLOAD:1291
TIMESTAMP:2025-07-13 15:57:08 UTC
TRIGGER:schedule
