---METADATA---
HTTP_STATUS:200
TIME_TOTAL:3.345458
TIME_CONNECT:0.362108
SIZE_DOWNLOAD:1294
TIMESTAMP:2025-07-13 18:53:12 UTC
TRIGGER:schedule
