---METADATA---
HTTP_STATUS:200
TIME_TOTAL:3.679819
TIME_CONNECT:0.295229
SIZE_DOWNLOAD:1294
TIMESTAMP:2025-07-13 09:40:28 UTC
TRIGGER:schedule
