---METADATA---
HTTP_STATUS:200
TIME_TOTAL:3.308241
TIME_CONNECT:0.239086
SIZE_DOWNLOAD:1294
TIMESTAMP:2025-07-13 04:11:13 UTC
TRIGGER:schedule
