---METADATA---
HTTP_STATUS:200
TIME_TOTAL:3.243425
TIME_CONNECT:0.238233
SIZE_DOWNLOAD:1294
TIMESTAMP:2025-07-13 02:31:41 UTC
TRIGGER:schedule
