---METADATA---
HTTP_STATUS:200
TIME_TOTAL:3.349155
TIME_CONNECT:0.279215
SIZE_DOWNLOAD:1307
TIMESTAMP:2025-07-13 14:12:32 UTC
TRIGGER:schedule
