---METADATA---
HTTP_STATUS:200
TIME_TOTAL:3.442393
TIME_CONNECT:0.265339
SIZE_DOWNLOAD:1294
TIMESTAMP:2025-07-13 08:17:06 UTC
TRIGGER:schedule
