---METADATA---
HTTP_STATUS:200
TIME_TOTAL:1.026964
TIME_CONNECT:0.269765
SIZE_DOWNLOAD:1294
TIMESTAMP:2025-07-13 17:51:11 UTC
TRIGGER:schedule
