---METADATA---
HTTP_STATUS:200
TIME_TOTAL:3.398769
TIME_CONNECT:0.287605
SIZE_DOWNLOAD:1296
TIMESTAMP:2025-07-13 06:50:28 UTC
TRIGGER:schedule
