---METADATA---
HTTP_STATUS:200
TIME_TOTAL:3.263627
TIME_CONNECT:0.247312
SIZE_DOWNLOAD:1294
TIMESTAMP:2025-07-13 21:41:18 UTC
TRIGGER:schedule
