---METADATA---
HTTP_STATUS:200
TIME_TOTAL:0.918796
TIME_CONNECT:0.256278
SIZE_DOWNLOAD:1318
TIMESTAMP:2025-07-13 14:33:20 UTC
TRIGGER:schedule
