---METADATA---
HTTP_STATUS:200
TIME_TOTAL:3.372298
TIME_CONNECT:0.296864
SIZE_DOWNLOAD:1307
TIMESTAMP:2025-07-13 14:32:40 UTC
TRIGGER:schedule
