---METADATA---
HTTP_STATUS:200
TIME_TOTAL:3.377585
TIME_CONNECT:0.282126
SIZE_DOWNLOAD:1310
TIMESTAMP:2025-07-13 08:53:56 UTC
TRIGGER:schedule
