---METADATA---
HTTP_STATUS:200
TIME_TOTAL:3.463561
TIME_CONNECT:0.271011
SIZE_DOWNLOAD:1294
TIMESTAMP:2025-07-13 11:26:24 UTC
TRIGGER:schedule
