---METADATA---
HTTP_STATUS:200
TIME_TOTAL:3.075462
TIME_CONNECT:0.218517
SIZE_DOWNLOAD:1294
TIMESTAMP:2025-07-13 20:57:03 UTC
TRIGGER:schedule
