---METADATA---
HTTP_STATUS:200
TIME_TOTAL:3.390263
TIME_CONNECT:0.239343
SIZE_DOWNLOAD:1294
TIMESTAMP:2025-07-13 07:32:56 UTC
TRIGGER:schedule
