---METADATA---
HTTP_STATUS:200
TIME_TOTAL:3.822160
TIME_CONNECT:0.300878
SIZE_DOWNLOAD:1311
TIMESTAMP:2025-07-13 05:43:03 UTC
TRIGGER:schedule
