---METADATA---
HTTP_STATUS:200
TIME_TOTAL:3.605681
TIME_CONNECT:0.280143
SIZE_DOWNLOAD:1294
TIMESTAMP:2025-07-13 11:56:52 UTC
TRIGGER:schedule
