---METADATA---
HTTP_STATUS:200
TIME_TOTAL:3.193814
TIME_CONNECT:0.226977
SIZE_DOWNLOAD:1291
TIMESTAMP:2025-07-13 16:44:49 UTC
TRIGGER:schedule
