---METADATA---
HTTP_STATUS:200
TIME_TOTAL:1.174488
TIME_CONNECT:0.252522
SIZE_DOWNLOAD:1294
TIMESTAMP:2025-07-13 19:36:15 UTC
TRIGGER:schedule
