---METADATA---
HTTP_STATUS:200
TIME_TOTAL:3.443172
TIME_CONNECT:0.291792
SIZE_DOWNLOAD:1307
TIMESTAMP:2025-07-13 15:00:09 UTC
TRIGGER:schedule
