---METADATA---
HTTP_STATUS:200
TIME_TOTAL:3.480449
TIME_CONNECT:0.339961
SIZE_DOWNLOAD:1294
TIMESTAMP:2025-07-13 17:31:23 UTC
TRIGGER:schedule
