---METADATA---
HTTP_STATUS:200
TIME_TOTAL:3.396463
TIME_CONNECT:0.283518
SIZE_DOWNLOAD:1294
TIMESTAMP:2025-07-13 18:31:18 UTC
TRIGGER:schedule
