---METADATA---
HTTP_STATUS:200
TIME_TOTAL:3.486796
TIME_CONNECT:0.283967
SIZE_DOWNLOAD:1291
TIMESTAMP:2025-07-13 15:13:19 UTC
TRIGGER:schedule
