---METADATA---
HTTP_STATUS:200
TIME_TOTAL:3.633741
TIME_CONNECT:0.275428
SIZE_DOWNLOAD:1294
TIMESTAMP:2025-07-13 11:27:49 UTC
TRIGGER:schedule
