---METADATA---
HTTP_STATUS:200
TIME_TOTAL:3.490972
TIME_CONNECT:0.285644
SIZE_DOWNLOAD:1294
TIMESTAMP:2025-07-13 21:24:37 UTC
TRIGGER:schedule
