---METADATA---
HTTP_STATUS:200
TIME_TOTAL:3.237590
TIME_CONNECT:0.285776
SIZE_DOWNLOAD:1291
TIMESTAMP:2025-07-13 16:16:02 UTC
TRIGGER:schedule
