---METADATA---
HTTP_STATUS:200
TIME_TOTAL:3.220986
TIME_CONNECT:0.260332
SIZE_DOWNLOAD:1294
TIMESTAMP:2025-07-13 23:32:27 UTC
TRIGGER:schedule
