---METADATA---
HTTP_STATUS:200
TIME_TOTAL:3.609063
TIME_CONNECT:0.283438
SIZE_DOWNLOAD:1305
TIMESTAMP:2025-07-13 07:48:29 UTC
TRIGGER:schedule
