---METADATA---
HTTP_STATUS:200
TIME_TOTAL:3.331001
TIME_CONNECT:0.275217
SIZE_DOWNLOAD:1294
TIMESTAMP:2025-07-13 12:26:56 UTC
TRIGGER:schedule
