---METADATA---
HTTP_STATUS:200
TIME_TOTAL:3.525057
TIME_CONNECT:0.238374
SIZE_DOWNLOAD:1294
TIMESTAMP:2025-07-13 01:18:45 UTC
TRIGGER:schedule
