---METADATA---
HTTP_STATUS:200
TIME_TOTAL:3.579001
TIME_CONNECT:0.292577
SIZE_DOWNLOAD:1307
TIMESTAMP:2025-07-13 08:32:40 UTC
TRIGGER:schedule
