---METADATA---
HTTP_STATUS:200
TIME_TOTAL:3.343916
TIME_CONNECT:0.289561
SIZE_DOWNLOAD:1307
TIMESTAMP:2025-07-13 05:50:49 UTC
TRIGGER:schedule
