---METADATA---
HTTP_STATUS:200
TIME_TOTAL:3.587476
TIME_CONNECT:0.271333
SIZE_DOWNLOAD:1294
TIMESTAMP:2025-07-13 22:35:08 UTC
TRIGGER:schedule
