---METADATA---
HTTP_STATUS:200
TIME_TOTAL:3.230614
TIME_CONNECT:0.278347
SIZE_DOWNLOAD:1294
TIMESTAMP:2025-07-13 05:00:13 UTC
TRIGGER:schedule
