---METADATA---
HTTP_STATUS:200
TIME_TOTAL:3.350601
TIME_CONNECT:0.290196
SIZE_DOWNLOAD:1294
TIMESTAMP:2025-07-13 14:48:13 UTC
TRIGGER:schedule
