---METADATA---
HTTP_STATUS:200
TIME_TOTAL:3.432819
TIME_CONNECT:0.293655
SIZE_DOWNLOAD:1309
TIMESTAMP:2025-07-13 09:19:27 UTC
TRIGGER:schedule
