---METADATA---
HTTP_STATUS:200
TIME_TOTAL:3.462797
TIME_CONNECT:0.269096
SIZE_DOWNLOAD:1294
TIMESTAMP:2025-07-13 17:37:59 UTC
TRIGGER:schedule
