---METADATA---
HTTP_STATUS:200
TIME_TOTAL:3.379041
TIME_CONNECT:0.246399
SIZE_DOWNLOAD:1294
TIMESTAMP:2025-07-13 07:27:00 UTC
TRIGGER:schedule
