---METADATA---
HTTP_STATUS:200
TIME_TOTAL:3.385932
TIME_CONNECT:0.313256
SIZE_DOWNLOAD:1294
TIMESTAMP:2025-07-13 19:10:34 UTC
TRIGGER:schedule
