---METADATA---
HTTP_STATUS:200
TIME_TOTAL:3.455818
TIME_CONNECT:0.298274
SIZE_DOWNLOAD:1294
TIMESTAMP:2025-07-13 10:14:23 UTC
TRIGGER:schedule
