---METADATA---
HTTP_STATUS:200
TIME_TOTAL:3.384744
TIME_CONNECT:0.285291
SIZE_DOWNLOAD:1306
TIMESTAMP:2025-07-13 13:38:50 UTC
TRIGGER:schedule
