---METADATA---
HTTP_STATUS:200
TIME_TOTAL:3.369564
TIME_CONNECT:0.278235
SIZE_DOWNLOAD:1294
TIMESTAMP:2025-07-13 23:57:07 UTC
TRIGGER:schedule
