---METADATA---
HTTP_STATUS:200
TIME_TOTAL:3.273075
TIME_CONNECT:0.276381
SIZE_DOWNLOAD:1294
TIMESTAMP:2025-07-13 17:50:14 UTC
TRIGGER:schedule
