---METADATA---
HTTP_STATUS:200
TIME_TOTAL:3.652731
TIME_CONNECT:0.429919
SIZE_DOWNLOAD:1307
TIMESTAMP:2025-07-13 17:12:41 UTC
TRIGGER:schedule
