---METADATA---
HTTP_STATUS:200
TIME_TOTAL:3.323377
TIME_CONNECT:0.244699
SIZE_DOWNLOAD:1294
TIMESTAMP:2025-07-13 22:46:11 UTC
TRIGGER:schedule
