---METADATA---
HTTP_STATUS:200
TIME_TOTAL:3.144429
TIME_CONNECT:0.271761
SIZE_DOWNLOAD:1294
TIMESTAMP:2025-07-13 23:50:23 UTC
TRIGGER:schedule
