---METADATA---
HTTP_STATUS:200
TIME_TOTAL:3.640623
TIME_CONNECT:0.247813
SIZE_DOWNLOAD:1294
TIMESTAMP:2025-07-13 19:31:02 UTC
TRIGGER:schedule
