---METADATA---
HTTP_STATUS:200
TIME_TOTAL:3.835163
TIME_CONNECT:0.535535
SIZE_DOWNLOAD:1294
TIMESTAMP:2025-07-13 19:59:07 UTC
TRIGGER:schedule
