---METADATA---
HTTP_STATUS:200
TIME_TOTAL:3.272057
TIME_CONNECT:0.280275
SIZE_DOWNLOAD:1305
TIMESTAMP:2025-07-13 07:42:22 UTC
TRIGGER:schedule
