---METADATA---
HTTP_STATUS:200
TIME_TOTAL:3.300107
TIME_CONNECT:0.267912
SIZE_DOWNLOAD:1294
TIMESTAMP:2025-07-13 13:04:40 UTC
TRIGGER:schedule
