---METADATA---
HTTP_STATUS:200
TIME_TOTAL:3.331693
TIME_CONNECT:0.278917
SIZE_DOWNLOAD:1305
TIMESTAMP:2025-07-13 07:57:13 UTC
TRIGGER:schedule
