---METADATA---
HTTP_STATUS:200
TIME_TOTAL:3.270454
TIME_CONNECT:0.238379
SIZE_DOWNLOAD:1294
TIMESTAMP:2025-07-13 18:46:43 UTC
TRIGGER:schedule
