---METADATA---
HTTP_STATUS:200
TIME_TOTAL:3.181462
TIME_CONNECT:0.229258
SIZE_DOWNLOAD:1294
TIMESTAMP:2025-07-13 23:27:13 UTC
TRIGGER:schedule
