---METADATA---
HTTP_STATUS:200
TIME_TOTAL:3.315081
TIME_CONNECT:0.279598
SIZE_DOWNLOAD:1294
TIMESTAMP:2025-07-13 23:45:13 UTC
TRIGGER:schedule
