---METADATA---
HTTP_STATUS:200
TIME_TOTAL:0.988054
TIME_CONNECT:0.278358
SIZE_DOWNLOAD:1309
TIMESTAMP:2025-07-13 05:52:26 UTC
TRIGGER:schedule
