---METADATA---
HTTP_STATUS:200
TIME_TOTAL:3.410006
TIME_CONNECT:0.322980
SIZE_DOWNLOAD:1291
TIMESTAMP:2025-07-13 15:29:52 UTC
TRIGGER:schedule
