---METADATA---
HTTP_STATUS:200
TIME_TOTAL:3.416419
TIME_CONNECT:0.251394
SIZE_DOWNLOAD:1304
TIMESTAMP:2025-07-13 16:55:45 UTC
TRIGGER:schedule
