---METADATA---
HTTP_STATUS:200
TIME_TOTAL:3.305632
TIME_CONNECT:0.267057
SIZE_DOWNLOAD:1294
TIMESTAMP:2025-07-13 20:14:31 UTC
TRIGGER:schedule
