---METADATA---
HTTP_STATUS:200
TIME_TOTAL:3.415430
TIME_CONNECT:0.271607
SIZE_DOWNLOAD:1296
TIMESTAMP:2025-07-13 10:52:08 UTC
TRIGGER:schedule
