---METADATA---
HTTP_STATUS:200
TIME_TOTAL:1.275596
TIME_CONNECT:0.299409
SIZE_DOWNLOAD:1294
TIMESTAMP:2025-07-13 20:49:46 UTC
TRIGGER:schedule
