---METADATA---
HTTP_STATUS:200
TIME_TOTAL:3.707252
TIME_CONNECT:0.282803
SIZE_DOWNLOAD:1298
TIMESTAMP:2025-07-13 10:39:50 UTC
TRIGGER:schedule
