---METADATA---
HTTP_STATUS:200
TIME_TOTAL:3.256953
TIME_CONNECT:0.236442
SIZE_DOWNLOAD:1294
TIMESTAMP:2025-07-13 19:47:11 UTC
TRIGGER:schedule
