---METADATA---
HTTP_STATUS:200
TIME_TOTAL:3.417211
TIME_CONNECT:0.293227
SIZE_DOWNLOAD:1294
TIMESTAMP:2025-07-13 19:25:31 UTC
TRIGGER:schedule
