---METADATA---
HTTP_STATUS:200
TIME_TOTAL:3.293466
TIME_CONNECT:0.240580
SIZE_DOWNLOAD:1298
TIMESTAMP:2025-07-13 06:56:25 UTC
TRIGGER:schedule
