---METADATA---
HTTP_STATUS:200
TIME_TOTAL:3.398195
TIME_CONNECT:0.244576
SIZE_DOWNLOAD:1296
TIMESTAMP:2025-07-13 08:45:06 UTC
TRIGGER:schedule
