---METADATA---
HTTP_STATUS:200
TIME_TOTAL:3.522733
TIME_CONNECT:0.283237
SIZE_DOWNLOAD:1307
TIMESTAMP:2025-07-13 14:09:56 UTC
TRIGGER:schedule
