---METADATA---
HTTP_STATUS:200
TIME_TOTAL:3.647998
TIME_CONNECT:0.281001
SIZE_DOWNLOAD:1307
TIMESTAMP:2025-07-13 06:33:56 UTC
TRIGGER:schedule
