---METADATA---
HTTP_STATUS:200
TIME_TOTAL:3.321226
TIME_CONNECT:0.271691
SIZE_DOWNLOAD:1294
TIMESTAMP:2025-07-13 11:43:18 UTC
TRIGGER:schedule
