---METADATA---
HTTP_STATUS:200
TIME_TOTAL:3.327457
TIME_CONNECT:0.297653
SIZE_DOWNLOAD:1292
TIMESTAMP:2025-07-13 04:39:16 UTC
TRIGGER:schedule
