---METADATA---
HTTP_STATUS:200
TIME_TOTAL:3.497338
TIME_CONNECT:0.237026
SIZE_DOWNLOAD:1294
TIMESTAMP:2025-07-13 07:14:43 UTC
TRIGGER:schedule
