---METADATA---
HTTP_STATUS:200
TIME_TOTAL:3.443561
TIME_CONNECT:0.292072
SIZE_DOWNLOAD:1306
TIMESTAMP:2025-07-13 11:00:29 UTC
TRIGGER:schedule
