---METADATA---
HTTP_STATUS:200
TIME_TOTAL:3.414203
TIME_CONNECT:0.300459
SIZE_DOWNLOAD:1294
TIMESTAMP:2025-07-13 22:26:46 UTC
TRIGGER:schedule
