---METADATA---
HTTP_STATUS:200
TIME_TOTAL:3.614865
TIME_CONNECT:0.276083
SIZE_DOWNLOAD:1294
TIMESTAMP:2025-07-13 22:51:11 UTC
TRIGGER:schedule
