---METADATA---
HTTP_STATUS:200
TIME_TOTAL:3.408687
TIME_CONNECT:0.280748
SIZE_DOWNLOAD:1297
TIMESTAMP:2025-07-13 06:20:32 UTC
TRIGGER:schedule
