---METADATA---
HTTP_STATUS:200
TIME_TOTAL:3.326073
TIME_CONNECT:0.255846
SIZE_DOWNLOAD:1294
TIMESTAMP:2025-07-13 12:52:54 UTC
TRIGGER:schedule
