---METADATA---
HTTP_STATUS:200
TIME_TOTAL:0.981124
TIME_CONNECT:0.227252
SIZE_DOWNLOAD:1294
TIMESTAMP:2025-07-13 14:49:16 UTC
TRIGGER:schedule
