---METADATA---
HTTP_STATUS:200
TIME_TOTAL:3.385463
TIME_CONNECT:0.275438
SIZE_DOWNLOAD:1294
TIMESTAMP:2025-07-13 19:18:27 UTC
TRIGGER:schedule
