---METADATA---
HTTP_STATUS:200
TIME_TOTAL:1.052815
TIME_CONNECT:0.274257
SIZE_DOWNLOAD:1291
TIMESTAMP:2025-07-13 15:48:44 UTC
TRIGGER:schedule
