---METADATA---
HTTP_STATUS:200
TIME_TOTAL:3.475966
TIME_CONNECT:0.283951
SIZE_DOWNLOAD:1294
TIMESTAMP:2025-07-13 20:33:24 UTC
TRIGGER:schedule
