---METADATA---
HTTP_STATUS:200
TIME_TOTAL:3.452122
TIME_CONNECT:0.276151
SIZE_DOWNLOAD:1294
TIMESTAMP:2025-07-13 18:18:28 UTC
TRIGGER:schedule
