---METADATA---
HTTP_STATUS:200
TIME_TOTAL:3.666058
TIME_CONNECT:0.281001
SIZE_DOWNLOAD:1310
TIMESTAMP:2025-07-13 08:56:54 UTC
TRIGGER:schedule
