---METADATA---
HTTP_STATUS:200
TIME_TOTAL:3.307987
TIME_CONNECT:0.271956
SIZE_DOWNLOAD:1294
TIMESTAMP:2025-07-13 11:39:40 UTC
TRIGGER:schedule
