---METADATA---
HTTP_STATUS:200
TIME_TOTAL:3.297243
TIME_CONNECT:0.271016
SIZE_DOWNLOAD:1294
TIMESTAMP:2025-07-13 22:58:02 UTC
TRIGGER:schedule
