---METADATA---
HTTP_STATUS:200
TIME_TOTAL:3.404528
TIME_CONNECT:0.272779
SIZE_DOWNLOAD:1294
TIMESTAMP:2025-07-13 11:11:35 UTC
TRIGGER:schedule
