---METADATA---
HTTP_STATUS:200
TIME_TOTAL:3.444826
TIME_CONNECT:0.273871
SIZE_DOWNLOAD:1296
TIMESTAMP:2025-07-13 09:44:07 UTC
TRIGGER:schedule
