---METADATA---
HTTP_STATUS:200
TIME_TOTAL:3.285998
TIME_CONNECT:0.220228
SIZE_DOWNLOAD:1298
TIMESTAMP:2025-07-13 03:50:24 UTC
TRIGGER:schedule
