---METADATA---
HTTP_STATUS:200
TIME_TOTAL:1.035269
TIME_CONNECT:0.236035
SIZE_DOWNLOAD:1308
TIMESTAMP:2025-07-13 09:49:58 UTC
TRIGGER:schedule
