---METADATA---
HTTP_STATUS:200
TIME_TOTAL:3.351698
TIME_CONNECT:0.259471
SIZE_DOWNLOAD:1294
TIMESTAMP:2025-07-13 21:12:31 UTC
TRIGGER:schedule
