---METADATA---
HTTP_STATUS:200
TIME_TOTAL:3.345783
TIME_CONNECT:0.291368
SIZE_DOWNLOAD:1294
TIMESTAMP:2025-07-13 21:29:41 UTC
TRIGGER:schedule
