---METADATA---
HTTP_STATUS:200
TIME_TOTAL:3.508281
TIME_CONNECT:0.277328
SIZE_DOWNLOAD:1296
TIMESTAMP:2025-07-13 10:48:32 UTC
TRIGGER:schedule
