---METADATA---
HTTP_STATUS:200
TIME_TOTAL:3.318615
TIME_CONNECT:0.271793
SIZE_DOWNLOAD:1291
TIMESTAMP:2025-07-13 16:52:57 UTC
TRIGGER:schedule
