---METADATA---
HTTP_STATUS:200
TIME_TOTAL:3.283600
TIME_CONNECT:0.225382
SIZE_DOWNLOAD:1294
TIMESTAMP:2025-07-13 23:14:32 UTC
TRIGGER:schedule
