---METADATA---
HTTP_STATUS:200
TIME_TOTAL:3.488926
TIME_CONNECT:0.227150
SIZE_DOWNLOAD:1307
TIMESTAMP:2025-07-13 10:29:50 UTC
TRIGGER:schedule
