---METADATA---
HTTP_STATUS:200
TIME_TOTAL:3.650079
TIME_CONNECT:0.277225
SIZE_DOWNLOAD:1294
TIMESTAMP:2025-07-13 03:16:51 UTC
TRIGGER:schedule
