---METADATA---
HTTP_STATUS:200
TIME_TOTAL:3.472763
TIME_CONNECT:0.291822
SIZE_DOWNLOAD:1307
TIMESTAMP:2025-08-12 23:31:05 UTC
TRIGGER:schedule
