---METADATA---
HTTP_STATUS:200
TIME_TOTAL:3.489718
TIME_CONNECT:0.264807
SIZE_DOWNLOAD:1292
TIMESTAMP:2025-08-12 13:09:58 UTC
TRIGGER:schedule
