---METADATA---
HTTP_STATUS:200
TIME_TOTAL:3.398551
TIME_CONNECT:0.274339
SIZE_DOWNLOAD:1307
TIMESTAMP:2025-08-12 14:26:36 UTC
TRIGGER:schedule
