---METADATA---
HTTP_STATUS:200
TIME_TOTAL:3.435142
TIME_CONNECT:0.292927
SIZE_DOWNLOAD:1130
TIMESTAMP:2025-08-12 06:22:01 UTC
TRIGGER:schedule
