---METADATA---
HTTP_STATUS:200
TIME_TOTAL:3.459399
TIME_CONNECT:0.225103
SIZE_DOWNLOAD:1306
TIMESTAMP:2025-08-12 09:31:23 UTC
TRIGGER:schedule
