---METADATA---
HTTP_STATUS:200
TIME_TOTAL:3.480394
TIME_CONNECT:0.268337
SIZE_DOWNLOAD:1307
TIMESTAMP:2025-08-12 14:14:25 UTC
TRIGGER:schedule
