---METADATA---
HTTP_STATUS:200
TIME_TOTAL:3.442213
TIME_CONNECT:0.288413
SIZE_DOWNLOAD:1307
TIMESTAMP:2025-08-12 17:14:43 UTC
TRIGGER:schedule
