---METADATA---
HTTP_STATUS:200
TIME_TOTAL:3.397495
TIME_CONNECT:0.218689
SIZE_DOWNLOAD:1130
TIMESTAMP:2025-08-12 08:48:08 UTC
TRIGGER:schedule
