---METADATA---
HTTP_STATUS:200
TIME_TOTAL:3.583507
TIME_CONNECT:0.265560
SIZE_DOWNLOAD:1307
TIMESTAMP:2025-08-12 22:50:20 UTC
TRIGGER:schedule
