---METADATA---
HTTP_STATUS:200
TIME_TOTAL:3.456138
TIME_CONNECT:0.248309
SIZE_DOWNLOAD:1308
TIMESTAMP:2025-08-12 11:25:10 UTC
TRIGGER:schedule
