---METADATA---
HTTP_STATUS:200
TIME_TOTAL:3.466053
TIME_CONNECT:0.273708
SIZE_DOWNLOAD:1296
TIMESTAMP:2025-08-12 13:45:21 UTC
TRIGGER:schedule
