---METADATA---
HTTP_STATUS:200
TIME_TOTAL:3.485496
TIME_CONNECT:0.275421
SIZE_DOWNLOAD:1130
TIMESTAMP:2025-08-12 07:39:39 UTC
TRIGGER:schedule
