---METADATA---
HTTP_STATUS:200
TIME_TOTAL:3.572287
TIME_CONNECT:0.286797
SIZE_DOWNLOAD:1130
TIMESTAMP:2025-08-12 04:22:34 UTC
TRIGGER:schedule
