---METADATA---
HTTP_STATUS:200
TIME_TOTAL:3.520044
TIME_CONNECT:0.277190
SIZE_DOWNLOAD:1130
TIMESTAMP:2025-08-12 08:00:13 UTC
TRIGGER:schedule
