---METADATA---
HTTP_STATUS:200
TIME_TOTAL:3.362281
TIME_CONNECT:0.281921
SIZE_DOWNLOAD:1307
TIMESTAMP:2025-08-12 20:16:23 UTC
TRIGGER:schedule
