---METADATA---
HTTP_STATUS:200
TIME_TOTAL:3.586154
TIME_CONNECT:0.244296
SIZE_DOWNLOAD:1130
TIMESTAMP:2025-08-12 04:59:32 UTC
TRIGGER:schedule
