---METADATA---
HTTP_STATUS:200
TIME_TOTAL:3.594400
TIME_CONNECT:0.269572
SIZE_DOWNLOAD:1307
TIMESTAMP:2025-08-12 11:28:52 UTC
TRIGGER:schedule
