---METADATA---
HTTP_STATUS:200
TIME_TOTAL:3.549023
TIME_CONNECT:0.276298
SIZE_DOWNLOAD:1307
TIMESTAMP:2025-08-12 15:42:11 UTC
TRIGGER:schedule
