---METADATA---
HTTP_STATUS:200
TIME_TOTAL:3.578257
TIME_CONNECT:0.265391
SIZE_DOWNLOAD:1307
TIMESTAMP:2025-08-12 17:24:10 UTC
TRIGGER:schedule
