---METADATA---
HTTP_STATUS:200
TIME_TOTAL:3.436320
TIME_CONNECT:0.248067
SIZE_DOWNLOAD:1296
TIMESTAMP:2025-08-12 09:50:32 UTC
TRIGGER:schedule
