---METADATA---
HTTP_STATUS:200
TIME_TOTAL:3.460752
TIME_CONNECT:0.300076
SIZE_DOWNLOAD:1307
TIMESTAMP:2025-08-12 21:48:36 UTC
TRIGGER:schedule
