---METADATA---
HTTP_STATUS:200
TIME_TOTAL:3.490927
TIME_CONNECT:0.249365
SIZE_DOWNLOAD:1307
TIMESTAMP:2025-08-12 16:31:23 UTC
TRIGGER:schedule
