---METADATA---
HTTP_STATUS:200
TIME_TOTAL:3.469138
TIME_CONNECT:0.283080
SIZE_DOWNLOAD:1130
TIMESTAMP:2025-08-12 05:58:52 UTC
TRIGGER:schedule
