---METADATA---
HTTP_STATUS:200
TIME_TOTAL:3.438528
TIME_CONNECT:0.228024
SIZE_DOWNLOAD:1307
TIMESTAMP:2025-08-12 16:48:49 UTC
TRIGGER:schedule
