---METADATA---
HTTP_STATUS:200
TIME_TOTAL:3.392929
TIME_CONNECT:0.268135
SIZE_DOWNLOAD:1307
TIMESTAMP:2025-08-12 17:57:01 UTC
TRIGGER:schedule
