---METADATA---
HTTP_STATUS:200
TIME_TOTAL:3.674026
TIME_CONNECT:0.289079
SIZE_DOWNLOAD:1130
TIMESTAMP:2025-08-12 08:39:40 UTC
TRIGGER:schedule
