---METADATA---
HTTP_STATUS:200
TIME_TOTAL:3.633631
TIME_CONNECT:0.274313
SIZE_DOWNLOAD:1130
TIMESTAMP:2025-08-12 09:16:56 UTC
TRIGGER:schedule
