---METADATA---
HTTP_STATUS:200
TIME_TOTAL:3.670137
TIME_CONNECT:0.280681
SIZE_DOWNLOAD:1294
TIMESTAMP:2025-08-12 10:16:02 UTC
TRIGGER:schedule
