---METADATA---
HTTP_STATUS:200
TIME_TOTAL:3.483706
TIME_CONNECT:0.292694
SIZE_DOWNLOAD:1130
TIMESTAMP:2025-08-12 07:00:32 UTC
TRIGGER:schedule
