---METADATA---
HTTP_STATUS:200
TIME_TOTAL:3.415181
TIME_CONNECT:0.283062
SIZE_DOWNLOAD:1307
TIMESTAMP:2025-08-12 22:13:29 UTC
TRIGGER:schedule
