---METADATA---
HTTP_STATUS:200
TIME_TOTAL:3.414739
TIME_CONNECT:0.301179
SIZE_DOWNLOAD:1307
TIMESTAMP:2025-08-12 20:30:34 UTC
TRIGGER:schedule
