---METADATA---
HTTP_STATUS:200
TIME_TOTAL:3.481837
TIME_CONNECT:0.303277
SIZE_DOWNLOAD:1307
TIMESTAMP:2025-08-12 21:13:22 UTC
TRIGGER:schedule
