---METADATA---
HTTP_STATUS:200
TIME_TOTAL:3.511033
TIME_CONNECT:0.283831
SIZE_DOWNLOAD:1307
TIMESTAMP:2025-08-12 19:37:15 UTC
TRIGGER:schedule
