---METADATA---
HTTP_STATUS:200
TIME_TOTAL:3.733813
TIME_CONNECT:0.241036
SIZE_DOWNLOAD:1291
TIMESTAMP:2025-08-12 11:12:58 UTC
TRIGGER:schedule
