---METADATA---
HTTP_STATUS:200
TIME_TOTAL:3.565311
TIME_CONNECT:0.284711
SIZE_DOWNLOAD:1294
TIMESTAMP:2025-08-12 01:08:58 UTC
TRIGGER:schedule
