---METADATA---
HTTP_STATUS:200
TIME_TOTAL:3.410941
TIME_CONNECT:0.253938
SIZE_DOWNLOAD:1130
TIMESTAMP:2025-08-12 07:30:56 UTC
TRIGGER:schedule
