---METADATA---
HTTP_STATUS:200
TIME_TOTAL:1.025020
TIME_CONNECT:0.306944
SIZE_DOWNLOAD:1307
TIMESTAMP:2025-08-12 20:52:32 UTC
TRIGGER:schedule
