---METADATA---
HTTP_STATUS:200
TIME_TOTAL:3.638071
TIME_CONNECT:0.261111
SIZE_DOWNLOAD:1296
TIMESTAMP:2025-08-12 09:42:04 UTC
TRIGGER:schedule
