---METADATA---
HTTP_STATUS:200
TIME_TOTAL:3.570740
TIME_CONNECT:0.249178
SIZE_DOWNLOAD:1307
TIMESTAMP:2025-08-12 21:42:03 UTC
TRIGGER:schedule
