---METADATA---
HTTP_STATUS:200
TIME_TOTAL:3.557880
TIME_CONNECT:0.275810
SIZE_DOWNLOAD:1307
TIMESTAMP:2025-08-12 19:11:51 UTC
TRIGGER:schedule
