---METADATA---
HTTP_STATUS:200
TIME_TOTAL:3.562159
TIME_CONNECT:0.325429
SIZE_DOWNLOAD:1307
TIMESTAMP:2025-08-12 18:51:05 UTC
TRIGGER:schedule
