---METADATA---
HTTP_STATUS:200
TIME_TOTAL:3.340138
TIME_CONNECT:0.274503
SIZE_DOWNLOAD:1307
TIMESTAMP:2025-08-12 13:39:29 UTC
TRIGGER:schedule
