---METADATA---
HTTP_STATUS:200
TIME_TOTAL:3.379941
TIME_CONNECT:0.274900
SIZE_DOWNLOAD:1130
TIMESTAMP:2025-08-12 06:42:09 UTC
TRIGGER:schedule
