---METADATA---
HTTP_STATUS:200
TIME_TOTAL:3.594920
TIME_CONNECT:0.281569
SIZE_DOWNLOAD:1294
TIMESTAMP:2025-08-12 10:55:00 UTC
TRIGGER:schedule
