---METADATA---
HTTP_STATUS:200
TIME_TOTAL:1.022845
TIME_CONNECT:0.279736
SIZE_DOWNLOAD:1307
TIMESTAMP:2025-08-12 19:26:47 UTC
TRIGGER:schedule
