---METADATA---
HTTP_STATUS:200
TIME_TOTAL:3.303014
TIME_CONNECT:0.235815
SIZE_DOWNLOAD:1307
TIMESTAMP:2025-08-12 19:40:28 UTC
TRIGGER:schedule
