---METADATA---
HTTP_STATUS:200
TIME_TOTAL:3.865067
TIME_CONNECT:0.306511
SIZE_DOWNLOAD:1294
TIMESTAMP:2025-08-12 11:00:00 UTC
TRIGGER:schedule
