---METADATA---
HTTP_STATUS:200
TIME_TOTAL:3.518893
TIME_CONNECT:0.280529
SIZE_DOWNLOAD:1307
TIMESTAMP:2025-08-12 23:48:49 UTC
TRIGGER:schedule
