---METADATA---
HTTP_STATUS:200
TIME_TOTAL:3.524009
TIME_CONNECT:0.264526
SIZE_DOWNLOAD:1294
TIMESTAMP:2025-08-12 03:45:56 UTC
TRIGGER:schedule
