---METADATA---
HTTP_STATUS:200
TIME_TOTAL:3.466929
TIME_CONNECT:0.276068
SIZE_DOWNLOAD:1294
TIMESTAMP:2025-08-12 11:41:05 UTC
TRIGGER:schedule
