---METADATA---
HTTP_STATUS:200
TIME_TOTAL:3.535842
TIME_CONNECT:0.221164
SIZE_DOWNLOAD:1307
TIMESTAMP:2025-08-12 17:35:24 UTC
TRIGGER:schedule
