---METADATA---
HTTP_STATUS:200
TIME_TOTAL:3.248527
TIME_CONNECT:0.220730
SIZE_DOWNLOAD:1307
TIMESTAMP:2025-08-12 22:34:35 UTC
TRIGGER:schedule
