---METADATA---
HTTP_STATUS:200
TIME_TOTAL:3.767891
TIME_CONNECT:0.228206
SIZE_DOWNLOAD:1130
TIMESTAMP:2025-08-12 07:48:12 UTC
TRIGGER:schedule
