---METADATA---
HTTP_STATUS:200
TIME_TOTAL:3.522959
TIME_CONNECT:0.267996
SIZE_DOWNLOAD:1307
TIMESTAMP:2025-08-12 23:25:33 UTC
TRIGGER:schedule
