---METADATA---
HTTP_STATUS:200
TIME_TOTAL:3.494313
TIME_CONNECT:0.300986
SIZE_DOWNLOAD:1294
TIMESTAMP:2025-08-12 10:26:18 UTC
TRIGGER:schedule
