---METADATA---
HTTP_STATUS:200
TIME_TOTAL:1.077667
TIME_CONNECT:0.233466
SIZE_DOWNLOAD:1307
TIMESTAMP:2025-08-12 09:52:07 UTC
TRIGGER:schedule
