---METADATA---
HTTP_STATUS:200
TIME_TOTAL:3.418160
TIME_CONNECT:0.293285
SIZE_DOWNLOAD:1307
TIMESTAMP:2025-08-12 13:56:03 UTC
TRIGGER:schedule
