---METADATA---
HTTP_STATUS:200
TIME_TOTAL:3.442933
TIME_CONNECT:0.234254
SIZE_DOWNLOAD:1307
TIMESTAMP:2025-08-12 15:33:13 UTC
TRIGGER:schedule
