---METADATA---
HTTP_STATUS:200
TIME_TOTAL:3.447114
TIME_CONNECT:0.282705
SIZE_DOWNLOAD:1307
TIMESTAMP:2025-08-12 22:26:05 UTC
TRIGGER:schedule
