---METADATA---
HTTP_STATUS:200
TIME_TOTAL:3.468976
TIME_CONNECT:0.258321
SIZE_DOWNLOAD:1130
TIMESTAMP:2025-08-12 07:49:03 UTC
TRIGGER:schedule
