---METADATA---
HTTP_STATUS:200
TIME_TOTAL:3.438381
TIME_CONNECT:0.228405
SIZE_DOWNLOAD:1307
TIMESTAMP:2025-08-12 21:31:16 UTC
TRIGGER:schedule
