---METADATA---
HTTP_STATUS:200
TIME_TOTAL:3.654003
TIME_CONNECT:0.284805
SIZE_DOWNLOAD:1130
TIMESTAMP:2025-08-12 05:35:39 UTC
TRIGGER:schedule
