---METADATA---
HTTP_STATUS:200
TIME_TOTAL:3.432754
TIME_CONNECT:0.287452
SIZE_DOWNLOAD:1307
TIMESTAMP:2025-08-12 23:57:12 UTC
TRIGGER:schedule
