---METADATA---
HTTP_STATUS:200
TIME_TOTAL:3.609083
TIME_CONNECT:0.294974
SIZE_DOWNLOAD:1307
TIMESTAMP:2025-08-12 20:51:00 UTC
TRIGGER:schedule
