---METADATA---
HTTP_STATUS:200
TIME_TOTAL:3.540050
TIME_CONNECT:0.275259
SIZE_DOWNLOAD:1307
TIMESTAMP:2025-08-12 16:18:38 UTC
TRIGGER:schedule
