---METADATA---
HTTP_STATUS:200
TIME_TOTAL:3.412873
TIME_CONNECT:0.237888
SIZE_DOWNLOAD:1309
TIMESTAMP:2025-08-12 02:09:55 UTC
TRIGGER:schedule
