---METADATA---
HTTP_STATUS:200
TIME_TOTAL:3.568918
TIME_CONNECT:0.244983
SIZE_DOWNLOAD:1307
TIMESTAMP:2025-08-12 15:51:28 UTC
TRIGGER:schedule
