---METADATA---
HTTP_STATUS:200
TIME_TOTAL:3.505299
TIME_CONNECT:0.269877
SIZE_DOWNLOAD:1307
TIMESTAMP:2025-08-12 17:51:08 UTC
TRIGGER:schedule
