---METADATA---
HTTP_STATUS:200
TIME_TOTAL:3.510416
TIME_CONNECT:0.248441
SIZE_DOWNLOAD:1307
TIMESTAMP:2025-08-12 14:53:16 UTC
TRIGGER:schedule
