---METADATA---
HTTP_STATUS:200
TIME_TOTAL:3.415130
TIME_CONNECT:0.280451
SIZE_DOWNLOAD:1307
TIMESTAMP:2025-08-12 22:44:52 UTC
TRIGGER:schedule
