---METADATA---
HTTP_STATUS:200
TIME_TOTAL:3.484505
TIME_CONNECT:0.313453
SIZE_DOWNLOAD:1307
TIMESTAMP:2025-08-12 20:41:39 UTC
TRIGGER:schedule
