---METADATA---
HTTP_STATUS:200
TIME_TOTAL:3.456763
TIME_CONNECT:0.233524
SIZE_DOWNLOAD:1309
TIMESTAMP:2025-08-12 03:31:54 UTC
TRIGGER:schedule
