---METADATA---
HTTP_STATUS:200
TIME_TOTAL:3.543841
TIME_CONNECT:0.242233
SIZE_DOWNLOAD:1130
TIMESTAMP:2025-08-12 08:19:47 UTC
TRIGGER:schedule
