---METADATA---
HTTP_STATUS:200
TIME_TOTAL:3.638693
TIME_CONNECT:0.287099
SIZE_DOWNLOAD:1307
TIMESTAMP:2025-08-12 19:00:18 UTC
TRIGGER:schedule
