---METADATA---
HTTP_STATUS:200
TIME_TOTAL:3.277485
TIME_CONNECT:0.270834
SIZE_DOWNLOAD:1307
TIMESTAMP:2025-08-12 22:56:50 UTC
TRIGGER:schedule
