---METADATA---
HTTP_STATUS:200
TIME_TOTAL:3.667258
TIME_CONNECT:0.259413
SIZE_DOWNLOAD:1307
TIMESTAMP:2025-08-12 14:38:50 UTC
TRIGGER:schedule
