---METADATA---
HTTP_STATUS:200
TIME_TOTAL:4.073466
TIME_CONNECT:0.290888
SIZE_DOWNLOAD:1130
TIMESTAMP:2025-08-12 05:47:07 UTC
TRIGGER:schedule
