---METADATA---
HTTP_STATUS:200
TIME_TOTAL:3.319220
TIME_CONNECT:0.241775
SIZE_DOWNLOAD:1307
TIMESTAMP:2025-08-12 21:22:06 UTC
TRIGGER:schedule
