---METADATA---
HTTP_STATUS:200
TIME_TOTAL:3.360253
TIME_CONNECT:0.280566
SIZE_DOWNLOAD:1307
TIMESTAMP:2025-08-12 18:21:38 UTC
TRIGGER:schedule
