---METADATA---
HTTP_STATUS:200
TIME_TOTAL:3.729150
TIME_CONNECT:0.329240
SIZE_DOWNLOAD:1130
TIMESTAMP:2025-08-12 05:50:32 UTC
TRIGGER:schedule
