---METADATA---
HTTP_STATUS:200
TIME_TOTAL:3.180821
TIME_CONNECT:0.281658
SIZE_DOWNLOAD:1307
TIMESTAMP:2025-08-12 18:40:26 UTC
TRIGGER:schedule
