---METADATA---
HTTP_STATUS:200
TIME_TOTAL:3.495350
TIME_CONNECT:0.256792
SIZE_DOWNLOAD:1307
TIMESTAMP:2025-08-12 15:15:35 UTC
TRIGGER:schedule
