---METADATA---
HTTP_STATUS:200
TIME_TOTAL:3.466705
TIME_CONNECT:0.294296
SIZE_DOWNLOAD:1307
TIMESTAMP:2025-08-12 19:57:03 UTC
TRIGGER:schedule
