---METADATA---
HTTP_STATUS:200
TIME_TOTAL:3.503188
TIME_CONNECT:0.282488
SIZE_DOWNLOAD:1307
TIMESTAMP:2025-08-12 23:13:51 UTC
TRIGGER:schedule
