---METADATA---
HTTP_STATUS:200
TIME_TOTAL:3.627894
TIME_CONNECT:0.301821
SIZE_DOWNLOAD:1130
TIMESTAMP:2025-08-12 04:40:35 UTC
TRIGGER:schedule
