---METADATA---
HTTP_STATUS:200
TIME_TOTAL:3.663683
TIME_CONNECT:0.294544
SIZE_DOWNLOAD:1294
TIMESTAMP:2025-08-12 12:29:16 UTC
TRIGGER:schedule
