---METADATA---
HTTP_STATUS:200
TIME_TOTAL:3.429852
TIME_CONNECT:0.257266
SIZE_DOWNLOAD:1130
TIMESTAMP:2025-08-12 06:51:19 UTC
TRIGGER:schedule
