---METADATA---
HTTP_STATUS:200
TIME_TOTAL:3.561719
TIME_CONNECT:0.255418
SIZE_DOWNLOAD:1294
TIMESTAMP:2025-08-12 12:57:16 UTC
TRIGGER:schedule
