---METADATA---
HTTP_STATUS:200
TIME_TOTAL:3.633407
TIME_CONNECT:0.249816
SIZE_DOWNLOAD:1130
TIMESTAMP:2025-08-12 05:29:59 UTC
TRIGGER:schedule
