---METADATA---
HTTP_STATUS:200
TIME_TOTAL:3.510389
TIME_CONNECT:0.246673
SIZE_DOWNLOAD:1294
TIMESTAMP:2025-08-12 11:56:57 UTC
TRIGGER:schedule
