---METADATA---
HTTP_STATUS:200
TIME_TOTAL:3.274412
TIME_CONNECT:0.278837
SIZE_DOWNLOAD:1307
TIMESTAMP:2025-08-12 19:25:52 UTC
TRIGGER:schedule
