---METADATA---
HTTP_STATUS:200
TIME_TOTAL:3.481839
TIME_CONNECT:0.239474
SIZE_DOWNLOAD:1307
TIMESTAMP:2025-08-12 16:55:51 UTC
TRIGGER:schedule
