---METADATA---
HTTP_STATUS:200
TIME_TOTAL:3.520170
TIME_CONNECT:0.290079
SIZE_DOWNLOAD:1309
TIMESTAMP:2025-08-12 02:54:12 UTC
TRIGGER:schedule
