---METADATA---
HTTP_STATUS:200
TIME_TOTAL:3.545752
TIME_CONNECT:0.249102
SIZE_DOWNLOAD:1130
TIMESTAMP:2025-08-12 08:58:26 UTC
TRIGGER:schedule
