---METADATA---
HTTP_STATUS:200
TIME_TOTAL:3.475396
TIME_CONNECT:0.257336
SIZE_DOWNLOAD:1130
TIMESTAMP:2025-08-12 07:15:28 UTC
TRIGGER:schedule
