---METADATA---
HTTP_STATUS:200
TIME_TOTAL:3.604298
TIME_CONNECT:0.288953
SIZE_DOWNLOAD:1294
TIMESTAMP:2025-08-12 11:48:53 UTC
TRIGGER:schedule
