---METADATA---
HTTP_STATUS:200
TIME_TOTAL:3.469036
TIME_CONNECT:0.254053
SIZE_DOWNLOAD:1307
TIMESTAMP:2025-08-12 15:00:14 UTC
TRIGGER:schedule
