---METADATA---
HTTP_STATUS:200
TIME_TOTAL:3.523874
TIME_CONNECT:0.305188
SIZE_DOWNLOAD:1130
TIMESTAMP:2025-08-12 05:14:46 UTC
TRIGGER:schedule
