---METADATA---
HTTP_STATUS:200
TIME_TOTAL:3.632272
TIME_CONNECT:0.299977
SIZE_DOWNLOAD:1307
TIMESTAMP:2025-08-12 15:53:15 UTC
TRIGGER:schedule
