---METADATA---
HTTP_STATUS:200
TIME_TOTAL:3.497160
TIME_CONNECT:0.255309
SIZE_DOWNLOAD:1307
TIMESTAMP:2025-08-12 21:56:51 UTC
TRIGGER:schedule
