---METADATA---
HTTP_STATUS:200
TIME_TOTAL:3.468116
TIME_CONNECT:0.274121
SIZE_DOWNLOAD:1307
TIMESTAMP:2025-08-12 17:44:55 UTC
TRIGGER:schedule
