---METADATA---
HTTP_STATUS:200
TIME_TOTAL:1.070282
TIME_CONNECT:0.252474
SIZE_DOWNLOAD:1294
TIMESTAMP:2025-08-12 10:48:20 UTC
TRIGGER:schedule
