---METADATA---
HTTP_STATUS:200
TIME_TOTAL:3.437733
TIME_CONNECT:0.275689
SIZE_DOWNLOAD:1298
TIMESTAMP:2025-08-12 04:04:07 UTC
TRIGGER:schedule
