---METADATA---
HTTP_STATUS:200
TIME_TOTAL:3.492413
TIME_CONNECT:0.279684
SIZE_DOWNLOAD:1307
TIMESTAMP:2025-08-12 14:48:17 UTC
TRIGGER:schedule
