---METADATA---
HTTP_STATUS:200
TIME_TOTAL:3.495784
TIME_CONNECT:0.292477
SIZE_DOWNLOAD:1307
TIMESTAMP:2025-08-12 23:41:42 UTC
TRIGGER:schedule
