---METADATA---
HTTP_STATUS:200
TIME_TOTAL:3.480999
TIME_CONNECT:0.300548
SIZE_DOWNLOAD:1130
TIMESTAMP:2025-08-12 04:47:27 UTC
TRIGGER:schedule
