---METADATA---
HTTP_STATUS:200
TIME_TOTAL:3.815067
TIME_CONNECT:0.274494
SIZE_DOWNLOAD:1296
TIMESTAMP:2025-08-29 08:43:37 UTC
TRIGGER:schedule
