---METADATA---
HTTP_STATUS:200
TIME_TOTAL:3.617156
TIME_CONNECT:0.269574
SIZE_DOWNLOAD:1295
TIMESTAMP:2025-08-29 23:23:32 UTC
TRIGGER:schedule
