---METADATA---
HTTP_STATUS:200
TIME_TOTAL:3.399904
TIME_CONNECT:0.211080
SIZE_DOWNLOAD:1309
TIMESTAMP:2025-08-29 03:42:42 UTC
TRIGGER:schedule
