---METADATA---
HTTP_STATUS:200
TIME_TOTAL:3.567403
TIME_CONNECT:0.281755
SIZE_DOWNLOAD:1295
TIMESTAMP:2025-08-29 22:12:50 UTC
TRIGGER:schedule
