---METADATA---
HTTP_STATUS:200
TIME_TOTAL:3.431729
TIME_CONNECT:0.278143
SIZE_DOWNLOAD:1295
TIMESTAMP:2025-08-29 19:16:26 UTC
TRIGGER:schedule
