---METADATA---
HTTP_STATUS:200
TIME_TOTAL:3.297001
TIME_CONNECT:0.240611
SIZE_DOWNLOAD:1295
TIMESTAMP:2025-08-29 20:48:12 UTC
TRIGGER:schedule
