---METADATA---
HTTP_STATUS:200
TIME_TOTAL:1.112262
TIME_CONNECT:0.245621
SIZE_DOWNLOAD:1296
TIMESTAMP:2025-08-29 08:53:52 UTC
TRIGGER:schedule
