---METADATA---
HTTP_STATUS:200
TIME_TOTAL:3.511799
TIME_CONNECT:0.308224
SIZE_DOWNLOAD:1295
TIMESTAMP:2025-08-29 20:31:20 UTC
TRIGGER:schedule
