---METADATA---
HTTP_STATUS:200
TIME_TOTAL:3.638849
TIME_CONNECT:0.270637
SIZE_DOWNLOAD:1296
TIMESTAMP:2025-08-29 08:48:43 UTC
TRIGGER:schedule
