---METADATA---
HTTP_STATUS:200
TIME_TOTAL:1.152485
TIME_CONNECT:0.236774
SIZE_DOWNLOAD:1295
TIMESTAMP:2025-08-29 11:38:49 UTC
TRIGGER:schedule
