---METADATA---
HTTP_STATUS:200
TIME_TOTAL:1.080803
TIME_CONNECT:0.278330
SIZE_DOWNLOAD:1308
TIMESTAMP:2025-08-29 05:31:30 UTC
TRIGGER:schedule
