---METADATA---
HTTP_STATUS:200
TIME_TOTAL:3.416712
TIME_CONNECT:0.279112
SIZE_DOWNLOAD:1295
TIMESTAMP:2025-08-29 23:48:15 UTC
TRIGGER:schedule
