---METADATA---
HTTP_STATUS:200
TIME_TOTAL:1.083039
TIME_CONNECT:0.216945
SIZE_DOWNLOAD:1295
TIMESTAMP:2025-08-29 09:14:27 UTC
TRIGGER:schedule
