---METADATA---
HTTP_STATUS:200
TIME_TOTAL:1.195583
TIME_CONNECT:0.309888
SIZE_DOWNLOAD:1295
TIMESTAMP:2025-08-29 19:28:19 UTC
TRIGGER:schedule
