---METADATA---
HTTP_STATUS:200
TIME_TOTAL:3.578239
TIME_CONNECT:0.288467
SIZE_DOWNLOAD:1295
TIMESTAMP:2025-08-29 21:48:17 UTC
TRIGGER:schedule
