---METADATA---
HTTP_STATUS:200
TIME_TOTAL:3.549301
TIME_CONNECT:0.253244
SIZE_DOWNLOAD:1295
TIMESTAMP:2025-08-29 17:40:03 UTC
TRIGGER:schedule
