---METADATA---
HTTP_STATUS:200
TIME_TOTAL:3.501464
TIME_CONNECT:0.289615
SIZE_DOWNLOAD:1295
TIMESTAMP:2025-08-29 09:31:12 UTC
TRIGGER:schedule
