---METADATA---
HTTP_STATUS:200
TIME_TOTAL:1.084299
TIME_CONNECT:0.240500
SIZE_DOWNLOAD:1292
TIMESTAMP:2025-08-29 13:40:09 UTC
TRIGGER:schedule
