---METADATA---
HTTP_STATUS:200
TIME_TOTAL:3.915510
TIME_CONNECT:0.266718
SIZE_DOWNLOAD:1296
TIMESTAMP:2025-08-29 04:30:11 UTC
TRIGGER:schedule
