---METADATA---
HTTP_STATUS:200
TIME_TOTAL:3.558212
TIME_CONNECT:0.237870
SIZE_DOWNLOAD:1295
TIMESTAMP:2025-08-29 17:57:00 UTC
TRIGGER:schedule
