---METADATA---
HTTP_STATUS:200
TIME_TOTAL:3.515165
TIME_CONNECT:0.249799
SIZE_DOWNLOAD:1309
TIMESTAMP:2025-08-29 06:20:31 UTC
TRIGGER:schedule
