---METADATA---
HTTP_STATUS:200
TIME_TOTAL:3.540065
TIME_CONNECT:0.216722
SIZE_DOWNLOAD:1298
TIMESTAMP:2025-08-29 07:48:23 UTC
TRIGGER:schedule
