---METADATA---
HTTP_STATUS:200
TIME_TOTAL:3.338360
TIME_CONNECT:0.245053
SIZE_DOWNLOAD:1295
TIMESTAMP:2025-08-29 21:21:52 UTC
TRIGGER:schedule
