---METADATA---
HTTP_STATUS:200
TIME_TOTAL:1.025086
TIME_CONNECT:0.229914
SIZE_DOWNLOAD:1295
TIMESTAMP:2025-08-29 19:40:19 UTC
TRIGGER:schedule
