---METADATA---
HTTP_STATUS:200
TIME_TOTAL:3.528586
TIME_CONNECT:0.247235
SIZE_DOWNLOAD:1295
TIMESTAMP:2025-08-29 11:20:25 UTC
TRIGGER:schedule
