---METADATA---
HTTP_STATUS:200
TIME_TOTAL:3.523157
TIME_CONNECT:0.257139
SIZE_DOWNLOAD:1309
TIMESTAMP:2025-08-29 01:59:07 UTC
TRIGGER:schedule
