---METADATA---
HTTP_STATUS:200
TIME_TOTAL:3.475042
TIME_CONNECT:0.277794
SIZE_DOWNLOAD:1295
TIMESTAMP:2025-08-29 21:35:40 UTC
TRIGGER:schedule
