---METADATA---
HTTP_STATUS:200
TIME_TOTAL:3.589889
TIME_CONNECT:0.219052
SIZE_DOWNLOAD:1295
TIMESTAMP:2025-08-29 15:39:55 UTC
TRIGGER:schedule
