---METADATA---
HTTP_STATUS:200
TIME_TOTAL:3.403054
TIME_CONNECT:0.235903
SIZE_DOWNLOAD:1295
TIMESTAMP:2025-08-29 11:10:55 UTC
TRIGGER:schedule
