---METADATA---
HTTP_STATUS:200
TIME_TOTAL:3.483523
TIME_CONNECT:0.290082
SIZE_DOWNLOAD:1295
TIMESTAMP:2025-08-29 12:26:31 UTC
TRIGGER:schedule
