---METADATA---
HTTP_STATUS:200
TIME_TOTAL:3.613676
TIME_CONNECT:0.242348
SIZE_DOWNLOAD:1295
TIMESTAMP:2025-08-29 10:34:59 UTC
TRIGGER:schedule
