---METADATA---
HTTP_STATUS:200
TIME_TOTAL:3.480617
TIME_CONNECT:0.248005
SIZE_DOWNLOAD:1292
TIMESTAMP:2025-08-29 12:45:13 UTC
TRIGGER:schedule
