---METADATA---
HTTP_STATUS:200
TIME_TOTAL:3.605721
TIME_CONNECT:0.260034
SIZE_DOWNLOAD:1295
TIMESTAMP:2025-08-29 18:50:53 UTC
TRIGGER:schedule
