---METADATA---
HTTP_STATUS:200
TIME_TOTAL:3.404358
TIME_CONNECT:0.222081
SIZE_DOWNLOAD:1295
TIMESTAMP:2025-08-29 19:48:02 UTC
TRIGGER:schedule
