---METADATA---
HTTP_STATUS:200
TIME_TOTAL:1.035482
TIME_CONNECT:0.248871
SIZE_DOWNLOAD:1295
TIMESTAMP:2025-08-29 23:38:43 UTC
TRIGGER:schedule
