---METADATA---
HTTP_STATUS:200
TIME_TOTAL:3.559714
TIME_CONNECT:0.288303
SIZE_DOWNLOAD:1295
TIMESTAMP:2025-08-29 10:56:48 UTC
TRIGGER:schedule
