---METADATA---
HTTP_STATUS:200
TIME_TOTAL:3.426305
TIME_CONNECT:0.226720
SIZE_DOWNLOAD:1295
TIMESTAMP:2025-08-29 19:22:45 UTC
TRIGGER:schedule
