---METADATA---
HTTP_STATUS:200
TIME_TOTAL:1.174454
TIME_CONNECT:0.277696
SIZE_DOWNLOAD:1295
TIMESTAMP:2025-08-29 11:25:07 UTC
TRIGGER:schedule
