---METADATA---
HTTP_STATUS:200
TIME_TOTAL:3.483442
TIME_CONNECT:0.209456
SIZE_DOWNLOAD:1296
TIMESTAMP:2025-08-29 04:48:52 UTC
TRIGGER:schedule
