---METADATA---
HTTP_STATUS:200
TIME_TOTAL:3.422187
TIME_CONNECT:0.255025
SIZE_DOWNLOAD:1309
TIMESTAMP:2025-08-29 02:40:39 UTC
TRIGGER:schedule
