---METADATA---
HTTP_STATUS:200
TIME_TOTAL:3.377089
TIME_CONNECT:0.261032
SIZE_DOWNLOAD:1295
TIMESTAMP:2025-08-29 22:58:46 UTC
TRIGGER:schedule
