---METADATA---
HTTP_STATUS:200
TIME_TOTAL:3.403068
TIME_CONNECT:0.275909
SIZE_DOWNLOAD:1295
TIMESTAMP:2025-08-29 19:57:04 UTC
TRIGGER:schedule
