---METADATA---
HTTP_STATUS:200
TIME_TOTAL:3.610694
TIME_CONNECT:0.283348
SIZE_DOWNLOAD:1295
TIMESTAMP:2025-08-29 09:58:36 UTC
TRIGGER:schedule
