---METADATA---
HTTP_STATUS:200
TIME_TOTAL:3.485582
TIME_CONNECT:0.237138
SIZE_DOWNLOAD:1295
TIMESTAMP:2025-08-29 18:43:16 UTC
TRIGGER:schedule
