---METADATA---
HTTP_STATUS:200
TIME_TOTAL:1.011911
TIME_CONNECT:0.241815
SIZE_DOWNLOAD:1295
TIMESTAMP:2025-08-29 23:26:53 UTC
TRIGGER:schedule
