---METADATA---
HTTP_STATUS:200
TIME_TOTAL:3.518393
TIME_CONNECT:0.280618
SIZE_DOWNLOAD:1295
TIMESTAMP:2025-08-29 23:12:09 UTC
TRIGGER:schedule
