---METADATA---
HTTP_STATUS:200
TIME_TOTAL:3.531442
TIME_CONNECT:0.248099
SIZE_DOWNLOAD:1295
TIMESTAMP:2025-08-29 10:28:59 UTC
TRIGGER:schedule
