---METADATA---
HTTP_STATUS:200
TIME_TOTAL:3.496064
TIME_CONNECT:0.245896
SIZE_DOWNLOAD:1295
TIMESTAMP:2025-08-29 15:24:12 UTC
TRIGGER:schedule
