---METADATA---
HTTP_STATUS:200
TIME_TOTAL:3.459927
TIME_CONNECT:0.286745
SIZE_DOWNLOAD:1296
TIMESTAMP:2025-08-29 01:03:39 UTC
TRIGGER:schedule
