---METADATA---
HTTP_STATUS:200
TIME_TOTAL:3.437574
TIME_CONNECT:0.265613
SIZE_DOWNLOAD:1295
TIMESTAMP:2025-08-29 14:24:58 UTC
TRIGGER:schedule
