---METADATA---
HTTP_STATUS:200
TIME_TOTAL:3.342087
TIME_CONNECT:0.228841
SIZE_DOWNLOAD:1295
TIMESTAMP:2025-08-29 20:41:36 UTC
TRIGGER:schedule
