---METADATA---
HTTP_STATUS:200
TIME_TOTAL:3.437593
TIME_CONNECT:0.248075
SIZE_DOWNLOAD:1295
TIMESTAMP:2025-08-29 17:28:37 UTC
TRIGGER:schedule
