---METADATA---
HTTP_STATUS:200
TIME_TOTAL:3.599353
TIME_CONNECT:0.248376
SIZE_DOWNLOAD:1295
TIMESTAMP:2025-08-29 13:48:51 UTC
TRIGGER:schedule
