---METADATA---
HTTP_STATUS:200
TIME_TOTAL:3.497488
TIME_CONNECT:0.286851
SIZE_DOWNLOAD:1295
TIMESTAMP:2025-08-29 21:37:52 UTC
TRIGGER:schedule
