---METADATA---
HTTP_STATUS:200
TIME_TOTAL:3.555995
TIME_CONNECT:0.247005
SIZE_DOWNLOAD:1295
TIMESTAMP:2025-08-29 16:47:41 UTC
TRIGGER:schedule
