---METADATA---
HTTP_STATUS:200
TIME_TOTAL:3.330643
TIME_CONNECT:0.234354
SIZE_DOWNLOAD:1309
TIMESTAMP:2025-08-29 03:07:26 UTC
TRIGGER:schedule
