---METADATA---
HTTP_STATUS:200
TIME_TOTAL:3.544060
TIME_CONNECT:0.241679
SIZE_DOWNLOAD:1295
TIMESTAMP:2025-08-29 10:44:36 UTC
TRIGGER:schedule
