---METADATA---
HTTP_STATUS:200
TIME_TOTAL:3.489076
TIME_CONNECT:0.221219
SIZE_DOWNLOAD:1307
TIMESTAMP:2025-08-29 05:47:12 UTC
TRIGGER:schedule
