---METADATA---
HTTP_STATUS:200
TIME_TOTAL:3.524627
TIME_CONNECT:0.246195
SIZE_DOWNLOAD:1295
TIMESTAMP:2025-08-29 14:12:55 UTC
TRIGGER:schedule
