---METADATA---
HTTP_STATUS:200
TIME_TOTAL:1.020117
TIME_CONNECT:0.270778
SIZE_DOWNLOAD:1295
TIMESTAMP:2025-08-29 21:49:42 UTC
TRIGGER:schedule
