---METADATA---
HTTP_STATUS:200
TIME_TOTAL:3.407803
TIME_CONNECT:0.273361
SIZE_DOWNLOAD:1309
TIMESTAMP:2025-08-29 03:46:49 UTC
TRIGGER:schedule
