---METADATA---
HTTP_STATUS:200
TIME_TOTAL:3.378297
TIME_CONNECT:0.221787
SIZE_DOWNLOAD:1298
TIMESTAMP:2025-08-29 07:50:54 UTC
TRIGGER:schedule
