---METADATA---
HTTP_STATUS:200
TIME_TOTAL:1.068493
TIME_CONNECT:0.275802
SIZE_DOWNLOAD:1296
TIMESTAMP:2025-08-29 05:13:20 UTC
TRIGGER:schedule
