---METADATA---
HTTP_STATUS:200
TIME_TOTAL:3.493714
TIME_CONNECT:0.291106
SIZE_DOWNLOAD:1295
TIMESTAMP:2025-08-29 11:48:22 UTC
TRIGGER:schedule
