---METADATA---
HTTP_STATUS:200
TIME_TOTAL:3.347389
TIME_CONNECT:0.253476
SIZE_DOWNLOAD:1295
TIMESTAMP:2025-08-29 23:36:04 UTC
TRIGGER:schedule
