---METADATA---
HTTP_STATUS:200
TIME_TOTAL:3.341928
TIME_CONNECT:0.235976
SIZE_DOWNLOAD:1295
TIMESTAMP:2025-08-29 17:23:48 UTC
TRIGGER:schedule
