---METADATA---
HTTP_STATUS:200
TIME_TOTAL:3.311073
TIME_CONNECT:0.245035
SIZE_DOWNLOAD:1295
TIMESTAMP:2025-08-29 09:46:54 UTC
TRIGGER:schedule
