---METADATA---
HTTP_STATUS:200
TIME_TOTAL:3.379698
TIME_CONNECT:0.226516
SIZE_DOWNLOAD:1298
TIMESTAMP:2025-08-29 08:17:40 UTC
TRIGGER:schedule
