---METADATA---
HTTP_STATUS:200
TIME_TOTAL:3.335854
TIME_CONNECT:0.221201
SIZE_DOWNLOAD:1295
TIMESTAMP:2025-08-29 15:11:30 UTC
TRIGGER:schedule
