---METADATA---
HTTP_STATUS:200
TIME_TOTAL:3.329269
TIME_CONNECT:0.267765
SIZE_DOWNLOAD:1295
TIMESTAMP:2025-08-29 19:10:26 UTC
TRIGGER:schedule
