---METADATA---
HTTP_STATUS:200
TIME_TOTAL:3.525804
TIME_CONNECT:0.270845
SIZE_DOWNLOAD:1308
TIMESTAMP:2025-08-29 05:31:16 UTC
TRIGGER:schedule
