---METADATA---
HTTP_STATUS:200
TIME_TOTAL:3.497286
TIME_CONNECT:0.252344
SIZE_DOWNLOAD:1296
TIMESTAMP:2025-08-29 06:53:25 UTC
TRIGGER:schedule
