---METADATA---
HTTP_STATUS:200
TIME_TOTAL:3.370325
TIME_CONNECT:0.237165
SIZE_DOWNLOAD:1295
TIMESTAMP:2025-08-29 11:50:29 UTC
TRIGGER:schedule
