---METADATA---
HTTP_STATUS:200
TIME_TOTAL:3.341108
TIME_CONNECT:0.230803
SIZE_DOWNLOAD:1295
TIMESTAMP:2025-08-29 22:30:51 UTC
TRIGGER:schedule
