---METADATA---
HTTP_STATUS:200
TIME_TOTAL:3.499387
TIME_CONNECT:0.248451
SIZE_DOWNLOAD:1309
TIMESTAMP:2025-08-29 07:21:13 UTC
TRIGGER:schedule
