---METADATA---
HTTP_STATUS:200
TIME_TOTAL:3.534070
TIME_CONNECT:0.294309
SIZE_DOWNLOAD:1307
TIMESTAMP:2025-08-29 13:02:14 UTC
TRIGGER:schedule
