---METADATA---
HTTP_STATUS:200
TIME_TOTAL:0.933774
TIME_CONNECT:0.235298
SIZE_DOWNLOAD:1307
TIMESTAMP:2025-08-29 05:48:03 UTC
TRIGGER:schedule
