---METADATA---
HTTP_STATUS:200
TIME_TOTAL:1.017521
TIME_CONNECT:0.273961
SIZE_DOWNLOAD:1295
TIMESTAMP:2025-08-29 09:32:02 UTC
TRIGGER:schedule
