---METADATA---
HTTP_STATUS:200
TIME_TOTAL:3.444696
TIME_CONNECT:0.232854
SIZE_DOWNLOAD:1296
TIMESTAMP:2025-08-29 05:08:53 UTC
TRIGGER:schedule
