---METADATA---
HTTP_STATUS:200
TIME_TOTAL:3.572183
TIME_CONNECT:0.287858
SIZE_DOWNLOAD:1294
TIMESTAMP:2025-08-29 13:17:07 UTC
TRIGGER:schedule
