---METADATA---
HTTP_STATUS:200
TIME_TOTAL:1.189252
TIME_CONNECT:0.291965
SIZE_DOWNLOAD:1295
TIMESTAMP:2025-08-29 10:48:29 UTC
TRIGGER:schedule
