---METADATA---
HTTP_STATUS:200
TIME_TOTAL:3.478467
TIME_CONNECT:0.284052
SIZE_DOWNLOAD:1296
TIMESTAMP:2025-08-29 04:41:19 UTC
TRIGGER:schedule
