---METADATA---
HTTP_STATUS:200
TIME_TOTAL:3.527428
TIME_CONNECT:0.262583
SIZE_DOWNLOAD:1296
TIMESTAMP:2025-08-29 03:57:09 UTC
TRIGGER:schedule
