---METADATA---
HTTP_STATUS:200
TIME_TOTAL:3.325484
TIME_CONNECT:0.275054
SIZE_DOWNLOAD:1295
TIMESTAMP:2025-08-29 22:47:02 UTC
TRIGGER:schedule
