---METADATA---
HTTP_STATUS:200
TIME_TOTAL:3.522912
TIME_CONNECT:0.258711
SIZE_DOWNLOAD:1295
TIMESTAMP:2025-08-29 10:13:58 UTC
TRIGGER:schedule
