---METADATA---
HTTP_STATUS:200
TIME_TOTAL:3.527005
TIME_CONNECT:0.284793
SIZE_DOWNLOAD:1295
TIMESTAMP:2025-08-29 15:52:06 UTC
TRIGGER:schedule
