---METADATA---
HTTP_STATUS:200
TIME_TOTAL:3.368327
TIME_CONNECT:0.274948
SIZE_DOWNLOAD:1295
TIMESTAMP:2025-08-29 17:48:15 UTC
TRIGGER:schedule
