---METADATA---
HTTP_STATUS:200
TIME_TOTAL:1.062408
TIME_CONNECT:0.274352
SIZE_DOWNLOAD:1295
TIMESTAMP:2025-08-29 16:53:23 UTC
TRIGGER:schedule
