---METADATA---
HTTP_STATUS:200
TIME_TOTAL:3.451988
TIME_CONNECT:0.318871
SIZE_DOWNLOAD:1295
TIMESTAMP:2025-08-29 21:26:25 UTC
TRIGGER:schedule
