---METADATA---
HTTP_STATUS:200
TIME_TOTAL:3.399937
TIME_CONNECT:0.212794
SIZE_DOWNLOAD:1295
TIMESTAMP:2025-08-29 17:11:49 UTC
TRIGGER:schedule
