---METADATA---
HTTP_STATUS:200
TIME_TOTAL:3.542067
TIME_CONNECT:0.272236
SIZE_DOWNLOAD:1296
TIMESTAMP:2025-08-29 04:50:26 UTC
TRIGGER:schedule
