---METADATA---
HTTP_STATUS:200
TIME_TOTAL:3.605351
TIME_CONNECT:0.276294
SIZE_DOWNLOAD:1308
TIMESTAMP:2025-08-29 07:39:06 UTC
TRIGGER:schedule
