---METADATA---
HTTP_STATUS:200
TIME_TOTAL:3.533826
TIME_CONNECT:0.222170
SIZE_DOWNLOAD:1295
TIMESTAMP:2025-08-29 09:08:49 UTC
TRIGGER:schedule
