---METADATA---
HTTP_STATUS:200
TIME_TOTAL:3.362000
TIME_CONNECT:0.233562
SIZE_DOWNLOAD:1298
TIMESTAMP:2025-08-29 08:29:19 UTC
TRIGGER:schedule
