---METADATA---
HTTP_STATUS:200
TIME_TOTAL:3.687093
TIME_CONNECT:0.260405
SIZE_DOWNLOAD:1311
TIMESTAMP:2025-08-29 06:37:45 UTC
TRIGGER:schedule
