---METADATA---
HTTP_STATUS:200
TIME_TOTAL:3.377778
TIME_CONNECT:0.216868
SIZE_DOWNLOAD:1295
TIMESTAMP:2025-08-29 14:57:06 UTC
TRIGGER:schedule
