---METADATA---
HTTP_STATUS:200
TIME_TOTAL:3.578280
TIME_CONNECT:0.288205
SIZE_DOWNLOAD:1295
TIMESTAMP:2025-08-29 16:16:13 UTC
TRIGGER:schedule
