---METADATA---
HTTP_STATUS:200
TIME_TOTAL:3.497355
TIME_CONNECT:0.282137
SIZE_DOWNLOAD:1294
TIMESTAMP:2025-08-29 05:58:56 UTC
TRIGGER:schedule
