---METADATA---
HTTP_STATUS:200
TIME_TOTAL:3.412808
TIME_CONNECT:0.247400
SIZE_DOWNLOAD:1295
TIMESTAMP:2025-08-29 11:35:34 UTC
TRIGGER:schedule
