---METADATA---
HTTP_STATUS:200
TIME_TOTAL:3.300390
TIME_CONNECT:0.210584
SIZE_DOWNLOAD:1296
TIMESTAMP:2025-08-29 04:16:50 UTC
TRIGGER:schedule
