---METADATA---
HTTP_STATUS:200
TIME_TOTAL:3.356055
TIME_CONNECT:0.212973
SIZE_DOWNLOAD:1295
TIMESTAMP:2025-08-29 18:52:31 UTC
TRIGGER:schedule
