---METADATA---
HTTP_STATUS:200
TIME_TOTAL:1.074213
TIME_CONNECT:0.288323
SIZE_DOWNLOAD:1295
TIMESTAMP:2025-08-29 22:48:15 UTC
TRIGGER:schedule
