---METADATA---
HTTP_STATUS:200
TIME_TOTAL:3.493380
TIME_CONNECT:0.289270
SIZE_DOWNLOAD:1295
TIMESTAMP:2025-08-29 16:27:29 UTC
TRIGGER:schedule
