---METADATA---
HTTP_STATUS:200
TIME_TOTAL:3.335496
TIME_CONNECT:0.232025
SIZE_DOWNLOAD:1295
TIMESTAMP:2025-08-29 18:32:57 UTC
TRIGGER:schedule
