---METADATA---
HTTP_STATUS:200
TIME_TOTAL:3.566283
TIME_CONNECT:0.274660
SIZE_DOWNLOAD:1295
TIMESTAMP:2025-08-29 14:42:40 UTC
TRIGGER:schedule
