---METADATA---
HTTP_STATUS:200
TIME_TOTAL:3.607229
TIME_CONNECT:0.290212
SIZE_DOWNLOAD:1298
TIMESTAMP:2025-08-29 07:29:12 UTC
TRIGGER:schedule
