---METADATA---
HTTP_STATUS:200
TIME_TOTAL:1.167578
TIME_CONNECT:0.281524
SIZE_DOWNLOAD:1295
TIMESTAMP:2025-08-29 15:48:06 UTC
TRIGGER:schedule
