---METADATA---
HTTP_STATUS:200
TIME_TOTAL:3.567017
TIME_CONNECT:0.231903
SIZE_DOWNLOAD:1292
TIMESTAMP:2025-08-29 13:36:03 UTC
TRIGGER:schedule
