---METADATA---
HTTP_STATUS:200
TIME_TOTAL:3.336042
TIME_CONNECT:0.274479
SIZE_DOWNLOAD:1295
TIMESTAMP:2025-08-29 20:56:53 UTC
TRIGGER:schedule
