---METADATA---
HTTP_STATUS:200
TIME_TOTAL:3.405351
TIME_CONNECT:0.260018
SIZE_DOWNLOAD:1295
TIMESTAMP:2025-08-29 16:43:47 UTC
TRIGGER:schedule
