---METADATA---
HTTP_STATUS:200
TIME_TOTAL:3.746649
TIME_CONNECT:0.278569
SIZE_DOWNLOAD:1295
TIMESTAMP:2025-08-29 07:13:21 UTC
TRIGGER:schedule
