---METADATA---
HTTP_STATUS:200
TIME_TOTAL:3.466257
TIME_CONNECT:0.293821
SIZE_DOWNLOAD:1295
TIMESTAMP:2025-08-29 16:59:40 UTC
TRIGGER:schedule
