---METADATA---
HTTP_STATUS:200
TIME_TOTAL:3.586337
TIME_CONNECT:0.284287
SIZE_DOWNLOAD:1295
TIMESTAMP:2025-08-29 09:48:07 UTC
TRIGGER:schedule
