---METADATA---
HTTP_STATUS:200
TIME_TOTAL:3.372495
TIME_CONNECT:0.288241
SIZE_DOWNLOAD:1295
TIMESTAMP:2025-08-29 20:26:32 UTC
TRIGGER:schedule
