---METADATA---
HTTP_STATUS:200
TIME_TOTAL:3.365372
TIME_CONNECT:0.242176
SIZE_DOWNLOAD:1295
TIMESTAMP:2025-08-29 23:50:43 UTC
TRIGGER:schedule
