---METADATA---
HTTP_STATUS:200
TIME_TOTAL:3.530621
TIME_CONNECT:0.241204
SIZE_DOWNLOAD:1295
TIMESTAMP:2025-08-29 21:11:49 UTC
TRIGGER:schedule
