---METADATA---
HTTP_STATUS:200
TIME_TOTAL:3.440494
TIME_CONNECT:0.285951
SIZE_DOWNLOAD:1295
TIMESTAMP:2025-08-29 19:34:53 UTC
TRIGGER:schedule
