---METADATA---
HTTP_STATUS:200
TIME_TOTAL:3.533156
TIME_CONNECT:0.283396
SIZE_DOWNLOAD:1295
TIMESTAMP:2025-08-29 15:28:54 UTC
TRIGGER:schedule
