---METADATA---
HTTP_STATUS:200
TIME_TOTAL:3.563754
TIME_CONNECT:0.338211
SIZE_DOWNLOAD:1295
TIMESTAMP:2025-08-29 13:56:59 UTC
TRIGGER:schedule
