---METADATA---
HTTP_STATUS:200
TIME_TOTAL:3.512804
TIME_CONNECT:0.300592
SIZE_DOWNLOAD:1295
TIMESTAMP:2025-08-29 14:32:27 UTC
TRIGGER:schedule
