---METADATA---
HTTP_STATUS:200
TIME_TOTAL:3.566607
TIME_CONNECT:0.227002
SIZE_DOWNLOAD:1295
TIMESTAMP:2025-08-29 14:48:27 UTC
TRIGGER:schedule
