---METADATA---
HTTP_STATUS:200
TIME_TOTAL:3.435055
TIME_CONNECT:0.229822
SIZE_DOWNLOAD:1309
TIMESTAMP:2025-08-29 03:24:39 UTC
TRIGGER:schedule
