---METADATA---
HTTP_STATUS:200
TIME_TOTAL:3.553936
TIME_CONNECT:0.284289
SIZE_DOWNLOAD:1296
TIMESTAMP:2025-08-29 06:46:30 UTC
TRIGGER:schedule
