---METADATA---
HTTP_STATUS:200
TIME_TOTAL:3.520076
TIME_CONNECT:0.252061
SIZE_DOWNLOAD:1295
TIMESTAMP:2025-08-29 18:18:38 UTC
TRIGGER:schedule
