---METADATA---
HTTP_STATUS:200
TIME_TOTAL:3.410307
TIME_CONNECT:0.279711
SIZE_DOWNLOAD:1295
TIMESTAMP:2025-08-29 22:09:30 UTC
TRIGGER:schedule
