---METADATA---
HTTP_STATUS:200
TIME_TOTAL:3.417960
TIME_CONNECT:0.263127
SIZE_DOWNLOAD:1295
TIMESTAMP:2025-08-29 20:14:23 UTC
TRIGGER:schedule
